903	 329	 343	 344	 347	 349	 351	 352	 354	 354	 367	 372	 385	 386	 392	 395	 404	 406	 416	 419	
-345	 259	 187	 253	 315	 340	 342	 344	 346	 347	 348	 359	 360	 360	 363	 370	 371	 373	 374	 376	
198	 169	 68	 153	 130	 165	 296	 265	 347	 345	 355	 356	 356	 357	 357	 358	 361	 361	 370	 372	
198	 12	 198	 107	 181	 180	 210	 212	 306	 292	 304	 308	 345	 345	 347	 350	 352	 353	 358	 359	
198	 -2	 169	 222	 215	 248	 250	 268	 275	 293	 293	 300	 339	 352	 353	 355	 355	 356	 357	 358	
-345	 -23	 78	 41	 90	 73	 114	 109	 270	 358	 357	 358	 359	 359	 359	 360	 360	 360	 363	 545	
198	 217	 94	 193	 153	 194	 281	 310	 311	 317	 324	 351	 351	 352	 353	 354	 358	 360	 360	 361	
198	 26	 70	 89	 122	 123	 137	 182	 194	 205	 230	 230	 270	 280	 295	 300	 304	 320	 327	 331	
198	 19	 11	 44	 65	 232	 158	 225	 230	 276	 270	 287	 289	 298	 309	 345	 344	 347	 350	 354	
198	 272	 158	 251	 220	 246	 249	 257	 303	 324	 355	 355	 356	 357	 357	 358	 358	 358	 360	 361	
198	 77	 28	 118	 86	 127	 147	 226	 209	 232	 272	 269	 277	 297	 302	 307	 320	 338	 340	 343	
198	 2	 23	 32	 60	 84	 94	 210	 216	 233	 238	 246	 261	 268	 281	 294	 300	 333	 342	 344	
198	 33	 18	 79	 53	 162	 118	 275	 1066	 930	 1000	 995	 1004	 1017	 1019	 1040	 1041	 1061	 2400	 2385	
903	 -16	 234	 115	 229	 185	 236	 229	 244	 292	 335	 334	 343	 344	 349	 350	 352	 353	 354	 357	
198	 33	 21	 70	 66	 89	 219	 172	 225	 221	 238	 256	 261	 278	 286	 291	 333	 333	 338	 342	
198	 29	 27	 56	 76	 86	 257	 210	 244	 250	 260	 276	 284	 292	 304	 308	 346	 347	 349	 351	
903	 1035	 718	 973	 861	 944	 917	 943	 940	 957	 1778	 2128	 1804	 2239	 1955	 2300	 2064	 2326	 2163	 2345	
198	 5	 17	 334	 325	 341	 344	 345	 349	 350	 351	 352	 353	 363	 368	 373	 376	 377	 383	 384	
198	 2	 6	 64	 40	 84	 353	 343	 361	 363	 364	 364	 364	 366	 367	 368	 678	 483	 1029	 872	
198	 100	 59	 107	 120	 160	 153	 168	 258	 238	 295	 290	 305	 308	 319	 329	 331	 333	 348	 349	
-345	 2524	 2401	 2401	 2401	 2401	 2401	 2401	 2401	 2401	 2401	 3066	 3066	 3066	 3066	 3066	 3066	 3066	 3066	 3066	
198	 9	 25	 37	 124	 145	 153	 168	 199	 210	 221	 229	 246	 252	 294	 311	 314	 319	 329	 334	
-345	 357	 360	 360	 360	 362	 362	 362	 363	 363	 364	 775	 854	 816	 861	 911	 894	 917	 931	 938	
198	 70	 26	 224	 134	 197	 187	 232	 3066	 3066	 3066	 3066	 3066	 3066	 3066	 3066	 3066	 3066	 3066	 3066	
198	 40	 88	 74	 125	 114	 140	 168	 179	 194	 215	 227	 271	 266	 286	 290	 296	 311	 317	 322	
198	 70	 22	 188	 294	 294	 303	 306	 319	 322	 336	 338	 339	 351	 359	 360	 360	 360	 361	 361	
198	 60	 22	 86	 72	 114	 102	 129	 179	 256	 258	 275	 277	 291	 298	 307	 310	 315	 330	 347	
-443	 236	 124	 257	 237	 277	 275	 289	 291	 294	 330	 345	 348	 354	 355	 357	 357	 358	 358	 358	
198	 50	 33	 65	 66	 108	 119	 200	 185	 208	 229	 242	 254	 260	 269	 286	 296	 323	 326	 330	
198	 19	 55	 106	 88	 141	 164	 173	 187	 202	 216	 225	 257	 282	 282	 298	 314	 318	 322	 328	
198	 2	 263	 149	 233	 326	 318	 324	 341	 346	 347	 348	 359	 359	 359	 364	 364	 365	 369	 373	
198	 22	 8	 73	 71	 124	 124	 174	 159	 233	 224	 240	 241	 269	 280	 298	 305	 319	 321	 336	
198	 22	 46	 177	 145	 178	 189	 198	 228	 234	 255	 256	 280	 323	 328	 330	 336	 338	 343	 346	
903	 351	 353	 354	 355	 355	 357	 360	 361	 361	 617	 464	 639	 520	 628	 568	 688	 811	 729	 838	
198	 19	 24	 72	 59	 126	 132	 143	 171	 193	 196	 218	 228	 254	 255	 283	 296	 298	 310	 320	
-1092	 -236	 -259	 -38	 317	 253	 316	 307	 318	 322	 335	 337	 339	 346	 358	 359	 360	 360	 361	 361	
198	 80	 29	 154	 88	 183	 165	 201	 212	 220	 232	 275	 269	 306	 304	 320	 327	 332	 337	 339	
-345	 195	 208	 213	 354	 352	 353	 354	 355	 356	 356	 360	 362	 362	 420	 415	 421	 434	 440	 446	
198	 33	 21	 57	 56	 244	 168	 225	 227	 263	 260	 283	 286	 295	 301	 344	 343	 345	 348	 352	
198	 169	 129	 176	 171	 182	 211	 294	 295	 300	 335	 339	 347	 348	 350	 351	 353	 358	 359	 359	
-488	 341	 -53	 214	 326	 311	 319	 348	 348	 350	 355	 356	 358	 358	 365	 365	 366	 379	 380	 384	
198	 40	 20	 58	 62	 89	 106	 186	 171	 198	 213	 228	 234	 246	 258	 269	 282	 313	 317	 322	
-345	 76	 79	 103	 346	 329	 337	 340	 342	 345	 347	 354	 355	 356	 365	 366	 368	 369	 370	 372	
198	 2	 30	 58	 58	 120	 121	 209	 175	 232	 217	 237	 252	 270	 274	 298	 306	 330	 330	 338	
-443	 102	 91	 231	 167	 258	 236	 254	 300	 302	 331	 331	 345	 352	 352	 356	 356	 357	 359	 359	
198	 33	 28	 72	 75	 103	 113	 137	 149	 165	 180	 200	 212	 233	 244	 257	 267	 279	 288	 296	
198	 143	 59	 129	 108	 149	 397	 379	 384	 388	 403	 429	 430	 435	 444	 454	 1070	 1065	 1066	 1067	
217	 359	 329	 336	 344	 346	 350	 350	 351	 356	 375	 377	 380	 383	 394	 397	 408	 409	 414	 457	
198	 19	 145	 85	 143	 130	 204	 180	 357	 354	 355	 356	 359	 359	 359	 359	 360	 361	 420	 412	
-345	 137	 100	 179	 161	 212	 323	 310	 324	 326	 328	 351	 351	 354	 355	 356	 361	 361	 361	 362	
198	 5	 20	 23	 160	 173	 231	 273	 302	 300	 309	 311	 318	 320	 343	 350	 354	 357	 359	 359	
198	 93	 110	 219	 203	 235	 244	 250	 255	 277	 311	 309	 330	 346	 349	 351	 353	 354	 354	 356	
198	 9	 118	 90	 339	 334	 338	 340	 342	 344	 346	 347	 354	 356	 363	 366	 367	 369	 370	 370	
198	 29	 129	 79	 132	 122	 172	 163	 197	 336	 328	 332	 347	 347	 349	 350	 353	 354	 355	 361	
198	 16	 13	 291	 238	 270	 269	 302	 301	 314	 319	 323	 326	 356	 358	 358	 358	 359	 360	 360	
198	 26	 37	 60	 67	 85	 146	 201	 187	 216	 223	 239	 255	 265	 273	 280	 306	 328	 329	 334	
198	 9	 11	 318	 249	 287	 339	 340	 342	 345	 346	 348	 349	 361	 361	 361	 367	 369	 370	 371	
198	 19	 69	 78	 104	 366	 363	 363	 364	 365	 366	 367	 370	 373	 376	 1062	 905	 990	 973	 989	
198	 22	 32	 79	 158	 127	 172	 168	 194	 206	 214	 234	 248	 270	 308	 306	 315	 320	 326	 331	
903	 83	 229	 174	 217	 208	 230	 284	 295	 303	 350	 349	 351	 353	 353	 354	 355	 358	 359	 359	
198	 16	 34	 38	 118	 134	 171	 175	 196	 202	 216	 227	 247	 248	 287	 304	 315	 321	 326	 330	
198	 12	 221	 117	 348	 332	 342	 358	 359	 359	 359	 360	 363	 363	 416	 408	 432	 691	 522	 666	
198	 16	 10	 82	 82	 120	 348	 334	 338	 344	 345	 348	 349	 352	 354	 356	 366	 367	 367	 370	
198	 252	 122	 219	 200	 228	 241	 285	 281	 289	 340	 346	 347	 349	 351	 353	 354	 357	 357	 358	
198	 2	 23	 22	 230	 165	 228	 210	 364	 366	 367	 368	 369	 370	 399	 406	 415	 418	 1061	 991	
-345	 190	 146	 188	 268	 267	 281	 285	 299	 302	 308	 349	 349	 351	 357	 358	 358	 358	 359	 359	
198	 19	 14	 59	 114	 109	 157	 160	 181	 188	 202	 216	 223	 245	 280	 284	 301	 309	 314	 319	
198	 19	 35	 64	 94	 103	 116	 162	 155	 186	 195	 205	 228	 243	 264	 271	 278	 299	 302	 311	
198	 43	 28	 134	 102	 156	 169	 189	 191	 209	 240	 237	 254	 292	 297	 308	 320	 325	 327	 332	
1614	 360	 301	 325	 328	 333	 335	 342	 356	 356	 370	 371	 372	 376	 379	 382	 384	 393	 468	 451	
-345	 39	 65	 100	 166	 143	 190	 205	 207	 303	 287	 321	 319	 330	 342	 343	 347	 350	 351	 357	
198	 113	 47	 118	 182	 176	 203	 206	 225	 234	 291	 285	 295	 302	 330	 333	 337	 340	 343	 345	
198	 12	 15	 51	 325	 278	 308	 308	 325	 327	 330	 334	 337	 341	 360	 360	 361	 361	 362	 362	
-345	 11	 67	 102	 91	 148	 127	 193	 288	 294	 300	 320	 322	 335	 336	 342	 343	 349	 357	 358	
198	 19	 38	 24	 65	 53	 111	 85	 131	 354	 347	 350	 352	 352	 353	 354	 356	 356	 357	 374	
198	 80	 93	 110	 118	 177	 199	 226	 227	 237	 282	 276	 307	 308	 314	 329	 338	 343	 345	 346	
-345	 -2	 56	 46	 128	 89	 131	 144	 214	 219	 236	 260	 260	 274	 300	 300	 305	 316	 334	 340	
198	 70	 39	 78	 101	 102	 123	 331	 305	 319	 331	 335	 339	 340	 345	 346	 348	 360	 360	 361	
198	 9	 99	 53	 111	 111	 312	 268	 291	 544	 441	 499	 540	 526	 557	 568	 885	 641	 869	 1100	
198	 40	 1070	 1029	 1046	 1047	 1057	 1058	 1059	 1060	 1062	 1064	 2401	 2401	 2401	 2401	 2401	 2401	 2401	 2401	
-345	 338	 299	 343	 342	 346	 347	 357	 358	 358	 360	 378	 378	 415	 411	 425	 426	 584	 493	 581	
198	 22	 171	 93	 172	 148	 202	 192	 265	 251	 269	 277	 329	 326	 332	 335	 341	 343	 351	 352	
198	 29	 13	 62	 65	 87	 360	 359	 360	 360	 360	 361	 361	 362	 362	 363	 875	 492	 858	 602	
198	 26	 16	 61	 56	 86	 98	 175	 150	 213	 206	 227	 231	 251	 258	 269	 280	 310	 311	 325	
-345	 360	 356	 357	 362	 362	 363	 363	 368	 374	 375	 1025	 644	 953	 1010	 1003	 1009	 1015	 1047	 1055	
198	 22	 25	 40	 64	 81	 168	 154	 176	 260	 245	 265	 273	 278	 290	 299	 325	 330	 332	 348	
198	 29	 24	 72	 58	 98	 385	 372	 374	 377	 381	 384	 388	 395	 398	 404	 1070	 1055	 1058	 1060	
198	 242	 193	 231	 256	 257	 361	 361	 361	 361	 367	 369	 376	 377	 385	 387	 989	 576	 924	 664	
198	 22	 12	 57	 246	 189	 248	 238	 252	 272	 278	 288	 292	 304	 347	 348	 351	 352	 353	 355	
198	 33	 21	 119	 76	 121	 243	 226	 253	 262	 267	 287	 291	 318	 319	 322	 347	 350	 352	 353	
198	 12	 36	 106	 75	 122	 141	 147	 182	 287	 269	 282	 295	 318	 318	 324	 333	 335	 341	 354	
198	 26	 19	 41	 361	 360	 361	 361	 370	 371	 372	 375	 377	 379	 1049	 868	 986	 946	 1053	 1044	
-443	 107	 -4	 147	 53	 223	 301	 326	 342	 359	 360	 361	 361	 361	 361	 363	 378	 399	 432	 739	
198	 5	 17	 359	 355	 358	 358	 358	 360	 361	 361	 361	 362	 760	 479	 787	 549	 767	 717	 836	
198	 12	 15	 37	 63	 68	 88	 156	 201	 221	 227	 239	 248	 257	 274	 279	 287	 313	 331	 338	
198	 60	 29	 85	 66	 96	 165	 175	 193	 215	 251	 249	 262	 273	 279	 284	 315	 324	 328	 335	
198	 140	 259	 237	 256	 268	 276	 282	 296	 299	 306	 337	 355	 356	 356	 357	 358	 358	 359	 359	
198	 40	 40	 70	 73	 91	 98	 327	 291	 316	 320	 327	 333	 337	 340	 342	 344	 359	 360	 360	
198	 19	 28	 118	 80	 134	 139	 288	 249	 275	 280	 288	 298	 322	 324	 329	 336	 354	 354	 355	
198	 185	 87	 337	 305	 326	 329	 330	 341	 342	 348	 356	 356	 362	 363	 364	 365	 365	 368	 369	
198	 57	 25	 78	 114	 115	 154	 157	 180	 183	 222	 226	 237	 250	 281	 283	 299	 305	 312	 316	
-443	 29	 -40	 122	 20	 281	 273	 290	 364	 364	 365	 365	 366	 369	 369	 402	 447	 445	 1058	 900	
903	 2401	 2401	 2401	 2401	 2401	 2401	 2401	 2401	 2401	 3066	 3066	 3066	 3066	 3066	 3066	 3066	 3066	 3066	 3066	
-345	 106	 142	 143	 214	 193	 220	 223	 239	 253	 259	 319	 326	 330	 342	 343	 345	 347	 349	 351	
198	 80	 36	 80	 89	 100	 267	 224	 284	 276	 297	 312	 316	 318	 326	 328	 352	 353	 356	 357	
198	 125	 55	 161	 125	 162	 264	 242	 266	 266	 281	 318	 319	 331	 335	 337	 352	 353	 354	 355	
-345	 -2	 158	 76	 143	 282	 253	 286	 282	 310	 310	 325	 342	 343	 344	 357	 357	 358	 359	 359	
198	 83	 144	 130	 162	 163	 179	 186	 205	 223	 255	 269	 314	 313	 319	 324	 327	 330	 335	 340	
198	 16	 78	 81	 92	 120	 117	 239	 236	 258	 265	 272	 303	 310	 312	 321	 323	 345	 350	 352	
-345	 32	 69	 60	 146	 110	 151	 311	 281	 305	 313	 328	 329	 332	 343	 344	 346	 358	 358	 359	
198	 29	 20	 54	 54	 81	 133	 121	 196	 202	 229	 230	 244	 253	 262	 272	 298	 300	 321	 330	
-345	 -19	 330	 269	 296	 298	 308	 311	 317	 333	 335	 341	 360	 360	 360	 361	 361	 361	 362	 363	
198	 22	 174	 167	 192	 351	 345	 352	 353	 353	 355	 355	 359	 360	 360	 386	 385	 404	 406	 410	
198	 22	 22	 70	 63	 144	 117	 158	 151	 301	 272	 291	 296	 310	 314	 331	 333	 337	 339	 355	
198	 36	 15	 51	 306	 276	 351	 349	 350	 352	 354	 355	 355	 356	 362	 363	 387	 387	 391	 396	
198	 29	 263	 163	 265	 233	 288	 301	 327	 327	 331	 337	 357	 357	 358	 358	 360	 360	 362	 362	
198	 9	 32	 36	 103	 80	 137	 116	 355	 352	 353	 354	 355	 356	 357	 358	 359	 359	 389	 400	
198	 116	 78	 135	 178	 170	 185	 219	 217	 231	 273	 287	 303	 309	 329	 330	 332	 340	 341	 343	
198	 131	 54	 132	 149	 270	 233	 275	 275	 282	 290	 328	 327	 332	 341	 354	 354	 356	 357	 357	
198	 5	 17	 43	 1066	 867	 989	 997	 1003	 1009	 1014	 1019	 1025	 1031	 2398	 2393	 2397	 2401	 2401	 2401	
198	 93	 60	 116	 104	 149	 142	 163	 171	 196	 240	 247	 267	 276	 285	 298	 302	 307	 313	 321	
198	 217	 88	 235	 316	 322	 328	 329	 343	 346	 357	 357	 358	 359	 363	 365	 365	 366	 371	 373	
198	 26	 47	 56	 76	 130	 120	 148	 151	 305	 279	 295	 308	 312	 318	 331	 334	 337	 340	 356	
198	 93	 36	 96	 88	 129	 325	 293	 310	 315	 321	 337	 338	 341	 344	 347	 360	 360	 360	 360	
198	 2	 60	 116	 139	 136	 294	 269	 330	 325	 330	 332	 341	 349	 352	 353	 359	 359	 362	 362	
198	 125	 62	 136	 110	 145	 199	 186	 212	 220	 246	 291	 291	 303	 307	 312	 331	 332	 336	 339	
903	 285	 299	 307	 311	 318	 322	 348	 348	 349	 362	 362	 363	 364	 364	 365	 366	 379	 380	 382	
-345	 318	 261	 289	 291	 321	 322	 328	 334	 338	 340	 360	 360	 361	 361	 362	 363	 363	 364	 365	
360	 151	 262	 265	 272	 305	 302	 315	 318	 327	 355	 358	 358	 359	 359	 360	 360	 361	 361	 362	
-326	 363	 361	 361	 366	 366	 368	 368	 370	 374	 738	 958	 963	 970	 1045	 1035	 1044	 1045	 1048	 1055	
903	 1034	 736	 975	 851	 1004	 955	 991	 1010	 1011	 2340	 2172	 2342	 2331	 2362	 2400	 2400	 2401	 2401	 2401	
-345	 182	 229	 281	 282	 291	 300	 303	 306	 312	 333	 349	 356	 358	 359	 359	 359	 360	 360	 360	
198	 70	 53	 85	 89	 128	 128	 152	 289	 254	 276	 302	 309	 313	 319	 328	 331	 335	 354	 354	
198	 125	 194	 203	 213	 220	 295	 290	 296	 304	 309	 336	 351	 353	 354	 355	 358	 359	 359	 359	
198	 106	 41	 116	 329	 297	 316	 317	 322	 326	 339	 344	 346	 348	 360	 361	 361	 361	 361	 362	
198	 180	 93	 167	 152	 182	 187	 205	 210	 228	 299	 303	 314	 317	 324	 328	 332	 336	 338	 342	
198	 353	 338	 341	 342	 350	 354	 355	 357	 357	 358	 393	 397	 399	 402	 430	 460	 464	 501	 494	
198	 80	 102	 107	 120	 171	 158	 190	 255	 239	 285	 285	 314	 314	 318	 331	 333	 337	 349	 349	
360	 42	 242	 208	 233	 354	 352	 353	 353	 358	 362	 363	 363	 365	 365	 483	 442	 468	 465	 615	
198	 83	 50	 97	 91	 111	 123	 149	 181	 209	 255	 251	 271	 275	 285	 289	 298	 307	 320	 330	
-345	 365	 360	 361	 367	 368	 372	 373	 375	 419	 414	 1068	 1022	 1035	 1064	 1064	 1066	 1067	 1067	 1070	
198	 16	 10	 82	 68	 162	 122	 172	 187	 214	 222	 231	 237	 271	 277	 308	 307	 316	 326	 333	
-345	 1071	 1056	 1059	 1061	 1062	 1063	 1064	 1066	 1067	 1067	 2401	 2401	 2401	 2401	 2401	 2401	 2401	 2401	 2401	
198	 9	 11	 327	 280	 331	 385	 382	 386	 389	 393	 396	 400	 733	 523	 835	 1069	 1066	 1067	 1067	
198	 19	 17	 49	 47	 142	 103	 230	 209	 234	 242	 252	 261	 272	 278	 310	 311	 337	 341	 343	
198	 19	 17	 53	 65	 93	 103	 146	 155	 172	 182	 200	 208	 227	 241	 256	 266	 286	 296	 303	
198	 93	 53	 280	 204	 248	 265	 274	 282	 286	 302	 320	 325	 353	 353	 354	 356	 357	 357	 357	
198	 50	 26	 67	 111	 104	 140	 142	 164	 189	 198	 231	 231	 245	 277	 278	 291	 297	 305	 316	
1614	 515	 1036	 811	 992	 919	 972	 959	 1042	 1032	 2341	 2159	 2400	 2397	 2401	 2401	 2401	 2401	 2401	 2401	
198	 9	 39	 51	 143	 143	 169	 173	 197	 202	 216	 223	 248	 257	 299	 309	 315	 320	 326	 330	
198	 60	 50	 87	 186	 149	 199	 195	 217	 220	 262	 257	 279	 285	 324	 324	 331	 335	 338	 340	
-345	 49	 74	 97	 104	 121	 132	 3066	 3066	 3066	 3066	 3066	 3066	 3066	 3066	 3066	 3066	 3066	 3066	 3066	
198	 53	 78	 78	 104	 112	 126	 227	 196	 286	 289	 294	 315	 316	 322	 327	 330	 346	 347	 355	
198	 26	 84	 84	 1040	 547	 987	 698	 951	 791	 924	 868	 962	 938	 1732	 1732	 1734	 1735	 1740	 1743	
198	 60	 29	 75	 96	 117	 311	 270	 288	 298	 307	 320	 323	 328	 336	 340	 358	 358	 358	 359	
198	 2	 30	 30	 77	 65	 128	 273	 244	 281	 277	 286	 298	 302	 315	 318	 329	 353	 354	 356	
198	 77	 28	 112	 78	 120	 142	 172	 171	 214	 236	 254	 256	 280	 283	 290	 306	 317	 320	 330	
198	 9	 28	 72	 101	 120	 127	 296	 252	 281	 281	 290	 301	 315	 326	 332	 334	 355	 355	 356	
198	 77	 357	 350	 352	 353	 355	 356	 357	 357	 358	 359	 433	 421	 431	 440	 458	 470	 475	 483	
-345	 358	 350	 351	 356	 357	 359	 360	 360	 363	 364	 821	 476	 745	 643	 774	 805	 821	 852	 982	
198	 50	 60	 70	 83	 110	 108	 140	 361	 362	 363	 364	 365	 366	 366	 368	 369	 370	 988	 787	
198	 274	 182	 248	 234	 253	 305	 300	 316	 318	 355	 355	 356	 357	 357	 358	 360	 360	 361	 361	
903	 355	 361	 361	 362	 362	 363	 363	 364	 365	 905	 502	 1039	 809	 980	 905	 963	 952	 976	 976	
198	 80	 36	 90	 72	 108	 308	 266	 293	 298	 319	 324	 328	 331	 334	 337	 357	 358	 358	 359	
198	 19	 41	 46	 73	 104	 257	 205	 250	 247	 266	 269	 288	 291	 301	 313	 347	 347	 349	 351	
-451	 -359	 24	 -71	 201	 45	 354	 340	 348	 354	 355	 356	 357	 358	 359	 359	 382	 382	 394	 421	
198	 63	 27	 212	 196	 221	 223	 241	 258	 260	 278	 296	 298	 338	 346	 347	 349	 351	 353	 353	
198	 16	 20	 51	 316	 257	 296	 291	 338	 340	 341	 345	 347	 349	 360	 360	 361	 361	 365	 366	
198	 12	 70	 109	 106	 171	 149	 194	 226	 222	 237	 247	 281	 302	 305	 322	 324	 331	 341	 342	
198	 40	 23	 59	 54	 104	 96	 189	 269	 251	 275	 284	 291	 297	 302	 315	 319	 337	 352	 353	
222	 360	 339	 343	 355	 355	 357	 357	 359	 359	 361	 361	 456	 429	 556	 489	 590	 537	 695	 576	
198	 5	 162	 86	 162	 139	 184	 284	 260	 332	 325	 331	 350	 350	 352	 353	 355	 359	 359	 361	
198	 22	 102	 64	 107	 337	 331	 335	 339	 342	 345	 347	 353	 354	 354	 362	 365	 366	 367	 368	
198	 90	 66	 99	 93	 256	 206	 249	 242	 294	 314	 316	 327	 328	 331	 351	 352	 354	 354	 357	
198	 2	 9	 52	 378	 371	 375	 376	 378	 430	 421	 430	 435	 453	 1070	 1066	 1068	 1068	 1068	 1070	
198	 26	 50	 53	 71	 151	 135	 184	 181	 210	 223	 230	 258	 259	 268	 303	 307	 319	 324	 330	
198	 22	 42	 136	 103	 140	 156	 164	 189	 210	 223	 232	 256	 297	 297	 302	 314	 317	 325	 332	
198	 19	 17	 76	 142	 122	 153	 157	 200	 205	 219	 232	 241	 268	 304	 303	 309	 315	 327	 332	
198	 3066	 3066	 3066	 3066	 3066	 3066	 3066	 3066	 3066	 3066	 3066	 3066	 3066	 3066	 3066	 3066	 3066	 3066	 3066	
903	 127	 234	 200	 232	 233	 252	 262	 269	 316	 353	 353	 354	 355	 356	 356	 357	 358	 358	 360	
903	 1732	 1732	 1732	 1733	 1733	 1733	 1734	 1737	 1993	 3066	 3066	 3066	 3066	 3066	 3066	 3066	 3066	 3066	 3066	
198	 19	 24	 48	 45	 71	 76	 154	 2401	 2401	 2401	 2401	 2401	 2401	 2401	 2401	 2401	 2401	 3066	 3066	
903	 360	 361	 362	 362	 405	 408	 415	 421	 425	 1069	 1040	 1051	 1052	 1054	 1070	 1070	 1070	 1070	 1070	
-345	 102	 91	 121	 184	 164	 191	 221	 220	 242	 274	 306	 306	 312	 331	 332	 335	 342	 344	 347	
198	 19	 11	 349	 322	 336	 339	 341	 346	 356	 357	 357	 358	 376	 377	 385	 388	 391	 400	 481	
-345	 166	 113	 196	 190	 203	 252	 242	 299	 307	 310	 348	 347	 351	 353	 354	 356	 357	 359	 360	
198	 196	 89	 193	 162	 195	 200	 219	 238	 242	 257	 326	 322	 331	 335	 337	 341	 344	 347	 349	
198	 16	 23	 38	 52	 105	 157	 161	 210	 205	 228	 230	 247	 252	 262	 287	 312	 318	 331	 334	
198	 2	 6	 184	 159	 197	 197	 229	 238	 295	 286	 296	 299	 339	 346	 348	 350	 352	 354	 357	
198	 109	 102	 120	 133	 137	 180	 217	 249	 251	 272	 305	 320	 321	 326	 328	 336	 345	 350	 351	
198	 12	 19	 111	 75	 122	 155	 361	 360	 360	 361	 361	 361	 363	 363	 364	 365	 955	 526	 890	
198	 22	 8	 346	 315	 332	 335	 346	 346	 353	 354	 355	 355	 367	 368	 372	 374	 384	 385	 406	
-345	 76	 86	 127	 125	 148	 154	 186	 185	 208	 226	 281	 275	 297	 300	 307	 312	 322	 325	 330	
198	 16	 135	 120	 157	 177	 179	 237	 220	 327	 319	 324	 344	 348	 350	 353	 353	 356	 356	 360	
198	 33	 21	 67	 151	 161	 180	 185	 195	 242	 246	 259	 267	 281	 317	 327	 331	 334	 336	 344	
198	 22	 18	 49	 48	 69	 116	 132	 228	 219	 236	 251	 258	 269	 274	 281	 303	 313	 337	 342	
198	 12	 12	 90	 63	 145	 114	 217	 192	 223	 224	 238	 244	 280	 281	 305	 307	 330	 334	 337	
-345	 169	 120	 237	 193	 243	 275	 274	 288	 296	 300	 345	 344	 352	 353	 354	 357	 357	 358	 358	
198	 60	 26	 67	 111	 98	 150	 156	 319	 294	 312	 322	 325	 327	 338	 340	 344	 348	 359	 359	
198	 73	 33	 75	 93	 147	 158	 165	 185	 205	 244	 248	 259	 262	 282	 303	 313	 315	 322	 329	
198	 90	 102	 116	 144	 159	 167	 182	 216	 214	 272	 264	 301	 300	 312	 319	 323	 327	 336	 338	
198	 -2	 1	 252	 301	 362	 362	 363	 363	 370	 371	 372	 373	 428	 574	 1055	 941	 1008	 996	 1047	
198	 63	 51	 76	 75	 157	 127	 164	 334	 317	 331	 336	 341	 342	 344	 350	 351	 352	 361	 361	
-345	 -23	 67	 27	 200	 122	 198	 172	 202	 253	 246	 269	 277	 285	 328	 328	 334	 336	 339	 348	
198	 22	 49	 156	 113	 158	 160	 317	 292	 304	 312	 316	 327	 344	 345	 347	 349	 359	 359	 359	
-345	 140	 111	 142	 2401	 2401	 2401	 2401	 2401	 2401	 2401	 2401	 2401	 2401	 3066	 3066	 3066	 3066	 3066	 3066	
-345	 238	 161	 222	 227	 239	 296	 294	 301	 307	 313	 353	 353	 354	 356	 356	 359	 359	 359	 360	
198	 67	 136	 250	 229	 248	 250	 332	 325	 330	 332	 343	 352	 358	 358	 359	 359	 362	 362	 362	
198	 2	 47	 35	 277	 195	 248	 282	 281	 323	 320	 325	 334	 336	 356	 357	 357	 359	 359	 361	
198	 16	 40	 47	 149	 102	 194	 266	 254	 268	 279	 283	 299	 303	 329	 329	 340	 353	 354	 354	
-345	 292	 232	 266	 269	 276	 313	 312	 331	 335	 336	 359	 359	 360	 360	 360	 361	 362	 363	 364	
198	 26	 47	 56	 109	 93	 135	 139	 190	 180	 212	 213	 245	 245	 276	 275	 289	 298	 315	 318	
198	 29	 44	 51	 100	 89	 137	 137	 166	 185	 193	 218	 237	 239	 267	 269	 287	 295	 304	 314	
217	 337	 147	 255	 261	 269	 283	 286	 294	 316	 353	 353	 356	 356	 358	 358	 359	 359	 359	 360	
198	 313	 251	 283	 287	 310	 315	 318	 322	 325	 356	 358	 359	 359	 360	 361	 361	 361	 361	 362	
-345	 345	 317	 326	 332	 334	 337	 339	 352	 354	 356	 369	 370	 371	 374	 375	 377	 379	 408	 413	
198	 987	 421	 816	 841	 877	 927	 911	 950	 940	 959	 1732	 1732	 1732	 1878	 1938	 2229	 1979	 2343	 2093	
198	 33	 320	 253	 295	 304	 314	 317	 320	 333	 337	 340	 360	 360	 360	 361	 361	 362	 362	 363	
198	 22	 297	 212	 270	 271	 297	 297	 330	 329	 334	 337	 358	 358	 359	 360	 360	 360	 362	 362	
-345	 146	 97	 153	 360	 359	 359	 359	 360	 361	 362	 365	 365	 366	 887	 510	 844	 576	 860	 665	
198	 40	 23	 55	 60	 80	 93	 278	 236	 271	 279	 289	 295	 301	 308	 313	 319	 351	 352	 354	
198	 -2	 15	 34	 202	 136	 239	 248	 261	 268	 275	 278	 288	 297	 339	 340	 348	 353	 354	 355	
903	 290	 295	 320	 326	 349	 349	 351	 352	 355	 365	 366	 367	 371	 374	 402	 399	 408	 410	 437	
198	 12	 205	 137	 193	 186	 207	 211	 258	 265	 274	 281	 338	 339	 341	 344	 346	 348	 352	 354	
-345	 66	 76	 115	 108	 262	 208	 271	 261	 301	 297	 331	 330	 337	 339	 354	 354	 356	 357	 358	
198	 87	 55	 186	 146	 180	 183	 211	 218	 224	 253	 276	 286	 321	 325	 327	 331	 337	 340	 341	
198	 40	 23	 69	 67	 92	 108	 191	 163	 218	 208	 245	 243	 262	 270	 278	 290	 319	 320	 330	
198	 83	 30	 94	 90	 118	 112	 172	 262	 248	 273	 297	 297	 306	 315	 320	 322	 333	 350	 352	
-345	 39	 71	 72	 111	 101	 245	 192	 255	 255	 271	 302	 301	 309	 318	 320	 346	 346	 350	 352	
198	 90	 32	 158	 99	 190	 298	 289	 320	 318	 322	 339	 340	 348	 349	 353	 359	 360	 361	 361	
198	 9	 25	 68	 98	 97	 129	 283	 247	 270	 275	 281	 293	 307	 320	 323	 329	 353	 354	 354	
198	 26	 26	 74	 132	 106	 147	 146	 210	 200	 224	 234	 248	 267	 299	 296	 306	 311	 329	 332	
198	 19	 130	 88	 153	 225	 197	 227	 250	 289	 289	 299	 331	 332	 338	 350	 350	 352	 354	 357	
198	 -5	 85	 367	 363	 364	 365	 369	 372	 374	 375	 376	 388	 1067	 1002	 1030	 1027	 1048	 1051	 1054	
198	 63	 23	 136	 74	 358	 358	 358	 359	 360	 361	 361	 361	 362	 362	 573	 607	 593	 630	 689	
198	 2	 13	 32	 49	 64	 84	 250	 220	 298	 284	 295	 301	 308	 315	 320	 326	 351	 353	 357	
198	 9	 14	 75	 99	 99	 149	 168	 223	 213	 235	 236	 249	 276	 295	 296	 312	 323	 337	 339	
903	 185	 261	 239	 275	 284	 304	 319	 322	 327	 358	 358	 358	 359	 359	 360	 360	 361	 362	 362	
-345	 311	 242	 284	 297	 309	 314	 318	 323	 328	 356	 359	 359	 360	 360	 361	 361	 361	 362	 362	
-345	 -2	 67	 99	 96	 120	 120	 181	 169	 256	 237	 274	 274	 304	 304	 311	 314	 329	 332	 346	
198	 109	 52	 139	 130	 192	 174	 201	 202	 214	 267	 270	 283	 298	 310	 324	 326	 330	 333	 335	
198	 53	 24	 75	 106	 111	 126	 153	 171	 185	 200	 232	 231	 249	 276	 279	 287	 299	 309	 315	
198	 5	 24	 227	 144	 280	 243	 273	 273	 291	 294	 300	 309	 347	 348	 355	 356	 356	 357	 358	
-345	 73	 94	 131	 129	 148	 157	 187	 187	 229	 230	 292	 288	 307	 310	 315	 320	 328	 331	 339	
198	 70	 26	 87	 64	 94	 293	 245	 288	 308	 322	 327	 330	 334	 337	 338	 357	 357	 358	 359	
198	 5	 10	 343	 302	 321	 329	 333	 347	 350	 350	 352	 353	 364	 364	 366	 368	 369	 379	 384	
-345	 1	 61	 157	 118	 172	 192	 197	 216	 247	 244	 280	 278	 323	 322	 328	 338	 339	 343	 348	
198	 113	 50	 113	 152	 155	 237	 254	 255	 266	 310	 308	 315	 319	 335	 337	 348	 353	 353	 354	
198	 26	 23	 249	 157	 248	 230	 260	 284	 283	 297	 301	 309	 349	 349	 352	 354	 355	 357	 357	
198	 26	 81	 63	 98	 110	 133	 137	 175	 201	 207	 227	 266	 263	 275	 287	 296	 301	 313	 325	
198	 80	 36	 193	 117	 181	 182	 204	 210	 225	 253	 272	 276	 321	 318	 323	 331	 335	 338	 341	
-345	 69	 77	 117	 266	 243	 279	 274	 299	 334	 332	 348	 349	 351	 358	 359	 360	 360	 360	 363	
198	 9	 11	 57	 118	 113	 208	 178	 216	 221	 233	 240	 249	 270	 301	 306	 330	 332	 336	 340	
198	 3055	 2401	 2401	 2401	 2401	 2401	 2401	 2401	 2401	 2401	 3066	 3066	 3066	 3066	 3066	 3066	 3066	 3066	 3066	
198	 131	 54	 132	 106	 156	 200	 195	 219	 221	 289	 284	 294	 301	 308	 316	 333	 335	 339	 341	
198	 198	 88	 186	 185	 259	 247	 262	 267	 273	 288	 336	 335	 339	 346	 353	 354	 355	 355	 356	
198	 22	 18	 154	 88	 150	 150	 188	 183	 268	 259	 270	 277	 320	 318	 323	 331	 337	 339	 350	
903	 292	 298	 303	 314	 317	 330	 354	 354	 354	 362	 366	 366	 367	 369	 370	 374	 422	 414	 421	
-345	 296	 226	 271	 264	 280	 285	 296	 302	 326	 330	 358	 358	 359	 359	 359	 360	 360	 360	 361	
198	 26	 26	 47	 59	 77	 178	 802	 433	 686	 520	 671	 576	 674	 617	 693	 754	 1732	 1732	 1732	
198	 33	 62	 58	 78	 132	 212	 258	 246	 305	 307	 312	 326	 327	 330	 340	 351	 356	 356	 358	
198	 46	 96	 78	 172	 136	 175	 222	 218	 233	 257	 262	 299	 296	 322	 323	 327	 340	 342	 344	
-345	 42	 96	 79	 350	 335	 339	 348	 349	 350	 351	 356	 357	 357	 370	 371	 373	 383	 384	 387	
198	 36	 22	 59	 107	 107	 132	 152	 160	 186	 198	 218	 224	 238	 272	 276	 286	 298	 303	 313	
903	 342	 340	 342	 347	 361	 362	 362	 363	 363	 629	 471	 586	 522	 611	 1006	 813	 956	 890	 943	
198	 5	 38	 45	 57	 82	 91	 339	 314	 337	 337	 340	 344	 347	 348	 350	 351	 362	 362	 364	
-345	 76	 86	 96	 174	 181	 193	 209	 215	 242	 248	 303	 298	 304	 326	 334	 337	 340	 342	 346	
198	 22	 25	 47	 69	 84	 266	 231	 260	 260	 277	 281	 292	 297	 308	 314	 349	 351	 353	 353	
198	 33	 18	 131	 75	 134	 130	 192	 176	 221	 220	 244	 246	 293	 288	 298	 307	 323	 326	 334	
198	 5	 55	 50	 224	 158	 212	 220	 238	 246	 252	 262	 287	 292	 337	 338	 340	 345	 348	 349	
-443	 65	 19	 238	 230	 305	 306	 311	 313	 317	 323	 333	 335	 353	 357	 359	 360	 360	 360	 361	
198	 224	 122	 208	 196	 221	 237	 1070	 1052	 1055	 1056	 1067	 1068	 1068	 1069	 1069	 1069	 2401	 2401	 2401	
198	 164	 85	 155	 135	 165	 191	 202	 213	 222	 254	 304	 306	 311	 317	 321	 331	 335	 338	 340	
198	 26	 50	 70	 76	 102	 351	 340	 345	 346	 347	 350	 353	 354	 355	 356	 369	 370	 372	 373	
903	 -82	 197	 38	 160	 110	 284	 294	 296	 312	 337	 338	 342	 344	 345	 348	 357	 359	 359	 360	
198	 77	 1068	 950	 1017	 1005	 1014	 1018	 1028	 1031	 1042	 1048	 2401	 2401	 2401	 2401	 2401	 2401	 2401	 2401	
198	 219	 298	 284	 294	 300	 340	 339	 365	 365	 366	 384	 485	 449	 473	 474	 630	 528	 1059	 949	
-345	 212	 136	 201	 179	 243	 232	 252	 257	 327	 349	 353	 353	 354	 355	 357	 357	 358	 358	 361	
198	 26	 37	 73	 81	 115	 108	 128	 312	 279	 299	 304	 314	 323	 328	 334	 336	 338	 357	 358	
198	 67	 35	 117	 107	 153	 151	 177	 179	 194	 237	 235	 251	 275	 288	 300	 307	 314	 318	 322	
198	 22	 32	 166	 122	 169	 159	 214	 205	 225	 236	 247	 262	 313	 315	 321	 324	 335	 337	 340	
198	 9	 187	 92	 315	 264	 311	 325	 328	 335	 339	 340	 354	 355	 360	 360	 361	 362	 363	 364	
198	 43	 92	 78	 107	 110	 173	 167	 187	 221	 240	 246	 287	 283	 292	 298	 318	 323	 326	 336	
198	 33	 133	 214	 210	 225	 282	 270	 281	 291	 305	 308	 336	 350	 352	 353	 357	 357	 357	 358	
198	 137	 103	 164	 191	 190	 203	 211	 234	 246	 306	 300	 321	 327	 338	 339	 341	 343	 347	 349	
-345	 22	 106	 65	 110	 96	 139	 176	 188	 260	 245	 289	 300	 303	 307	 311	 320	 333	 337	 349	
198	 22	 18	 52	 148	 118	 155	 283	 253	 278	 285	 292	 298	 306	 333	 335	 337	 354	 355	 356	
198	 29	 48	 55	 84	 144	 127	 161	 177	 192	 214	 219	 248	 248	 265	 295	 296	 305	 315	 321	
198	 -2	 125	 72	 130	 133	 177	 176	 223	 226	 235	 241	 301	 298	 306	 317	 327	 331	 339	 343	
198	 9	 25	 65	 110	 105	 145	 147	 203	 189	 215	 214	 236	 256	 284	 287	 300	 307	 323	 325	
903	 360	 360	 360	 361	 361	 363	 363	 364	 364	 1013	 672	 956	 773	 941	 856	 974	 929	 964	 957	
-345	 592	 380	 422	 423	 439	 443	 468	 465	 480	 508	 1070	 1073	 1075	 1084	 1108	 1128	 1251	 1209	 1328	
198	 16	 88	 58	 121	 111	 360	 358	 359	 359	 360	 360	 361	 361	 362	 362	 773	 479	 708	 584	
198	 53	 339	 301	 329	 329	 332	 341	 343	 349	 352	 353	 364	 364	 367	 367	 368	 372	 374	 381	
-345	 313	 254	 290	 362	 362	 362	 364	 365	 366	 366	 475	 442	 474	 1054	 868	 986	 981	 998	 1002	
198	 70	 32	 115	 105	 151	 146	 177	 173	 194	 233	 237	 249	 273	 286	 298	 304	 313	 315	 321	
198	 22	 12	 169	 218	 241	 241	 271	 267	 321	 319	 325	 327	 347	 355	 357	 357	 358	 358	 360	
198	 57	 28	 69	 254	 179	 258	 357	 356	 357	 357	 358	 359	 359	 362	 362	 364	 503	 454	 490	
198	 57	 275	 191	 246	 251	 348	 344	 346	 349	 351	 354	 360	 360	 360	 361	 375	 375	 377	 382	
198	 33	 18	 49	 61	 76	 105	 151	 326	 300	 314	 321	 324	 328	 333	 336	 341	 347	 359	 359	
903	 -40	 200	 63	 196	 130	 220	 223	 235	 337	 347	 349	 351	 351	 354	 354	 356	 358	 358	 362	
198	 131	 50	 143	 145	 153	 359	 358	 358	 359	 360	 361	 361	 361	 362	 362	 662	 477	 622	 539	
198	 200	 79	 175	 129	 249	 216	 299	 292	 307	 343	 345	 346	 347	 348	 355	 355	 358	 359	 359	
-345	 49	 74	 97	 101	 328	 290	 306	 327	 347	 347	 354	 354	 356	 356	 362	 362	 363	 365	 374	
198	 122	 50	 122	 122	 226	 192	 225	 305	 290	 329	 328	 332	 335	 341	 351	 352	 353	 358	 358	
198	 146	 60	 348	 326	 343	 343	 348	 354	 354	 355	 358	 359	 373	 373	 384	 385	 394	 417	 416	
198	 77	 38	 95	 79	 146	 158	 179	 183	 196	 212	 254	 253	 269	 274	 297	 310	 317	 320	 324	
198	 2	 81	 200	 146	 350	 1071	 1184	 1174	 1226	 1238	 1300	 1594	 1725	 1721	 1732	 2402	 2401	 2401	 2401	
198	 43	 79	 74	 97	 98	 322	 286	 305	 312	 317	 327	 338	 340	 342	 343	 359	 359	 360	 360	
198	 43	 72	 75	 93	 181	 293	 340	 338	 340	 346	 347	 352	 353	 353	 357	 360	 366	 366	 367	
198	 9	 11	 74	 67	 211	 171	 210	 295	 278	 292	 296	 302	 318	 324	 345	 348	 349	 357	 357	
198	 9	 11	 40	 47	 127	 96	 148	 169	 266	 243	 262	 265	 278	 286	 313	 314	 322	 332	 349	
903	 357	 357	 357	 358	 359	 359	 359	 360	 361	 740	 487	 728	 547	 710	 629	 731	 658	 753	 773	
198	 73	 33	 85	 112	 116	 138	 163	 168	 207	 243	 242	 256	 263	 289	 291	 300	 311	 315	 326	
198	 46	 25	 84	 70	 131	 123	 146	 149	 218	 222	 237	 245	 265	 271	 292	 298	 303	 308	 328	
903	 285	 293	 323	 322	 327	 330	 335	 348	 350	 362	 363	 363	 366	 367	 367	 368	 370	 381	 385	
198	 12	 67	 184	 132	 186	 169	 211	 221	 286	 279	 288	 310	 339	 339	 342	 344	 347	 350	 356	
198	 190	 76	 182	 163	 207	 306	 343	 342	 344	 356	 356	 356	 357	 358	 359	 361	 369	 369	 370	
-345	 5	 124	 66	 146	 126	 153	 151	 188	 220	 223	 259	 286	 288	 302	 309	 313	 316	 325	 336	
198	 26	 47	 143	 102	 224	 188	 239	 225	 354	 353	 353	 355	 358	 358	 360	 360	 361	 361	 389	
198	 26	 26	 43	 85	 83	 110	 121	 191	 216	 231	 237	 252	 255	 280	 284	 293	 301	 323	 335	
198	 22	 18	 38	 41	 166	 259	 302	 303	 312	 320	 323	 327	 330	 332	 347	 357	 359	 360	 360	
-345	 282	 212	 258	 265	 271	 293	 306	 310	 320	 322	 357	 357	 358	 359	 359	 359	 360	 360	 361	
198	 261	 141	 222	 209	 228	 244	 249	 276	 277	 323	 346	 347	 348	 350	 351	 353	 354	 356	 356	
-345	 -33	 91	 17	 158	 82	 258	 205	 248	 302	 293	 308	 321	 322	 338	 338	 352	 354	 355	 358	
198	 22	 25	 61	 59	 97	 91	 157	 198	 191	 214	 224	 238	 253	 260	 276	 280	 303	 324	 325	
198	 2	 23	 25	 355	 347	 354	 359	 359	 360	 360	 360	 360	 361	 483	 456	 548	 709	 599	 716	
-443	 72	 -3	 97	 355	 988	 559	 916	 641	 883	 721	 903	 762	 911	 1066	 1732	 1732	 1732	 1732	 1732	
890	 200	 -22	 152	 99	 259	 249	 270	 291	 289	 314	 326	 327	 331	 340	 353	 356	 357	 358	 358	
198	 67	 52	 99	 90	 121	 2401	 2401	 2401	 2401	 2401	 2401	 2401	 2401	 2401	 2401	 3066	 3066	 3066	 3066	
198	 19	 45	 64	 71	 106	 108	 125	 168	 197	 204	 217	 243	 254	 260	 277	 283	 290	 308	 322	
198	 22	 187	 95	 649	 413	 642	 491	 623	 910	 707	 899	 927	 918	 1732	 1732	 1732	 1732	 1732	 1732	
198	 22	 53	 48	 101	 126	 126	 181	 207	 211	 225	 240	 265	 265	 287	 304	 305	 321	 333	 335	
198	 5	 10	 48	 45	 91	 86	 142	 203	 213	 222	 231	 239	 258	 264	 282	 287	 306	 329	 336	
198	 90	 42	 92	 101	 117	 230	 189	 246	 235	 265	 289	 293	 298	 310	 314	 341	 341	 346	 348	
198	 26	 19	 55	 54	 88	 161	 143	 197	 192	 214	 226	 235	 249	 257	 271	 306	 308	 321	 325	
198	 73	 264	 199	 298	 279	 302	 303	 308	 314	 328	 333	 356	 356	 359	 359	 360	 360	 360	 360	
198	 16	 10	 31	 43	 55	 343	 336	 342	 352	 353	 354	 355	 355	 356	 356	 366	 374	 377	 398	
198	 -2	 80	 60	 113	 110	 139	 142	 188	 247	 230	 249	 286	 290	 303	 310	 317	 321	 331	 345	
-345	 -26	 73	 23	 160	 91	 160	 129	 322	 351	 351	 353	 354	 355	 358	 358	 358	 359	 363	 387	
198	 336	 277	 300	 304	 310	 319	 323	 348	 348	 362	 362	 362	 363	 363	 364	 365	 366	 377	 379	
198	 73	 44	 139	 190	 196	 205	 214	 242	 243	 252	 290	 293	 316	 337	 340	 342	 344	 348	 349	
198	 46	 46	 73	 3049	 2401	 2401	 2402	 2402	 2402	 2402	 2404	 2406	 2408	 3066	 3066	 3066	 3066	 3066	 3066	
198	 16	 13	 56	 56	 157	 112	 173	 160	 322	 299	 311	 314	 323	 328	 342	 343	 347	 348	 359	
903	 362	 364	 364	 366	 367	 368	 369	 370	 374	 1068	 1002	 1027	 1027	 1035	 1039	 1044	 1047	 1049	 1054	
903	 369	 380	 381	 383	 388	 391	 394	 410	 416	 1070	 1067	 1068	 1068	 1069	 1069	 1069	 1069	 1070	 1070	
198	 53	 27	 80	 109	 115	 145	 144	 312	 277	 308	 309	 315	 322	 333	 336	 341	 342	 357	 357	
198	 43	 28	 700	 404	 533	 483	 535	 540	 578	 603	 599	 628	 1609	 1678	 1678	 1710	 1721	 1729	 1731	
198	 16	 16	 50	 60	 77	 251	 220	 253	 253	 267	 273	 282	 292	 301	 307	 346	 349	 351	 352	
198	 43	 45	 64	 71	 89	 177	 174	 199	 206	 234	 240	 262	 264	 273	 280	 315	 323	 328	 332	
198	 -2	 32	 32	 80	 63	 107	 341	 321	 355	 354	 355	 356	 357	 358	 358	 359	 370	 371	 427	
198	 244	 124	 236	 199	 228	 228	 242	 262	 278	 340	 341	 344	 349	 350	 351	 352	 353	 355	 356	
900	 -78	 187	 41	 155	 153	 171	 339	 323	 334	 347	 349	 351	 352	 353	 355	 356	 362	 362	 363	
198	 9	 145	 71	 280	 359	 359	 360	 360	 360	 361	 361	 363	 364	 375	 872	 501	 888	 593	 859	
-345	 -33	 64	 16	 175	 97	 159	 148	 232	 358	 357	 358	 358	 359	 360	 361	 361	 361	 362	 551	
198	 60	 19	 72	 223	 164	 299	 289	 302	 305	 314	 326	 327	 331	 352	 352	 358	 359	 359	 359	
198	 36	 119	 86	 136	 123	 152	 195	 193	 218	 224	 248	 295	 292	 303	 306	 312	 328	 331	 336	
-345	 163	 127	 167	 160	 188	 213	 213	 231	 249	 308	 322	 327	 330	 333	 337	 343	 344	 346	 349	
198	 19	 21	 50	 355	 344	 354	 356	 356	 357	 357	 358	 358	 359	 407	 401	 454	 461	 467	 483	
198	 29	 13	 66	 255	 222	 264	 258	 272	 284	 292	 301	 305	 315	 351	 353	 355	 355	 356	 357	
198	 40	 107	 87	 120	 98	 137	 134	 162	 163	 192	 204	 264	 256	 269	 265	 279	 284	 294	 299	
-345	 -26	 63	 61	 187	 127	 178	 247	 230	 277	 272	 290	 296	 313	 337	 337	 339	 351	 351	 355	
903	 15	 209	 131	 196	 179	 203	 226	 227	 326	 347	 348	 350	 352	 353	 354	 355	 356	 356	 360	
198	 9	 8	 116	 68	 175	 131	 233	 256	 258	 270	 274	 280	 314	 315	 332	 334	 345	 352	 353	
-345	 25	 71	 73	 98	 110	 136	 138	 174	 183	 201	 245	 241	 261	 268	 279	 291	 295	 308	 315	
198	 26	 19	 65	 100	 89	 109	 232	 245	 359	 359	 359	 360	 360	 361	 361	 361	 364	 367	 727	
198	 -2	 5	 111	 95	 155	 132	 337	 332	 341	 342	 344	 345	 352	 355	 356	 357	 363	 365	 367	
-345	 270	 186	 260	 309	 309	 314	 322	 326	 330	 334	 358	 358	 359	 361	 361	 361	 362	 362	 363	
903	 346	 344	 347	 349	 350	 351	 353	 355	 356	 388	 390	 394	 399	 403	 408	 414	 422	 437	 444	
-345	 270	 196	 244	 267	 273	 279	 304	 310	 315	 319	 356	 356	 357	 358	 359	 359	 360	 360	 360	
198	 12	 15	 41	 53	 68	 132	 128	 238	 212	 239	 242	 254	 263	 275	 281	 307	 313	 338	 341	
-345	 182	 154	 192	 192	 209	 219	 234	 238	 276	 276	 340	 341	 343	 346	 347	 349	 351	 352	 355	
198	 33	 32	 70	 70	 112	 129	 230	 202	 227	 227	 256	 263	 278	 285	 299	 310	 337	 338	 340	
-345	 -6	 89	 96	 111	 358	 355	 355	 356	 362	 362	 363	 364	 367	 367	 811	 483	 753	 548	 1010	
-345	 25	 126	 74	 240	 170	 222	 213	 232	 342	 336	 346	 351	 352	 357	 357	 358	 358	 359	 364	
-345	 210	 140	 196	 200	 219	 223	 257	 255	 273	 313	 341	 341	 343	 347	 349	 350	 353	 354	 355	
198	 57	 163	 121	 167	 171	 185	 193	 239	 242	 277	 275	 326	 324	 329	 334	 337	 339	 346	 349	
198	 19	 11	 224	 115	 229	 212	 356	 365	 365	 365	 367	 367	 387	 387	 399	 409	 884	 1008	 969	
198	 67	 35	 84	 112	 129	 143	 157	 166	 188	 218	 233	 243	 254	 280	 288	 296	 303	 307	 316	
-345	 118	 103	 132	 147	 158	 174	 233	 215	 267	 266	 323	 320	 325	 331	 334	 337	 347	 347	 352	
198	 19	 31	 43	 111	 85	 125	 127	 254	 240	 256	 267	 281	 285	 310	 311	 317	 323	 346	 350	
198	 57	 56	 100	 357	 351	 352	 355	 356	 356	 358	 358	 359	 359	 431	 416	 428	 448	 456	 462	
198	 172	 79	 193	 173	 197	 197	 211	 245	 253	 319	 315	 323	 333	 340	 341	 343	 345	 349	 351	
198	 -2	 5	 24	 34	 104	 275	 344	 362	 362	 362	 362	 363	 363	 363	 366	 389	 571	 991	 736	
198	 26	 100	 72	 114	 115	 136	 172	 197	 207	 229	 232	 284	 279	 290	 298	 303	 318	 328	 332	
198	 36	 19	 69	 54	 110	 3066	 2520	 3005	 2687	 2992	 2867	 2984	 2968	 2997	 3023	 3066	 3066	 3066	 3066	
-345	 -26	 86	 24	 173	 104	 171	 353	 347	 352	 352	 354	 356	 356	 358	 359	 359	 385	 384	 395	
198	 36	 29	 51	 56	 86	 89	 155	 150	 292	 264	 288	 293	 298	 303	 312	 316	 331	 335	 354	
-345	 359	 357	 358	 358	 360	 360	 360	 361	 361	 361	 701	 554	 710	 607	 836	 652	 828	 697	 833	
198	 12	 83	 77	 101	 111	 133	 357	 354	 355	 356	 356	 358	 359	 359	 359	 360	 432	 419	 432	
-345	 637	 382	 443	 444	 453	 473	 482	 504	 505	 519	 1071	 1143	 1159	 1310	 1248	 1501	 1380	 1637	 1507	
198	 9	 18	 39	 111	 98	 243	 244	 258	 262	 270	 278	 287	 295	 318	 323	 346	 352	 353	 354	
198	 57	 25	 287	 198	 266	 252	 271	 300	 299	 312	 321	 324	 355	 355	 356	 357	 357	 359	 359	
198	 29	 27	 46	 208	 156	 232	 226	 243	 252	 272	 273	 286	 289	 336	 338	 345	 348	 349	 351	
-345	 306	 234	 272	 278	 295	 305	 312	 353	 354	 354	 362	 362	 363	 364	 365	 366	 367	 409	 411	
198	 33	 62	 62	 108	 109	 163	 151	 175	 193	 199	 228	 254	 255	 277	 285	 304	 307	 312	 321	
198	 43	 306	 242	 275	 300	 315	 317	 325	 327	 330	 338	 359	 359	 359	 360	 361	 361	 362	 362	
198	 36	 177	 108	 180	 161	 236	 233	 250	 254	 263	 283	 331	 329	 334	 337	 347	 349	 351	 352	
198	 50	 362	 361	 361	 361	 363	 363	 364	 366	 369	 370	 1050	 800	 981	 897	 997	 969	 988	 1011	
198	 60	 33	 76	 121	 107	 222	 175	 228	 242	 277	 273	 286	 291	 314	 314	 338	 338	 343	 348	
198	 295	 180	 313	 331	 331	 341	 344	 348	 349	 350	 360	 360	 363	 368	 368	 372	 375	 380	 382	
198	 12	 9	 86	 95	 111	 117	 194	 196	 253	 242	 261	 263	 294	 307	 311	 315	 333	 339	 348	
-345	 63	 78	 91	 136	 123	 149	 159	 189	 256	 249	 300	 295	 304	 318	 319	 324	 329	 335	 348	
-345	 66	 76	 108	 260	 268	 272	 281	 288	 308	 314	 336	 336	 341	 355	 358	 358	 358	 359	 359	
198	 36	 22	 63	 58	 95	 219	 175	 215	 221	 243	 252	 261	 272	 279	 291	 333	 332	 336	 340	
198	 5	 51	 70	 80	 102	 119	 127	 264	 237	 259	 262	 288	 299	 304	 312	 319	 322	 348	 350	
198	 103	 103	 278	 221	 256	 256	 269	 286	 288	 317	 322	 336	 354	 354	 355	 356	 356	 357	 358	
198	 29	 17	 60	 50	 84	 103	 122	 215	 210	 226	 245	 249	 265	 269	 280	 294	 302	 331	 336	
198	 26	 16	 54	 61	 76	 130	 245	 283	 280	 296	 299	 305	 313	 319	 323	 334	 351	 357	 357	
-345	 -29	 62	 24	 82	 145	 135	 159	 162	 349	 340	 344	 346	 348	 350	 355	 356	 356	 357	 365	
198	 12	 9	 221	 133	 214	 188	 216	 270	 340	 337	 340	 341	 356	 356	 357	 358	 358	 359	 364	
198	 36	 15	 51	 155	 126	 167	 236	 218	 246	 256	 269	 273	 280	 321	 323	 328	 344	 345	 348	
198	 2	 30	 23	 55	 172	 146	 203	 243	 279	 278	 284	 298	 299	 307	 336	 340	 345	 352	 356	
198	 33	 25	 181	 125	 176	 180	 191	 202	 231	 239	 255	 263	 318	 319	 324	 331	 333	 336	 342	
-345	 358	 353	 354	 355	 356	 356	 357	 358	 376	 379	 989	 603	 927	 717	 898	 770	 896	 848	 1066	
198	 26	 23	 46	 83	 94	 143	 157	 169	 189	 206	 214	 228	 234	 262	 270	 293	 304	 309	 317	
198	 12	 26	 43	 216	 133	 242	 206	 276	 271	 282	 288	 299	 305	 343	 342	 349	 350	 355	 356	
198	 29	 13	 105	 59	 340	 306	 324	 337	 339	 341	 346	 347	 352	 352	 362	 362	 363	 365	 366	
198	 200	 83	 181	 137	 188	 338	 338	 361	 361	 361	 366	 367	 368	 369	 370	 466	 474	 981	 629	
198	 19	 127	 74	 167	 174	 183	 206	 225	 236	 241	 259	 307	 303	 321	 332	 334	 339	 343	 346	
198	 90	 42	 130	 91	 322	 279	 341	 338	 341	 349	 350	 352	 354	 355	 361	 361	 366	 366	 367	
198	 50	 150	 167	 182	 190	 248	 238	 254	 260	 288	 287	 329	 338	 341	 343	 350	 351	 352	 353	
198	 12	 9	 49	 41	 125	 162	 210	 205	 234	 236	 249	 253	 270	 274	 303	 324	 336	 339	 343	
198	 5	 239	 166	 217	 243	 287	 288	 300	 303	 307	 313	 351	 353	 353	 356	 358	 359	 359	 359	
198	 50	 122	 90	 127	 116	 245	 211	 280	 278	 302	 303	 331	 331	 334	 335	 350	 352	 356	 357	
198	 100	 42	 102	 153	 182	 246	 227	 256	 256	 274	 305	 306	 311	 331	 339	 349	 350	 352	 353	
198	 -5	 21	 64	 132	 106	 216	 182	 246	 239	 251	 254	 270	 291	 317	 317	 338	 340	 346	 349	
198	 50	 23	 76	 66	 106	 101	 312	 280	 298	 300	 318	 319	 326	 330	 335	 338	 357	 358	 358	
198	 22	 22	 60	 87	 184	 167	 197	 209	 215	 234	 240	 253	 267	 286	 321	 325	 330	 335	 337	
198	 12	 9	 76	 62	 88	 103	 169	 199	 235	 236	 247	 252	 281	 286	 291	 302	 322	 334	 343	
952	 1822	 -279	 361	 363	 365	 3066	 3066	 3066	 3066	 3066	 3066	 3066	 3066	 3066	 3066	 3066	 3066	 3066	 3066	
-345	 59	 71	 83	 101	 108	 128	 140	 189	 3066	 3066	 3066	 3066	 3066	 3066	 3066	 3066	 3066	 3066	 3066	
198	 19	 17	 49	 74	 164	 136	 175	 175	 208	 213	 226	 235	 249	 268	 307	 308	 315	 320	 328	
198	 140	 54	 144	 136	 156	 172	 176	 223	 219	 267	 294	 294	 305	 318	 319	 326	 328	 338	 341	
-345	 8	 70	 100	 96	 121	 129	 148	 171	 255	 233	 279	 277	 305	 304	 311	 317	 322	 329	 346	
-345	 -9	 51	 36	 84	 356	 350	 358	 358	 359	 359	 360	 360	 360	 361	 498	 448	 629	 510	 677	
198	 -8	 135	 71	 145	 164	 338	 336	 851	 475	 770	 539	 872	 625	 867	 739	 1045	 1009	 1732	 1732	
198	 43	 62	 76	 83	 117	 147	 143	 168	 209	 215	 238	 262	 267	 273	 288	 304	 306	 313	 328	
198	 16	 16	 185	 307	 284	 358	 357	 358	 358	 358	 359	 359	 361	 372	 373	 595	 470	 558	 520	
198	 125	 58	 120	 111	 173	 265	 260	 271	 275	 319	 318	 324	 327	 332	 340	 353	 355	 356	 356	
198	 12	 100	 69	 107	 199	 228	 254	 255	 266	 274	 282	 315	 317	 320	 341	 349	 352	 353	 354	
-345	 705	 382	 475	 1729	 1732	 1732	 1732	 1732	 1732	 1732	 2401	 2401	 2401	 3064	 2975	 3023	 3040	 3044	 3048	
198	 267	 149	 253	 228	 278	 273	 287	 291	 297	 350	 350	 351	 354	 355	 357	 358	 358	 358	 359	
198	 16	 181	 143	 246	 209	 289	 277	 291	 295	 305	 308	 343	 347	 353	 354	 357	 358	 358	 358	
198	 9	 142	 70	 261	 183	 241	 261	 269	 318	 315	 321	 343	 344	 355	 355	 356	 358	 358	 360	
198	 16	 97	 147	 134	 157	 169	 256	 231	 354	 351	 353	 356	 358	 359	 359	 359	 361	 361	 390	
198	 46	 25	 97	 64	 135	 108	 164	 156	 208	 199	 241	 237	 269	 266	 289	 291	 305	 311	 324	
198	 93	 60	 128	 106	 148	 140	 165	 193	 196	 216	 265	 269	 288	 292	 301	 306	 312	 323	 326	
198	 36	 19	 89	 60	 180	 125	 192	 179	 224	 217	 251	 249	 278	 278	 315	 313	 323	 328	 336	
-345	 -6	 59	 40	 172	 205	 337	 326	 330	 336	 338	 345	 346	 348	 354	 358	 363	 363	 363	 364	
198	 33	 18	 52	 52	 82	 110	 151	 144	 251	 229	 255	 256	 268	 275	 285	 301	 316	 318	 342	
198	 50	 19	 75	 56	 351	 337	 342	 345	 347	 351	 352	 353	 354	 355	 368	 369	 371	 374	 376	
198	 9	 25	 114	 80	 122	 119	 251	 283	 283	 292	 297	 307	 329	 331	 334	 337	 352	 357	 357	
198	 5	 10	 51	 42	 99	 161	 172	 187	 240	 227	 247	 250	 271	 274	 293	 320	 328	 332	 343	
198	 12	 22	 66	 52	 105	 1020	 530	 931	 638	 901	 712	 893	 800	 886	 861	 1732	 1732	 1732	 1732	
198	 9	 197	 101	 184	 316	 295	 321	 321	 331	 334	 337	 354	 354	 355	 360	 361	 362	 362	 363	
198	 122	 43	 159	 114	 143	 146	 161	 193	 194	 275	 258	 272	 295	 300	 299	 306	 310	 322	 325	
198	 22	 25	 78	 120	 184	 167	 197	 209	 217	 239	 240	 256	 277	 302	 324	 326	 330	 336	 338	
198	 63	 41	 80	 118	 163	 209	 201	 228	 226	 237	 275	 278	 287	 308	 323	 337	 338	 342	 343	
198	 22	 25	 54	 81	 86	 108	 125	 154	 176	 188	 202	 216	 229	 251	 256	 268	 279	 293	 305	
-345	 359	 354	 355	 356	 357	 357	 358	 358	 359	 359	 555	 463	 535	 505	 558	 540	 575	 567	 616	
198	 2	 60	 46	 134	 127	 131	 141	 153	 285	 247	 272	 294	 298	 320	 327	 326	 329	 332	 352	
198	 67	 79	 97	 104	 134	 148	 163	 174	 191	 221	 237	 269	 271	 279	 292	 302	 308	 313	 319	
-345	 106	 95	 124	 133	 143	 177	 182	 329	 320	 325	 347	 348	 349	 351	 352	 354	 355	 360	 361	
198	 46	 29	 79	 71	 140	 274	 288	 291	 296	 301	 318	 321	 328	 332	 341	 356	 358	 358	 359	
198	 9	 160	 833	 437	 717	 528	 703	 582	 707	 623	 716	 811	 1732	 1732	 1732	 1732	 1732	 1732	 1732	
198	 16	 16	 70	 66	 89	 134	 145	 170	 186	 200	 207	 220	 248	 255	 263	 289	 298	 307	 316	
198	 -2	 228	 113	 210	 190	 221	 280	 271	 1732	 1732	 1732	 1763	 1769	 1811	 1868	 1904	 2304	 1969	 3066	
-451	 -350	 -4	 129	 240	 200	 349	 341	 345	 348	 352	 353	 354	 359	 360	 360	 372	 372	 375	 379	
198	 19	 69	 147	 119	 157	 151	 195	 207	 220	 225	 245	 276	 310	 310	 316	 320	 329	 336	 339	
198	 22	 29	 216	 145	 206	 200	 215	 319	 304	 316	 320	 326	 350	 351	 353	 354	 355	 359	 360	
198	 36	 57	 56	 106	 331	 296	 318	 324	 331	 338	 340	 345	 346	 350	 361	 361	 361	 362	 363	
198	 63	 47	 82	 78	 277	 217	 254	 267	 272	 289	 303	 312	 316	 320	 352	 352	 353	 355	 355	
198	 19	 48	 82	 98	 103	 134	 145	 330	 305	 319	 321	 331	 338	 342	 343	 347	 349	 360	 360	
-443	 159	 37	 323	 258	 287	 292	 308	 356	 356	 359	 360	 360	 365	 365	 366	 367	 370	 466	 440	
198	 36	 33	 52	 86	 92	 189	 259	 243	 262	 266	 287	 294	 298	 311	 317	 337	 351	 352	 353	
-345	 -6	 62	 35	 71	 112	 132	 146	 188	 213	 213	 252	 250	 261	 266	 293	 303	 310	 324	 333	
198	 73	 33	 89	 70	 99	 232	 243	 254	 265	 293	 298	 304	 311	 315	 318	 345	 352	 353	 354	
-345	 185	 128	 192	 184	 208	 210	 225	 301	 302	 307	 348	 348	 350	 352	 353	 354	 355	 358	 359	
198	 9	 14	 58	 170	 351	 348	 349	 350	 352	 353	 354	 355	 356	 359	 378	 386	 389	 391	 396	
198	 341	 297	 311	 316	 323	 326	 349	 352	 353	 354	 365	 366	 366	 367	 369	 370	 390	 399	 401	
-345	 118	 103	 138	 257	 224	 248	 248	 260	 284	 298	 332	 332	 336	 352	 353	 354	 354	 355	 357	
-345	 230	 171	 215	 240	 251	 258	 290	 289	 298	 305	 351	 351	 352	 355	 356	 357	 358	 358	 359	
-488	 329	 -134	 186	 309	 300	 309	 315	 317	 942	 529	 879	 639	 859	 1014	 987	 1005	 1010	 1013	 1732	
198	 43	 136	 314	 287	 299	 303	 306	 398	 392	 406	 407	 456	 738	 545	 719	 591	 713	 1070	 1068	
198	 40	 44	 88	 135	 153	 168	 181	 212	 206	 223	 248	 262	 279	 304	 314	 320	 325	 333	 334	
198	 9	 133	 49	 123	 96	 292	 275	 288	 292	 299	 304	 335	 331	 334	 337	 356	 358	 358	 358	
198	 70	 306	 242	 274	 280	 304	 322	 323	 326	 336	 341	 359	 359	 359	 360	 360	 361	 362	 362	
198	 198	 84	 180	 141	 213	 285	 275	 290	 294	 340	 340	 342	 345	 346	 351	 357	 358	 358	 358	
-451	 -257	 -46	 351	 352	 353	 360	 360	 360	 360	 361	 414	 435	 541	 513	 544	 824	 594	 834	 641	
198	 33	 21	 64	 71	 99	 106	 127	 161	 169	 199	 201	 216	 231	 247	 259	 268	 278	 296	 303	
1531	 132	 -39	 288	 184	 280	 288	 325	 324	 327	 337	 338	 340	 357	 358	 359	 360	 361	 362	 362	
198	 9	 124	 66	 122	 113	 195	 169	 328	 312	 320	 324	 343	 344	 345	 347	 353	 354	 360	 360	
198	 33	 179	 113	 188	 159	 266	 237	 258	 331	 330	 334	 351	 352	 354	 354	 358	 358	 358	 361	
198	 43	 58	 78	 81	 127	 122	 141	 269	 233	 269	 274	 295	 301	 305	 318	 322	 325	 349	 349	
198	 57	 32	 70	 346	 320	 328	 334	 343	 345	 348	 351	 352	 353	 364	 365	 365	 367	 370	 372	
198	 16	 51	 80	 83	 159	 127	 170	 194	 201	 219	 224	 255	 271	 277	 306	 305	 313	 325	 329	
-345	 317	 2401	 2399	 2400	 2401	 2401	 2401	 2406	 2408	 2411	 3048	 3066	 3066	 3066	 3066	 3066	 3066	 3066	 3066	
198	 16	 20	 235	 171	 266	 237	 263	 269	 282	 286	 296	 303	 346	 348	 354	 354	 355	 356	 357	
198	 9	 14	 31	 196	 185	 213	 213	 248	 267	 270	 280	 287	 292	 336	 344	 346	 348	 351	 354	
198	 57	 72	 78	 94	 100	 331	 318	 335	 336	 339	 346	 350	 351	 352	 353	 361	 362	 364	 365	
903	 322	 336	 338	 342	 343	 345	 346	 349	 355	 370	 371	 379	 381	 385	 387	 390	 393	 402	 435	
-488	 352	 78	 241	 206	 231	 269	 271	 308	 311	 351	 351	 353	 354	 356	 356	 358	 358	 360	 360	
903	 -56	 201	 55	 172	 124	 182	 223	 217	 263	 313	 310	 319	 321	 326	 330	 335	 346	 347	 351	
927	 360	 291	 311	 348	 348	 351	 354	 365	 365	 495	 451	 507	 485	 734	 542	 759	 621	 1056	 965	
198	 87	 65	 116	 111	 184	 159	 192	 192	 209	 224	 267	 276	 289	 297	 318	 319	 324	 328	 332	
198	 29	 34	 58	 101	 95	 124	 265	 233	 257	 259	 279	 288	 296	 312	 315	 321	 349	 350	 351	
198	 22	 49	 61	 76	 86	 102	 150	 269	 239	 263	 271	 291	 297	 304	 308	 314	 327	 350	 351	
198	 264	 179	 237	 222	 269	 270	 291	 291	 297	 348	 350	 353	 354	 355	 357	 357	 358	 358	 359	
198	 22	 32	 56	 118	 109	 155	 150	 173	 179	 201	 207	 229	 238	 276	 279	 295	 301	 307	 312	
198	 266	 164	 237	 217	 258	 257	 272	 278	 285	 347	 347	 350	 352	 353	 355	 355	 356	 357	 357	
198	 190	 103	 178	 157	 232	 235	 244	 250	 301	 339	 338	 343	 345	 347	 352	 355	 355	 356	 358	
198	 29	 95	 96	 139	 127	 175	 164	 186	 207	 216	 236	 279	 286	 301	 303	 316	 318	 322	 330	
198	 60	 22	 70	 191	 160	 201	 308	 289	 302	 310	 323	 324	 328	 348	 350	 352	 358	 359	 359	
198	 9	 28	 38	 130	 184	 175	 208	 206	 238	 238	 250	 265	 271	 307	 330	 332	 337	 339	 344	
198	 87	 41	 93	 94	 226	 173	 220	 236	 241	 278	 286	 294	 299	 309	 339	 339	 342	 347	 348	
198	 46	 56	 83	 91	 124	 145	 147	 180	 178	 209	 222	 249	 257	 267	 282	 296	 298	 310	 313	
198	 364	 361	 361	 362	 362	 363	 363	 364	 364	 368	 1046	 726	 987	 854	 959	 920	 959	 955	 968	
198	 16	 16	 33	 95	 160	 156	 183	 192	 225	 223	 243	 248	 255	 287	 316	 320	 326	 331	 338	
198	 109	 21	 172	 108	 163	 148	 185	 201	 205	 215	 281	 259	 304	 305	 310	 314	 321	 330	 332	
-345	 341	 328	 334	 337	 356	 357	 357	 357	 358	 358	 379	 391	 394	 400	 526	 477	 519	 510	 530	
198	 250	 130	 268	 221	 355	 352	 353	 360	 361	 367	 367	 369	 376	 377	 637	 474	 586	 812	 687	
-345	 260	 189	 259	 284	 284	 294	 299	 322	 323	 327	 357	 357	 358	 359	 360	 360	 360	 361	 361	
198	 2	 26	 57	 139	 145	 162	 238	 215	 278	 268	 277	 290	 303	 327	 335	 337	 349	 349	 354	
198	 63	 27	 76	 245	 245	 258	 264	 262	 270	 277	 304	 304	 311	 348	 353	 354	 355	 354	 355	
198	 205	 118	 188	 165	 198	 203	 311	 292	 305	 324	 346	 348	 350	 351	 352	 353	 359	 359	 359	
198	 36	 67	 168	 121	 170	 161	 193	 289	 269	 286	 299	 315	 337	 338	 340	 343	 346	 356	 356	
-345	 -23	 61	 32	 96	 92	 120	 173	 159	 280	 245	 282	 282	 294	 305	 314	 319	 334	 335	 351	
198	 67	 24	 75	 56	 121	 94	 174	 258	 255	 274	 294	 295	 302	 306	 319	 321	 334	 350	 353	
-345	 357	 352	 353	 353	 354	 355	 356	 357	 358	 360	 458	 438	 453	 457	 465	 480	 486	 521	 524	
-345	 18	 76	 56	 106	 104	 131	 144	 156	 212	 201	 256	 252	 264	 277	 287	 295	 304	 309	 327	
198	 90	 63	 108	 100	 124	 136	 348	 335	 340	 349	 350	 352	 353	 354	 355	 356	 365	 365	 366	
903	 137	 254	 282	 281	 297	 300	 308	 310	 321	 355	 355	 357	 359	 359	 360	 360	 360	 360	 361	
198	 9	 25	 58	 72	 79	 191	 163	 197	 260	 253	 262	 275	 289	 299	 302	 332	 335	 338	 349	
198	 5	 17	 90	 69	 116	 104	 345	 326	 337	 339	 341	 344	 350	 351	 353	 354	 363	 363	 365	
198	 2	 9	 82	 51	 109	 198	 176	 332	 316	 323	 325	 329	 340	 341	 345	 353	 355	 360	 361	
198	 26	 16	 57	 52	 102	 88	 126	 183	 220	 227	 239	 246	 261	 267	 286	 289	 299	 322	 335	
198	 109	 102	 123	 128	 331	 313	 319	 324	 329	 340	 346	 351	 352	 353	 361	 361	 361	 362	 362	
-345	 36	 84	 74	 129	 115	 142	 155	 167	 202	 206	 260	 258	 270	 288	 292	 298	 307	 312	 324	
198	 50	 43	 68	 71	 270	 204	 250	 268	 273	 293	 299	 310	 313	 318	 351	 351	 352	 355	 356	
-345	 345	 320	 330	 339	 353	 353	 354	 355	 356	 356	 374	 375	 378	 387	 431	 423	 434	 437	 451	
198	 22	 36	 284	 206	 268	 260	 289	 288	 295	 304	 309	 319	 354	 355	 356	 357	 358	 358	 358	
198	 12	 57	 192	 127	 193	 222	 227	 239	 262	 262	 276	 297	 335	 334	 339	 347	 349	 350	 353	
198	 161	 60	 166	 99	 163	 139	 327	 297	 309	 328	 342	 342	 346	 346	 348	 349	 359	 359	 360	
-1092	 951	 -280	 279	 333	 332	 342	 343	 345	 346	 357	 360	 360	 361	 366	 367	 371	 372	 374	 374	
198	 5	 31	 12	 83	 123	 122	 150	 153	 168	 179	 186	 212	 199	 243	 274	 276	 288	 293	 299	
198	 83	 40	 126	 98	 138	 134	 227	 203	 228	 270	 268	 281	 299	 304	 310	 315	 337	 339	 341	
198	 5	 237	 129	 209	 193	 218	 235	 257	 314	 308	 315	 351	 351	 352	 354	 354	 356	 357	 359	
198	 16	 23	 82	 266	 217	 252	 252	 360	 359	 359	 360	 360	 361	 367	 369	 370	 371	 812	 483	
198	 36	 53	 91	 95	 112	 120	 251	 206	 244	 250	 265	 284	 298	 304	 309	 314	 343	 343	 346	
-345	 1	 81	 49	 114	 230	 195	 221	 220	 352	 348	 352	 354	 355	 356	 359	 360	 360	 360	 376	
-345	 109	 236	 184	 318	 297	 309	 316	 320	 359	 359	 361	 364	 365	 379	 380	 383	 388	 391	 741	
198	 2	 13	 70	 63	 199	 132	 203	 224	 248	 250	 258	 267	 291	 297	 332	 330	 336	 345	 349	
-345	 362	 359	 360	 369	 370	 372	 380	 381	 383	 385	 1060	 883	 996	 1059	 1058	 1060	 1064	 1064	 1065	
903	 354	 355	 356	 356	 357	 358	 359	 359	 359	 542	 459	 563	 508	 561	 556	 617	 594	 632	 626	
198	 2	 707	 440	 659	 530	 643	 568	 740	 624	 749	 653	 1732	 1732	 1732	 1732	 1732	 1732	 1732	 1732	
198	 33	 38	 65	 83	 97	 251	 196	 240	 234	 255	 265	 280	 288	 299	 305	 343	 343	 345	 347	
198	 73	 23	 76	 168	 245	 239	 257	 286	 289	 316	 316	 319	 322	 343	 353	 355	 356	 357	 358	
198	 26	 23	 157	 140	 184	 191	 216	 218	 230	 251	 252	 266	 313	 322	 329	 335	 340	 341	 343	
-345	 42	 69	 122	 180	 161	 188	 194	 215	 234	 248	 286	 282	 309	 328	 329	 332	 336	 340	 344	
198	 100	 109	 119	 166	 172	 209	 205	 228	 230	 243	 291	 310	 311	 325	 330	 338	 340	 343	 345	
198	 22	 25	 47	 59	 68	 91	 286	 230	 358	 356	 357	 358	 358	 358	 359	 359	 363	 363	 480	
-345	 39	 88	 77	 104	 125	 142	 163	 168	 223	 210	 275	 271	 282	 287	 300	 308	 316	 320	 334	
-345	 221	 162	 221	 239	 240	 280	 311	 314	 319	 321	 354	 355	 356	 357	 358	 359	 360	 361	 361	
-345	 8	 76	 62	 92	 114	 285	 235	 263	 282	 286	 309	 314	 321	 324	 332	 354	 354	 355	 357	
198	 43	 48	 98	 100	 148	 133	 160	 161	 200	 207	 231	 249	 270	 280	 298	 299	 305	 310	 321	
198	 16	 23	 59	 54	 84	 77	 204	 185	 358	 355	 356	 357	 358	 358	 358	 359	 360	 361	 450	
198	 9	 18	 32	 234	 3066	 3066	 3066	 3066	 3066	 3066	 3066	 3066	 3066	 3066	 3066	 3066	 3066	 3066	 3066	
198	 2	 16	 138	 89	 143	 308	 277	 302	 306	 311	 314	 320	 341	 343	 345	 358	 359	 359	 359	
-345	 324	 272	 299	 301	 309	 319	 324	 329	 333	 337	 360	 360	 361	 361	 361	 362	 362	 363	 363	
198	 90	 35	 150	 91	 171	 158	 214	 210	 225	 274	 269	 280	 306	 306	 318	 325	 335	 339	 341	
198	 5	 34	 41	 60	 100	 223	 175	 217	 297	 282	 295	 306	 311	 317	 327	 348	 348	 350	 357	
198	 36	 238	 158	 221	 214	 242	 278	 276	 285	 289	 306	 348	 348	 350	 352	 354	 356	 357	 357	
198	 22	 53	 55	 74	 91	 99	 161	 354	 349	 351	 353	 355	 355	 356	 357	 357	 358	 380	 384	
-345	 76	 92	 104	 118	 125	 148	 209	 193	 274	 260	 314	 312	 318	 322	 325	 330	 342	 344	 352	
198	 46	 122	 186	 240	 271	 274	 279	 286	 290	 296	 313	 335	 347	 354	 356	 357	 357	 358	 358	
198	 90	 39	 101	 104	 160	 153	 227	 206	 232	 277	 272	 283	 291	 305	 319	 324	 338	 340	 342	
198	 5	 17	 109	 354	 344	 345	 355	 357	 358	 359	 359	 359	 360	 433	 416	 425	 517	 502	 586	
198	 77	 34	 178	 108	 248	 210	 252	 245	 256	 272	 296	 298	 329	 329	 346	 348	 350	 351	 352	
198	 29	 24	 127	 90	 216	 179	 215	 212	 231	 235	 258	 264	 302	 304	 332	 335	 338	 340	 343	
-1032	 353	 110	 249	 260	 268	 282	 286	 297	 348	 354	 359	 359	 359	 361	 361	 361	 362	 362	 374	
198	 40	 40	 67	 89	 100	 121	 129	 154	 170	 196	 205	 228	 235	 255	 261	 274	 280	 292	 302	
-345	 22	 60	 125	 120	 142	 172	 205	 242	 248	 253	 294	 288	 318	 322	 326	 334	 341	 348	 350	
198	 9	 195	 350	 352	 354	 355	 355	 356	 359	 360	 360	 363	 460	 499	 515	 515	 525	 531	 721	
198	 26	 341	 331	 335	 336	 340	 354	 354	 355	 356	 357	 369	 379	 380	 381	 385	 431	 427	 437	
198	 12	 119	 96	 148	 133	 157	 179	 183	 361	 360	 361	 362	 363	 364	 365	 365	 367	 367	 954	
198	 22	 25	 104	 80	 137	 125	 168	 162	 184	 193	 211	 223	 264	 265	 284	 289	 302	 307	 312	
-345	 163	 118	 158	 151	 180	 183	 229	 232	 284	 309	 335	 336	 338	 340	 343	 345	 350	 352	 356	
198	 122	 135	 142	 155	 170	 193	 218	 249	 246	 260	 308	 326	 327	 331	 335	 340	 344	 349	 350	
-345	 155	 111	 156	 152	 174	 254	 299	 293	 304	 316	 345	 345	 347	 349	 350	 356	 359	 359	 359	
-345	 56	 134	 363	 373	 374	 376	 377	 378	 383	 385	 408	 427	 1066	 1059	 1061	 1062	 1062	 1063	 1065	
-345	 -9	 68	 189	 175	 226	 214	 230	 233	 283	 277	 300	 305	 341	 345	 349	 350	 351	 352	 356	
198	 53	 136	 104	 146	 153	 163	 179	 247	 237	 275	 272	 318	 316	 322	 328	 331	 335	 346	 348	
198	 12	 152	 76	 171	 134	 182	 207	 213	 243	 242	 257	 315	 309	 322	 325	 330	 339	 342	 346	
198	 33	 56	 128	 106	 139	 133	 177	 174	 204	 215	 230	 257	 289	 291	 297	 301	 314	 318	 326	
198	 106	 85	 128	 122	 158	 245	 218	 254	 247	 296	 297	 316	 320	 324	 330	 347	 348	 350	 351	
198	 22	 207	 135	 277	 238	 266	 266	 282	 287	 295	 304	 345	 346	 355	 355	 356	 356	 357	 358	
198	 19	 17	 39	 51	 103	 175	 180	 217	 216	 229	 244	 251	 259	 270	 292	 321	 328	 336	 339	
-345	 3066	 3066	 3066	 3066	 3066	 3066	 3066	 3066	 3066	 3066	 3066	 3066	 3066	 3066	 3066	 3066	 3066	 3066	 3066	
-345	 42	 142	 93	 147	 140	 186	 177	 200	 219	 236	 276	 301	 301	 308	 315	 325	 327	 331	 337	
198	 22	 22	 359	 356	 357	 358	 358	 358	 359	 360	 360	 360	 647	 471	 601	 543	 606	 581	 677	
198	 185	 90	 251	 268	 269	 306	 352	 353	 353	 354	 359	 359	 361	 363	 363	 365	 402	 403	 405	
198	 29	 331	 300	 313	 318	 321	 325	 328	 342	 345	 347	 361	 362	 362	 363	 363	 364	 364	 368	
198	 26	 37	 56	 115	 117	 138	 143	 200	 188	 220	 221	 245	 251	 284	 292	 298	 303	 322	 324	
198	 12	 12	 50	 60	 103	 135	 139	 189	 180	 200	 210	 219	 238	 252	 272	 292	 297	 315	 318	
198	 19	 24	 51	 59	 100	 145	 138	 171	 185	 196	 212	 225	 238	 248	 269	 295	 296	 307	 316	
198	 164	 192	 204	 226	 229	 240	 247	 255	 277	 326	 325	 346	 348	 350	 351	 352	 353	 354	 356	
198	 9	 11	 84	 53	 123	 96	 277	 264	 284	 287	 295	 300	 319	 321	 330	 333	 353	 356	 357	
198	 16	 27	 80	 76	 95	 174	 144	 186	 325	 307	 317	 323	 333	 337	 339	 348	 349	 351	 359	
-345	 89	 83	 126	 120	 139	 157	 198	 194	 239	 267	 296	 295	 308	 312	 316	 323	 333	 336	 343	
903	 320	 321	 332	 340	 342	 343	 350	 353	 353	 366	 368	 370	 373	 379	 381	 382	 396	 408	 409	
-345	 -23	 57	 24	 68	 289	 239	 267	 290	 338	 336	 342	 344	 346	 347	 359	 359	 360	 360	 364	
-345	 309	 247	 277	 273	 295	 298	 312	 321	 331	 337	 359	 359	 360	 360	 360	 361	 361	 362	 363	
198	 26	 23	 83	 78	 181	 134	 197	 220	 223	 246	 249	 262	 284	 292	 322	 321	 330	 340	 341	
-345	 5	 62	 179	 153	 179	 203	 201	 246	 315	 309	 326	 327	 348	 350	 351	 353	 354	 356	 359	
198	 9	 66	 70	 134	 127	 153	 157	 200	 203	 211	 227	 263	 272	 297	 303	 309	 314	 326	 331	
-345	 -23	 51	 19	 102	 65	 201	 185	 208	 392	 379	 386	 388	 391	 403	 405	 448	 466	 468	 1070	
198	 29	 101	 159	 167	 179	 186	 202	 243	 240	 251	 271	 305	 327	 333	 335	 337	 340	 347	 349	
-345	 49	 91	 85	 112	 144	 142	 169	 170	 237	 229	 283	 283	 292	 298	 313	 315	 322	 325	 340	
253	 178	 92	 189	 167	 240	 221	 251	 249	 262	 327	 324	 329	 336	 341	 348	 349	 351	 352	 353	
198	 5	 108	 67	 283	 265	 283	 284	 291	 312	 313	 318	 338	 340	 356	 358	 359	 359	 359	 360	
198	 70	 358	 355	 357	 357	 358	 359	 359	 359	 359	 360	 569	 468	 591	 518	 613	 564	 618	 594	
-345	 259	 200	 261	 259	 302	 300	 305	 311	 317	 320	 356	 356	 358	 358	 360	 360	 360	 360	 361	
198	 29	 51	 70	 137	 122	 147	 180	 175	 208	 211	 234	 255	 265	 297	 299	 304	 319	 320	 328	
-345	 22	 63	 199	 226	 231	 237	 248	 255	 300	 307	 320	 321	 346	 353	 354	 355	 355	 356	 358	
198	 344	 336	 339	 342	 344	 456	 451	 461	 465	 472	 993	 815	 948	 890	 941	 1074	 1147	 1145	 1180	
198	 106	 51	 106	 88	 122	 303	 261	 355	 353	 355	 357	 358	 358	 358	 359	 363	 363	 413	 408	
198	 9	 28	 49	 55	 224	 252	 267	 272	 282	 287	 295	 305	 313	 316	 346	 354	 356	 356	 357	
198	 19	 11	 164	 340	 323	 331	 345	 352	 353	 354	 355	 355	 358	 369	 370	 371	 383	 400	 401	
198	 198	 84	 190	 143	 202	 360	 359	 359	 359	 362	 362	 363	 364	 364	 365	 797	 490	 740	 555	
198	 215	 163	 202	 207	 279	 1070	 1070	 1071	 1071	 1302	 1242	 1638	 1337	 1678	 1715	 2401	 2401	 2401	 2401	
198	 40	 51	 67	 79	 90	 133	 143	 322	 293	 306	 318	 327	 330	 334	 336	 342	 346	 359	 359	
198	 50	 74	 71	 115	 179	 162	 185	 203	 249	 264	 270	 297	 295	 309	 330	 331	 334	 339	 347	
-345	 2401	 2401	 2401	 2401	 2401	 2401	 2401	 2401	 2401	 2401	 3066	 3066	 3066	 3066	 3066	 3066	 3066	 3066	 3066	
-345	 15	 85	 76	 115	 121	 135	 153	 157	 193	 194	 243	 246	 266	 275	 287	 291	 301	 304	 316	
198	 22	 157	 86	 176	 146	 235	 216	 237	 256	 269	 273	 325	 321	 331	 334	 345	 347	 349	 351	
198	 80	 46	 100	 109	 125	 133	 152	 177	 184	 241	 233	 255	 263	 282	 286	 293	 300	 312	 316	
198	 100	 45	 122	 113	 146	 143	 163	 174	 348	 347	 349	 350	 352	 354	 355	 356	 356	 357	 365	
198	 9	 39	 237	 352	 348	 350	 351	 353	 354	 355	 356	 357	 360	 398	 396	 401	 405	 417	 423	
198	 16	 51	 50	 77	 91	 98	 352	 340	 346	 347	 349	 352	 353	 354	 355	 356	 369	 370	 373	
217	 634	 385	 446	 709	 518	 687	 576	 715	 632	 1613	 1689	 1707	 1712	 1732	 1732	 1732	 1732	 1732	 1732	
198	 5	 51	 80	 100	 152	 308	 274	 298	 299	 305	 310	 324	 333	 338	 345	 358	 358	 359	 359	
198	 60	 29	 71	 62	 98	 262	 215	 248	 267	 282	 296	 301	 306	 311	 317	 349	 350	 351	 354	
-488	 341	 -70	 215	 253	 259	 267	 272	 287	 311	 338	 338	 343	 344	 357	 357	 358	 358	 359	 360	
198	 2	 6	 750	 480	 707	 603	 709	 634	 952	 739	 918	 803	 1732	 1732	 1732	 1732	 1732	 1732	 1733	
198	 26	 77	 68	 261	 220	 251	 252	 262	 273	 277	 294	 315	 318	 349	 352	 353	 354	 355	 355	
198	 73	 57	 95	 89	 119	 207	 181	 236	 227	 241	 281	 289	 297	 302	 309	 334	 336	 343	 345	
198	 36	 19	 55	 60	 80	 149	 121	 222	 274	 276	 288	 292	 299	 307	 312	 330	 331	 344	 354	
-345	 360	 356	 357	 358	 359	 359	 359	 360	 360	 360	 705	 472	 666	 554	 690	 617	 700	 645	 724	
198	 103	 149	 139	 160	 178	 186	 197	 213	 309	 320	 324	 343	 344	 345	 348	 350	 351	 352	 358	
198	 16	 27	 50	 87	 144	 127	 210	 190	 215	 219	 234	 248	 259	 280	 306	 307	 328	 331	 334	
198	 208	 91	 187	 148	 190	 213	 254	 251	 264	 279	 335	 332	 336	 339	 341	 347	 352	 353	 354	
-345	 210	 140	 237	 241	 261	 261	 283	 282	 294	 316	 347	 347	 352	 355	 356	 356	 357	 358	 358	
-345	 59	 226	 151	 206	 187	 223	 245	 258	 307	 304	 332	 350	 350	 351	 352	 354	 356	 357	 359	
198	 53	 34	 61	 59	 94	 278	 227	 278	 283	 305	 307	 315	 317	 320	 327	 354	 354	 356	 357	
903	 335	 333	 337	 341	 344	 345	 349	 352	 354	 373	 374	 375	 377	 381	 385	 387	 396	 406	 415	
198	 97	 27	 210	 122	 206	 221	 349	 343	 348	 353	 354	 355	 358	 359	 359	 360	 373	 373	 378	
198	 9	 35	 64	 97	 97	 120	 280	 231	 301	 294	 301	 312	 322	 331	 334	 337	 355	 355	 358	
198	 22	 22	 50	 84	 84	 237	 175	 228	 228	 248	 253	 265	 274	 293	 297	 338	 337	 341	 344	
198	 29	 20	 71	 212	 168	 207	 202	 241	 239	 259	 267	 275	 290	 336	 337	 339	 341	 347	 348	
-345	 15	 55	 77	 355	 359	 360	 360	 360	 365	 366	 369	 370	 373	 804	 819	 856	 843	 867	 1024	
198	 234	 146	 211	 190	 213	 231	 245	 260	 270	 338	 337	 344	 345	 346	 348	 350	 352	 354	 355	
-345	 83	 91	 207	 159	 213	 210	 223	 232	 252	 262	 311	 309	 337	 337	 342	 345	 346	 348	 350	
198	 93	 188	 153	 189	 196	 212	 225	 234	 250	 290	 290	 335	 334	 337	 341	 343	 346	 348	 350	
198	 22	 18	 99	 80	 112	 191	 169	 202	 223	 239	 242	 254	 286	 291	 297	 326	 327	 332	 339	
198	 12	 22	 281	 198	 259	 251	 263	 306	 305	 310	 317	 323	 355	 355	 357	 357	 357	 359	 359	
-345	 96	 276	 220	 267	 273	 279	 286	 289	 301	 321	 336	 355	 356	 357	 358	 358	 358	 358	 359	
198	 33	 32	 149	 98	 149	 129	 204	 240	 243	 253	 273	 282	 318	 319	 323	 325	 337	 347	 349	
198	 93	 282	 225	 290	 280	 293	 297	 311	 313	 334	 335	 357	 357	 359	 359	 359	 359	 360	 360	
198	 43	 14	 95	 72	 249	 279	 279	 288	 301	 316	 317	 320	 331	 335	 353	 358	 358	 358	 359	
-345	 -6	 139	 95	 234	 185	 222	 218	 230	 377	 371	 377	 389	 397	 436	 434	 441	 447	 453	 1069	
198	 26	 33	 48	 55	 67	 101	 209	 210	 248	 244	 267	 276	 282	 287	 292	 306	 336	 342	 347	
-345	 89	 103	 188	 156	 198	 186	 205	 228	 261	 266	 315	 316	 336	 337	 341	 342	 343	 347	 352	
198	 106	 41	 109	 102	 129	 130	 173	 204	 210	 272	 266	 277	 283	 297	 301	 307	 319	 331	 334	
198	 67	 42	 89	 83	 113	 174	 159	 211	 197	 249	 246	 265	 273	 282	 290	 316	 317	 329	 330	
198	 16	 13	 325	 257	 379	 374	 377	 389	 392	 396	 400	 404	 736	 498	 1070	 1064	 1065	 1067	 1068	
903	 248	 270	 271	 284	 311	 312	 317	 325	 333	 359	 359	 360	 360	 360	 361	 361	 362	 362	 363	
198	 33	 18	 59	 67	 145	 120	 157	 195	 195	 212	 233	 236	 252	 266	 298	 299	 306	 323	 326	
903	 -13	 198	 94	 193	 206	 207	 235	 247	 332	 348	 349	 350	 352	 353	 356	 356	 357	 358	 361	
198	 80	 76	 115	 115	 139	 350	 338	 343	 344	 350	 351	 354	 355	 356	 357	 367	 368	 369	 370	
198	 63	 91	 92	 114	 131	 153	 192	 187	 232	 259	 258	 295	 293	 301	 310	 318	 330	 332	 340	
198	 -5	 21	 23	 402	 385	 399	 408	 412	 427	 427	 433	 445	 449	 1070	 1069	 1070	 1070	 1070	 1070	
903	 89	 240	 214	 248	 244	 262	 266	 272	 290	 346	 346	 350	 353	 354	 355	 356	 356	 357	 358	
198	 -2	 157	 83	 329	 309	 319	 329	 335	 336	 339	 340	 353	 354	 361	 362	 362	 363	 364	 365	
198	 -5	 136	 1070	 1068	 1068	 1068	 1069	 1070	 1070	 1070	 1070	 1078	 2401	 2401	 2401	 2401	 2401	 2401	 2401	
198	 50	 26	 90	 66	 214	 155	 277	 244	 268	 276	 294	 298	 311	 314	 341	 342	 352	 353	 354	
-345	 1048	 470	 975	 674	 931	 852	 916	 1030	 1044	 1044	 2036	 2087	 2348	 2342	 2368	 2399	 2399	 2401	 2401	
198	 264	 173	 360	 358	 359	 359	 360	 361	 361	 361	 370	 373	 876	 494	 833	 585	 873	 647	 853	
903	 8	 200	 257	 272	 292	 298	 319	 319	 346	 357	 357	 357	 360	 361	 362	 362	 364	 364	 372	
198	 73	 33	 92	 68	 305	 244	 298	 293	 303	 309	 327	 329	 334	 336	 357	 357	 359	 359	 359	
198	 93	 33	 92	 88	 191	 157	 202	 340	 329	 340	 345	 346	 348	 350	 355	 356	 357	 362	 363	
198	 40	 333	 294	 332	 331	 340	 341	 347	 347	 351	 352	 362	 363	 367	 367	 371	 371	 376	 377	
198	 33	 45	 246	 161	 221	 346	 341	 343	 346	 349	 351	 353	 359	 359	 359	 369	 370	 371	 374	
-488	 339	 -103	 207	 218	 226	 263	 260	 269	 297	 325	 325	 331	 334	 353	 354	 356	 356	 357	 358	
198	 113	 74	 170	 132	 188	 347	 337	 340	 342	 352	 352	 354	 357	 357	 358	 366	 367	 368	 369	
198	 26	 23	 305	 224	 291	 282	 300	 305	 311	 316	 323	 328	 357	 357	 359	 359	 359	 360	 360	
198	 16	 20	 37	 366	 364	 365	 365	 712	 488	 662	 554	 666	 593	 1070	 1069	 1070	 1070	 1732	 1732	
198	 36	 22	 56	 59	 87	 104	 121	 153	 195	 195	 223	 226	 239	 249	 262	 275	 284	 299	 317	
198	 26	 26	 43	 332	 284	 341	 357	 358	 358	 359	 359	 359	 359	 373	 374	 405	 591	 487	 568	
198	 97	 34	 98	 71	 295	 239	 287	 307	 309	 332	 333	 336	 338	 340	 357	 357	 358	 360	 360	
198	 67	 108	 100	 124	 145	 147	 195	 195	 214	 242	 256	 295	 293	 300	 311	 313	 326	 331	 335	
198	 29	 61	 56	 96	 111	 162	 177	 187	 197	 209	 230	 258	 257	 275	 288	 307	 318	 322	 325	
198	 29	 34	 65	 84	 107	 114	 137	 143	 171	 182	 199	 217	 231	 249	 262	 269	 280	 287	 298	
198	 53	 20	 104	 66	 171	 122	 191	 171	 311	 301	 310	 313	 326	 328	 341	 342	 346	 348	 358	
198	 128	 49	 308	 237	 305	 296	 305	 313	 320	 341	 343	 345	 358	 358	 360	 360	 360	 361	 361	
903	 318	 323	 326	 338	 343	 345	 347	 348	 349	 360	 365	 366	 367	 371	 374	 375	 378	 379	 381	
-345	 99	 93	 119	 192	 165	 193	 356	 353	 354	 356	 358	 359	 359	 360	 360	 361	 418	 411	 420	
198	 90	 35	 243	 152	 217	 209	 234	 291	 284	 296	 321	 321	 348	 349	 350	 352	 353	 357	 357	
198	 29	 191	 121	 233	 193	 245	 237	 252	 261	 274	 283	 335	 334	 345	 346	 350	 351	 352	 353	
198	 77	 31	 87	 78	 120	 309	 266	 301	 303	 310	 328	 329	 333	 337	 341	 358	 358	 359	 359	
198	 73	 37	 115	 105	 148	 139	 162	 202	 197	 249	 246	 261	 281	 293	 303	 307	 312	 327	 328	
198	 16	 10	 55	 222	 147	 335	 313	 323	 332	 335	 338	 340	 344	 356	 356	 361	 362	 362	 363	
198	 12	 22	 56	 53	 95	 145	 132	 353	 346	 348	 349	 351	 353	 354	 355	 357	 358	 372	 374	
198	 29	 17	 80	 59	 113	 158	 207	 199	 217	 237	 241	 251	 274	 277	 292	 316	 331	 333	 336	
896	 -14	 204	 296	 278	 292	 306	 310	 315	 344	 355	 355	 356	 361	 361	 361	 362	 362	 363	 369	
198	 40	 91	 148	 127	 196	 234	 228	 243	 259	 262	 286	 311	 329	 329	 339	 348	 349	 350	 352	
-345	 1021	 421	 840	 517	 791	 608	 816	 858	 862	 895	 1732	 1732	 1732	 1732	 1732	 1732	 1732	 1736	 1742	
198	 36	 19	 75	 177	 151	 188	 189	 208	 217	 229	 252	 254	 275	 319	 321	 327	 331	 335	 338	
198	 318	 256	 285	 284	 289	 288	 302	 316	 317	 328	 358	 359	 359	 359	 359	 359	 360	 360	 361	
198	 33	 18	 69	 50	 780	 453	 1017	 678	 949	 789	 932	 854	 935	 898	 1732	 1732	 1733	 1734	 1734	
198	 9	 8	 50	 50	 77	 108	 164	 162	 221	 207	 229	 230	 253	 260	 271	 289	 312	 317	 332	
198	 50	 19	 130	 225	 195	 228	 224	 238	 305	 306	 315	 318	 334	 351	 352	 353	 354	 355	 358	
198	 29	 101	 68	 110	 127	 135	 187	 174	 363	 362	 362	 365	 365	 366	 367	 368	 372	 373	 1033	
360	 62	 244	 163	 245	 307	 299	 317	 318	 328	 352	 356	 356	 356	 358	 360	 360	 361	 361	 362	
198	 40	 178	 123	 185	 167	 195	 205	 214	 234	 248	 262	 323	 321	 328	 331	 334	 338	 340	 344	
198	 22	 102	 77	 162	 219	 203	 266	 256	 269	 271	 289	 318	 320	 334	 347	 348	 353	 354	 355	
903	 2401	 2401	 2401	 2401	 2401	 2401	 2401	 2401	 2401	 3066	 3066	 3066	 3066	 3066	 3066	 3066	 3066	 3066	 3066	
198	 9	 39	 98	 84	 206	 187	 211	 214	 238	 242	 252	 272	 298	 301	 331	 337	 339	 341	 345	
198	 164	 62	 151	 122	 161	 161	 222	 263	 259	 317	 319	 322	 326	 331	 334	 338	 346	 353	 353	
198	 9	 25	 61	 69	 87	 101	 120	 296	 261	 283	 285	 297	 309	 315	 320	 325	 330	 354	 355	
198	 70	 29	 348	 337	 343	 345	 346	 349	 350	 351	 355	 355	 366	 372	 375	 377	 379	 383	 384	
198	 12	 26	 54	 218	 141	 243	 215	 351	 345	 347	 349	 351	 353	 358	 358	 360	 360	 372	 373	
198	 60	 2401	 2401	 2401	 2401	 2401	 2401	 2401	 2401	 2401	 2401	 3066	 3066	 3066	 3066	 3066	 3066	 3066	 3066	
198	 60	 26	 70	 99	 152	 137	 169	 184	 204	 230	 243	 250	 258	 283	 304	 306	 313	 322	 328	
-345	 1070	 1051	 1060	 1064	 1064	 1065	 1066	 1066	 1067	 1067	 2401	 2401	 2401	 2401	 2401	 2401	 2401	 2401	 2401	
198	 33	 45	 362	 360	 362	 363	 363	 364	 365	 367	 368	 370	 1042	 705	 1030	 922	 983	 968	 1001	
-488	 341	 7	 228	 334	 341	 342	 346	 349	 350	 356	 357	 359	 359	 367	 374	 375	 379	 383	 385	
903	 216	 276	 264	 287	 287	 311	 315	 321	 327	 358	 358	 359	 359	 360	 360	 361	 361	 361	 362	
903	 355	 354	 360	 360	 361	 362	 362	 362	 363	 855	 487	 790	 830	 857	 908	 887	 914	 919	 944	
198	 70	 338	 307	 323	 326	 360	 360	 360	 360	 361	 361	 404	 403	 414	 418	 872	 519	 828	 582	
198	 26	 19	 55	 70	 83	 126	 126	 191	 179	 215	 212	 229	 240	 258	 264	 286	 291	 314	 318	
198	 26	 54	 58	 241	 173	 231	 218	 263	 259	 280	 281	 302	 305	 345	 345	 347	 349	 352	 353	
198	 19	 21	 44	 65	 97	 114	 125	 637	 416	 520	 484	 522	 515	 548	 564	 587	 590	 1079	 1464	
198	 128	 83	 147	 122	 156	 170	 574	 419	 488	 513	 547	 567	 584	 586	 603	 627	 1072	 1191	 1170	
198	 19	 17	 60	 50	 116	 144	 151	 252	 224	 250	 256	 266	 281	 285	 305	 321	 325	 345	 346	
903	 343	 343	 351	 352	 353	 354	 355	 356	 357	 393	 391	 400	 428	 432	 440	 447	 455	 474	 476	
198	 100	 39	 165	 167	 179	 272	 248	 266	 272	 305	 311	 315	 333	 343	 344	 354	 354	 355	 355	
198	 106	 71	 115	 105	 136	 141	 161	 228	 215	 238	 286	 293	 298	 303	 310	 316	 321	 338	 340	
198	 131	 81	 136	 119	 171	 155	 186	 202	 220	 283	 280	 300	 303	 308	 319	 321	 327	 333	 338	
198	 53	 78	 81	 112	 110	 133	 155	 186	 192	 233	 230	 271	 267	 283	 287	 295	 306	 318	 323	
198	 9	 209	 106	 199	 167	 238	 230	 260	 271	 275	 285	 340	 337	 342	 344	 350	 351	 354	 355	
198	 9	 21	 70	 180	 129	 200	 182	 333	 315	 322	 327	 331	 339	 351	 352	 354	 355	 361	 361	
198	 2	 138	 66	 134	 148	 179	 189	 266	 261	 271	 277	 323	 320	 325	 335	 340	 343	 352	 354	
198	 33	 18	 76	 82	 111	 117	 164	 222	 206	 244	 240	 253	 272	 286	 295	 302	 316	 335	 336	
198	 63	 34	 101	 111	 133	 137	 155	 164	 196	 225	 234	 246	 266	 285	 292	 297	 304	 309	 320	
-345	 106	 105	 121	 144	 181	 174	 201	 209	 259	 253	 317	 315	 319	 326	 335	 337	 341	 343	 350	
198	 185	 77	 173	 133	 182	 216	 214	 234	 244	 306	 316	 319	 325	 328	 333	 343	 344	 346	 349	
198	 203	 104	 180	 183	 233	 286	 279	 289	 294	 342	 341	 345	 346	 350	 353	 357	 358	 358	 358	
198	 232	 161	 212	 208	 220	 240	 270	 293	 297	 347	 346	 351	 352	 353	 354	 355	 357	 358	 359	
-443	 150	 34	 181	 106	 168	 148	 258	 336	 342	 354	 355	 355	 356	 356	 357	 357	 359	 364	 368	
198	 36	 26	 220	 125	 199	 177	 209	 230	 274	 284	 288	 297	 340	 339	 342	 344	 346	 350	 354	
-345	 -2	 70	 149	 130	 255	 218	 244	 246	 268	 268	 296	 300	 331	 333	 349	 350	 351	 352	 354	
198	 152	 298	 268	 287	 292	 304	 308	 322	 324	 347	 347	 359	 359	 360	 360	 360	 361	 361	 361	
198	 282	 190	 244	 232	 347	 342	 344	 347	 351	 360	 360	 361	 361	 361	 375	 376	 378	 381	 390	
198	 16	 84	 56	 242	 164	 322	 314	 320	 323	 328	 331	 343	 344	 355	 356	 360	 361	 361	 361	
198	 90	 56	 125	 108	 137	 146	 161	 169	 349	 347	 349	 351	 353	 354	 355	 356	 357	 357	 365	
198	 250	 127	 318	 287	 311	 313	 318	 322	 325	 353	 354	 355	 360	 360	 361	 361	 361	 361	 362	
360	 371	 372	 373	 375	 376	 380	 384	 386	 391	 542	 1070	 1062	 1063	 1064	 1065	 1066	 1067	 1067	 1067	
198	 50	 144	 98	 146	 146	 161	 264	 241	 278	 290	 298	 331	 330	 334	 338	 340	 352	 353	 355	
198	 29	 17	 50	 43	 72	 225	 160	 314	 354	 354	 355	 356	 357	 357	 357	 360	 360	 364	 418	
198	 36	 15	 104	 146	 135	 170	 201	 259	 246	 276	 275	 283	 307	 328	 328	 334	 342	 350	 351	
198	 50	 23	 66	 56	 118	 93	 193	 161	 248	 234	 265	 264	 276	 281	 301	 302	 326	 328	 342	
198	 9	 142	 103	 161	 155	 194	 196	 219	 222	 233	 242	 306	 308	 317	 323	 331	 335	 339	 341	
198	 351	 326	 353	 355	 356	 356	 357	 357	 357	 361	 386	 387	 467	 464	 478	 485	 490	 502	 506	
198	 5	 2401	 2396	 2399	 2400	 2401	 2401	 2401	 2401	 2401	 2401	 3066	 3066	 3066	 3066	 3066	 3066	 3066	 3066	
-345	 46	 116	 82	 171	 146	 201	 182	 204	 298	 288	 319	 328	 329	 340	 342	 347	 348	 349	 357	
198	 29	 75	 90	 96	 117	 141	 170	 178	 189	 206	 221	 260	 270	 274	 284	 297	 310	 315	 319	
198	 2	 87	 58	 95	 202	 181	 262	 244	 271	 274	 279	 311	 313	 317	 342	 345	 352	 353	 354	
198	 264	 145	 3066	 3066	 3066	 3066	 3066	 3066	 3066	 3066	 3066	 3066	 3066	 3066	 3066	 3066	 3066	 3066	 3066	
-345	 182	 130	 176	 161	 186	 190	 234	 246	 276	 314	 337	 338	 340	 341	 343	 345	 350	 353	 355	
198	 9	 28	 59	 194	 126	 245	 249	 273	 275	 283	 290	 301	 311	 341	 340	 350	 354	 355	 356	
198	 46	 22	 80	 73	 104	 109	 155	 156	 185	 215	 214	 228	 246	 258	 267	 276	 295	 302	 311	
198	 26	 26	 57	 282	 236	 266	 266	 281	 286	 295	 304	 311	 317	 354	 355	 356	 356	 357	 357	
198	 80	 32	 112	 107	 132	 297	 257	 280	 283	 309	 313	 318	 327	 334	 337	 356	 356	 357	 357	
-345	 42	 76	 109	 103	 129	 151	 158	 184	 210	 216	 271	 264	 291	 290	 299	 310	 314	 322	 331	
198	 22	 49	 64	 71	 128	 109	 364	 362	 362	 363	 363	 365	 366	 367	 369	 370	 1046	 756	 970	
198	 29	 38	 102	 117	 181	 163	 227	 208	 228	 230	 256	 267	 294	 307	 325	 327	 338	 340	 341	
198	 266	 150	 231	 204	 254	 255	 270	 291	 294	 301	 351	 351	 352	 353	 355	 356	 357	 358	 358	
198	 40	 44	 75	 96	 101	 253	 210	 253	 244	 264	 277	 291	 299	 311	 314	 345	 347	 349	 350	
198	 212	 101	 214	 244	 244	 281	 278	 288	 294	 344	 342	 345	 349	 355	 355	 357	 358	 358	 358	
198	 2	 119	 72	 299	 300	 816	 460	 731	 536	 712	 581	 823	 647	 1003	 931	 1732	 1732	 1732	 1732	
198	 5	 20	 88	 61	 264	 221	 247	 277	 354	 353	 354	 355	 357	 357	 360	 361	 361	 363	 404	
198	 2	 13	 25	 167	 121	 167	 334	 318	 345	 345	 346	 348	 349	 356	 357	 357	 363	 364	 370	
198	 12	 282	 182	 244	 234	 309	 3066	 3066	 3066	 3066	 3066	 3066	 3066	 3066	 3066	 3066	 3066	 3066	 3066	
903	 227	 278	 271	 284	 287	 294	 298	 354	 830	 885	 874	 922	 907	 932	 929	 943	 946	 1056	 1732	
198	 29	 10	 216	 176	 223	 219	 232	 346	 342	 345	 348	 349	 357	 359	 359	 359	 360	 367	 369	
198	 87	 233	 175	 220	 214	 297	 287	 299	 303	 313	 330	 353	 353	 354	 355	 358	 359	 359	 359	
198	 5	 17	 122	 87	 194	 147	 200	 200	 232	 231	 243	 253	 299	 301	 325	 325	 331	 336	 342	
198	 5	 13	 69	 110	 151	 144	 165	 201	 242	 237	 250	 258	 283	 305	 321	 323	 326	 336	 345	
198	 16	 20	 48	 55	 73	 215	 195	 221	 233	 244	 253	 264	 274	 283	 290	 333	 339	 341	 345	
903	 66	 217	 156	 219	 205	 234	 260	 259	 283	 343	 342	 344	 346	 349	 350	 352	 355	 355	 357	
198	 19	 14	 238	 144	 214	 203	 226	 249	 265	 272	 282	 287	 342	 342	 344	 347	 349	 352	 354	
-345	 1	 54	 61	 86	 89	 282	 219	 269	 310	 309	 324	 325	 333	 336	 339	 356	 356	 357	 359	
198	 143	 69	 1032	 514	 933	 630	 901	 736	 885	 905	 912	 931	 1732	 1732	 1732	 1732	 1732	 1732	 1733	
198	 33	 124	 86	 130	 132	 161	 164	 191	 212	 223	 241	 294	 289	 298	 306	 314	 318	 326	 333	
198	 50	 19	 75	 76	 105	 121	 129	 171	 188	 202	 231	 229	 250	 263	 273	 286	 290	 307	 317	
198	 29	 24	 171	 106	 201	 214	 224	 240	 241	 256	 269	 277	 323	 322	 334	 344	 345	 348	 349	
198	 40	 13	 109	 93	 123	 356	 350	 351	 357	 357	 358	 358	 359	 360	 360	 423	 413	 422	 490	
-345	 264	 190	 240	 231	 247	 254	 275	 292	 333	 331	 357	 358	 358	 358	 359	 359	 359	 360	 362	
198	 -5	 31	 73	 64	 87	 170	 144	 1067	 1022	 1035	 1035	 1043	 1051	 1052	 1054	 1061	 1062	 2401	 2401	
198	 152	 70	 137	 134	 176	 182	 242	 231	 258	 314	 310	 318	 320	 329	 335	 339	 348	 349	 351	
198	 9	 79	 70	 99	 169	 142	 222	 194	 282	 267	 279	 307	 313	 318	 335	 336	 345	 346	 354	
198	 137	 76	 142	 119	 169	 162	 182	 274	 256	 318	 312	 323	 327	 330	 336	 339	 341	 353	 354	
198	 29	 41	 113	 80	 134	 115	 245	 199	 257	 257	 269	 284	 308	 308	 317	 320	 344	 344	 349	
198	 46	 25	 68	 58	 95	 152	 131	 324	 305	 314	 326	 329	 333	 336	 339	 348	 348	 359	 360	
-345	 128	 266	 229	 250	 294	 295	 299	 310	 318	 333	 347	 357	 357	 358	 359	 360	 360	 360	 361	
198	 63	 37	 83	 78	 183	 199	 208	 222	 231	 271	 266	 281	 288	 296	 325	 337	 339	 342	 344	
198	 5	 20	 27	 166	 210	 205	 308	 292	 309	 311	 316	 322	 325	 345	 354	 354	 359	 359	 360	
198	 57	 25	 88	 104	 146	 138	 171	 171	 195	 203	 241	 237	 261	 281	 297	 300	 310	 314	 321	
-345	 330	 292	 307	 310	 315	 321	 327	 331	 336	 347	 361	 361	 361	 362	 362	 362	 363	 363	 364	
-345	 228	 153	 315	 282	 333	 329	 336	 340	 343	 345	 358	 358	 361	 361	 365	 365	 366	 368	 369	
-345	 11	 150	 319	 289	 301	 331	 330	 334	 347	 348	 353	 356	 362	 362	 363	 366	 367	 367	 375	
198	 29	 78	 64	 119	 108	 134	 142	 185	 208	 211	 238	 270	 269	 289	 294	 300	 307	 320	 330	
198	 5	 359	 356	 358	 359	 359	 360	 360	 360	 360	 361	 650	 507	 718	 588	 719	 645	 727	 686	
198	 161	 77	 181	 140	 184	 196	 209	 334	 321	 327	 348	 350	 353	 354	 354	 356	 357	 361	 361	
198	 9	 35	 50	 87	 82	 273	 223	 257	 259	 268	 276	 291	 299	 312	 315	 350	 351	 352	 353	
198	 183	 304	 281	 302	 303	 311	 321	 325	 327	 343	 351	 360	 360	 360	 361	 361	 361	 362	 362	
262	 322	 321	 334	 338	 342	 359	 359	 359	 360	 399	 396	 404	 421	 429	 440	 773	 520	 738	 574	
198	 36	 93	 70	 149	 124	 232	 194	 228	 234	 260	 261	 300	 296	 317	 320	 340	 340	 343	 346	
198	 169	 64	 278	 212	 258	 264	 282	 286	 293	 298	 339	 337	 354	 354	 355	 357	 357	 358	 358	
198	 19	 31	 40	 186	 118	 172	 323	 319	 328	 331	 335	 339	 341	 353	 354	 354	 360	 361	 362	
198	 22	 29	 45	 94	 109	 174	 206	 209	 219	 240	 241	 259	 263	 289	 300	 321	 334	 337	 339	
-345	 8	 66	 56	 90	 96	 111	 135	 167	 221	 209	 259	 253	 270	 277	 287	 292	 304	 316	 333	
198	 46	 25	 64	 60	 86	 111	 126	 172	 179	 204	 222	 229	 240	 249	 258	 276	 285	 305	 313	
198	 40	 40	 57	 246	 184	 239	 228	 246	 258	 275	 283	 296	 298	 344	 345	 348	 349	 351	 352	
198	 22	 49	 159	 101	 153	 139	 216	 279	 282	 296	 298	 314	 337	 337	 339	 341	 349	 356	 357	
-345	 -6	 62	 35	 78	 135	 120	 148	 157	 365	 363	 364	 364	 365	 366	 369	 371	 372	 374	 1051	
198	 57	 28	 79	 57	 157	 221	 199	 360	 360	 360	 361	 361	 361	 361	 363	 367	 367	 843	 504	
-345	 -2	 63	 3066	 2401	 2410	 2417	 2431	 2436	 2457	 2463	 2541	 2525	 3066	 3066	 3066	 3066	 3066	 3066	 3066	
198	 46	 59	 64	 147	 174	 380	 372	 373	 375	 378	 384	 392	 393	 414	 439	 1070	 1053	 1055	 1057	
-345	 -2	 63	 78	 97	 107	 126	 129	 151	 338	 323	 333	 336	 343	 345	 347	 349	 350	 351	 361	
198	 22	 18	 42	 56	 76	 92	 117	 153	 353	 346	 348	 350	 351	 352	 354	 355	 356	 357	 371	
198	 19	 21	 37	 46	 125	 101	 145	 462	 444	 471	 466	 483	 484	 496	 553	 538	 573	 1070	 1091	
198	 73	 30	 178	 123	 212	 196	 218	 224	 234	 275	 273	 282	 320	 323	 335	 339	 341	 343	 345	
198	 5	 239	 124	 341	 337	 349	 350	 352	 353	 354	 355	 360	 360	 369	 378	 395	 396	 406	 410	
198	 60	 22	 137	 77	 173	 265	 237	 263	 283	 301	 307	 310	 330	 330	 339	 354	 354	 355	 357	
-345	 343	 313	 354	 353	 355	 1072	 1386	 1175	 1698	 1459	 1732	 1732	 1732	 1732	 1732	 2407	 2403	 2403	 2413	
198	 152	 56	 174	 129	 174	 220	 296	 282	 296	 332	 333	 336	 343	 345	 347	 352	 358	 358	 358	
-345	 -19	 52	 56	 115	 120	 133	 140	 170	 303	 280	 300	 301	 316	 327	 334	 336	 338	 342	 356	
198	 33	 25	 54	 77	 81	 98	 106	 213	 256	 258	 273	 280	 288	 301	 305	 310	 314	 338	 350	
198	 19	 55	 53	 85	 93	 110	 136	 141	 339	 320	 329	 337	 339	 343	 345	 347	 350	 351	 361	
198	 22	 29	 62	 62	 95	 130	 231	 197	 229	 230	 249	 260	 274	 280	 292	 309	 337	 337	 340	
-345	 149	 108	 172	 190	 198	 208	 233	 237	 250	 269	 326	 322	 331	 339	 341	 343	 347	 349	 350	
903	 352	 357	 357	 358	 358	 359	 361	 361	 361	 670	 472	 776	 557	 764	 608	 774	 818	 797	 834	
360	 359	 360	 360	 360	 360	 364	 364	 366	 366	 1033	 702	 964	 803	 935	 863	 1021	 977	 1016	 1006	
-345	 331	 283	 314	 314	 316	 323	 336	 344	 347	 350	 362	 362	 363	 364	 364	 365	 368	 372	 375	
198	 53	 51	 149	 105	 538	 405	 466	 541	 506	 586	 542	 616	 653	 642	 1080	 1377	 1285	 1723	 1643	
198	 5	 17	 87	 62	 99	 128	 140	 220	 214	 228	 237	 249	 282	 282	 290	 307	 313	 334	 339	
198	 16	 16	 64	 51	 87	 913	 432	 781	 548	 771	 599	 771	 668	 779	 709	 1732	 1732	 1732	 1732	
-345	 83	 97	 356	 350	 351	 352	 353	 353	 361	 362	 364	 365	 650	 479	 604	 528	 599	 557	 978	
198	 53	 65	 87	 91	 108	 138	 149	 179	 189	 231	 225	 262	 264	 273	 279	 294	 302	 313	 319	
198	 60	 26	 80	 102	 135	 139	 157	 182	 192	 202	 245	 239	 258	 280	 294	 300	 306	 317	 322	
-345	 358	 357	 358	 358	 359	 359	 361	 361	 362	 363	 752	 608	 760	 647	 770	 686	 942	 769	 919	
198	 12	 36	 40	 78	 71	 214	 193	 251	 241	 259	 263	 282	 285	 299	 302	 336	 342	 348	 349	
-345	 134	 118	 175	 196	 197	 209	 232	 237	 254	 260	 325	 323	 333	 341	 342	 344	 348	 349	 351	
903	 331	 330	 335	 344	 345	 347	 349	 352	 353	 369	 370	 371	 374	 381	 383	 387	 390	 398	 401	
-345	 264	 184	 235	 223	 290	 278	 292	 1070	 1067	 1068	 1071	 1072	 1073	 1075	 1173	 1158	 1238	 2401	 2401	
198	 16	 57	 45	 191	 118	 185	 203	 278	 265	 281	 286	 307	 308	 338	 337	 340	 347	 354	 355	
198	 33	 14	 72	 69	 107	 183	 173	 189	 217	 231	 241	 247	 268	 278	 290	 321	 325	 327	 335	
198	 26	 37	 49	 74	 254	 185	 232	 254	 273	 282	 290	 302	 306	 314	 349	 348	 350	 353	 355	
198	 5	 7	 60	 53	 78	 252	 374	 373	 375	 377	 379	 380	 387	 391	 394	 478	 1069	 1054	 1057	
198	 2	 90	 45	 219	 149	 279	 265	 288	 288	 294	 300	 325	 325	 347	 348	 355	 357	 358	 358	
198	 -2	 230	 145	 208	 208	 228	 246	 287	 283	 291	 295	 346	 347	 349	 351	 353	 354	 357	 357	
198	 19	 7	 80	 93	 107	 156	 284	 261	 291	 298	 301	 305	 321	 331	 334	 342	 356	 356	 357	
198	 29	 17	 175	 141	 203	 196	 221	 220	 238	 244	 263	 267	 320	 327	 335	 339	 342	 343	 346	
198	 9	 8	 39	 350	 336	 340	 343	 347	 352	 353	 354	 354	 355	 370	 374	 376	 379	 383	 397	
198	 16	 20	 41	 252	 169	 231	 220	 240	 1067	 956	 1009	 1003	 1013	 1057	 1056	 1058	 1060	 1061	 2401	
198	 26	 33	 75	 76	 99	 119	 134	 160	 170	 186	 203	 220	 242	 250	 260	 274	 283	 296	 303	
198	 97	 34	 145	 91	 254	 194	 244	 234	 287	 309	 313	 316	 330	 332	 350	 350	 352	 353	 356	
198	 169	 71	 160	 120	 174	 159	 189	 198	 1131	 1598	 1270	 1644	 1431	 1652	 1605	 1670	 1684	 1709	 2401	
198	 22	 80	 96	 202	 160	 237	 226	 237	 248	 264	 268	 300	 311	 336	 336	 345	 347	 348	 350	
-1032	 350	 109	 253	 262	 267	 278	 280	 288	 307	 349	 350	 353	 354	 357	 358	 358	 358	 359	 359	
198	 131	 213	 181	 228	 325	 315	 326	 327	 331	 339	 349	 357	 357	 358	 361	 361	 362	 362	 363	
-345	 -9	 58	 34	 278	 187	 271	 266	 275	 301	 303	 317	 320	 324	 354	 354	 356	 357	 357	 359	
198	 43	 14	 69	 259	 243	 290	 284	 304	 304	 317	 322	 324	 330	 354	 357	 358	 359	 359	 359	
198	 19	 28	 86	 297	 244	 276	 277	 285	 296	 306	 309	 317	 329	 356	 357	 357	 358	 358	 358	
198	 346	 306	 321	 323	 330	 351	 351	 353	 354	 360	 367	 368	 370	 370	 373	 402	 400	 410	 412	
903	 368	 373	 378	 380	 383	 405	 411	 417	 421	 1070	 1067	 1067	 1068	 1068	 1069	 1070	 1070	 1070	 1070	
198	 9	 35	 57	 174	 211	 211	 223	 235	 255	 256	 269	 284	 295	 329	 344	 345	 346	 348	 351	
198	 103	 77	 130	 121	 289	 239	 328	 319	 325	 341	 343	 348	 350	 351	 358	 359	 361	 361	 362	
198	 50	 50	 77	 105	 134	 140	 154	 171	 183	 218	 220	 248	 252	 274	 288	 294	 300	 308	 314	
198	 9	 39	 41	 240	 189	 257	 250	 279	 276	 288	 291	 306	 310	 347	 350	 353	 354	 356	 356	
198	 2	 50	 57	 96	 92	 114	 214	 182	 491	 409	 439	 454	 468	 486	 491	 501	 605	 551	 1070	
198	 -2	 106	 48	 136	 135	 181	 174	 355	 351	 352	 353	 357	 357	 358	 359	 359	 360	 392	 392	
198	 33	 52	 108	 90	 128	 134	 151	 161	 190	 205	 217	 245	 271	 272	 283	 293	 299	 305	 316	
198	 22	 1033	 498	 935	 618	 911	 724	 893	 813	 891	 867	 1732	 1732	 1732	 1732	 1732	 1733	 1733	 1735	
198	 43	 21	 87	 78	 117	 120	 148	 148	 207	 218	 226	 235	 260	 270	 281	 290	 300	 304	 322	
198	 9	 240	 133	 282	 242	 355	 353	 355	 356	 356	 357	 361	 361	 363	 364	 437	 423	 444	 445	
198	 19	 45	 57	 69	 77	 253	 224	 255	 258	 270	 278	 296	 302	 307	 310	 346	 350	 352	 353	
198	 248	 128	 210	 182	 211	 335	 341	 345	 346	 358	 358	 359	 359	 359	 359	 365	 370	 373	 374	
198	 236	 110	 235	 194	 226	 293	 300	 307	 310	 350	 350	 351	 354	 355	 355	 359	 359	 360	 360	
198	 -8	 16	 158	 118	 234	 216	 249	 251	 284	 280	 287	 296	 334	 338	 349	 352	 353	 354	 356	
-488	 350	 49	 241	 268	 273	 279	 291	 308	 309	 348	 348	 352	 353	 358	 358	 359	 359	 360	 360	
198	 5	 305	 217	 297	 309	 318	 323	 331	 332	 335	 338	 359	 359	 360	 361	 362	 362	 363	 363	
198	 259	 145	 220	 197	 241	 247	 256	 283	 285	 299	 349	 348	 350	 351	 353	 355	 355	 357	 357	
-345	 -13	 60	 50	 374	 366	 367	 368	 369	 372	 374	 378	 380	 385	 1069	 1026	 1038	 1041	 1044	 1050	
198	 43	 38	 79	 67	 162	 286	 254	 276	 293	 295	 313	 319	 326	 328	 341	 356	 356	 357	 358	
-443	 127	 36	 152	 140	 229	 228	 239	 240	 255	 279	 305	 306	 321	 331	 344	 348	 349	 350	 351	
198	 12	 39	 44	 418	 411	 416	 428	 439	 448	 461	 462	 488	 488	 1070	 1071	 1071	 1072	 1076	 1082	
198	 246	 135	 216	 190	 228	 327	 319	 324	 328	 353	 355	 356	 356	 357	 357	 361	 361	 362	 362	
198	 43	 28	 69	 70	 137	 122	 188	 167	 200	 224	 226	 241	 252	 264	 291	 295	 314	 316	 322	
198	 87	 34	 117	 359	 357	 358	 358	 359	 359	 361	 361	 361	 361	 684	 474	 660	 534	 697	 580	
-345	 112	 141	 138	 157	 166	 188	 218	 222	 294	 280	 333	 338	 339	 341	 344	 347	 350	 352	 357	
198	 67	 21	 87	 61	 96	 95	 200	 203	 287	 282	 303	 302	 312	 316	 319	 324	 342	 347	 355	
198	 83	 37	 93	 161	 137	 188	 178	 204	 208	 247	 261	 268	 276	 313	 312	 323	 326	 330	 334	
217	 351	 214	 286	 336	 336	 339	 341	 343	 347	 360	 361	 361	 361	 367	 368	 369	 370	 372	 375	
198	 53	 247	 167	 225	 270	 274	 281	 287	 295	 305	 317	 351	 351	 352	 356	 357	 358	 358	 358	
-345	 22	 90	 69	 113	 103	 128	 163	 160	 206	 216	 249	 260	 269	 280	 285	 292	 309	 311	 324	
198	 3066	 3066	 3066	 3066	 3066	 3066	 3066	 3066	 3066	 3066	 3066	 3066	 3066	 3066	 3066	 3066	 3066	 3066	 3066	
198	 97	 38	 99	 203	 173	 207	 216	 255	 251	 298	 296	 303	 307	 339	 340	 343	 346	 351	 352	
198	 53	 27	 128	 80	 140	 129	 157	 203	 201	 218	 250	 251	 289	 287	 298	 305	 311	 327	 331	
198	 29	 13	 66	 59	 126	 153	 157	 205	 198	 225	 232	 239	 259	 267	 291	 311	 313	 327	 330	
198	 57	 523	 441	 491	 471	 506	 497	 555	 542	 613	 576	 1078	 1720	 1493	 1671	 1666	 1689	 1724	 1728	
-345	 1032	 439	 882	 545	 847	 613	 846	 674	 851	 783	 1732	 1732	 1732	 1732	 1732	 1732	 1732	 1732	 1732	
198	 5	 10	 44	 159	 294	 266	 285	 292	 310	 312	 316	 320	 327	 346	 358	 358	 359	 359	 360	
198	 29	 81	 105	 112	 320	 281	 309	 309	 314	 324	 326	 339	 344	 346	 359	 359	 360	 360	 360	
198	 50	 387	 374	 388	 390	 411	 410	 414	 419	 426	 447	 1070	 1068	 1069	 1069	 1070	 1070	 1070	 1070	
198	 46	 106	 173	 148	 177	 190	 196	 221	 2401	 2401	 2401	 2401	 2401	 2401	 2401	 2401	 2401	 2401	 3066	
198	 19	 21	 54	 74	 109	 179	 158	 192	 194	 217	 220	 236	 249	 267	 284	 314	 314	 321	 325	
198	 -5	 336	 299	 311	 317	 325	 337	 335	 342	 343	 344	 361	 362	 362	 363	 364	 366	 366	 368	
198	 26	 70	 56	 89	 86	 121	 123	 336	 341	 345	 346	 351	 352	 353	 354	 355	 356	 362	 367	
198	 73	 33	 85	 83	 126	 362	 361	 361	 362	 362	 364	 364	 365	 366	 367	 1027	 630	 952	 763	
198	 57	 42	 83	 74	 97	 123	 137	 712	 426	 590	 531	 606	 575	 618	 599	 657	 641	 1515	 1682	
198	 22	 29	 41	 56	 163	 121	 327	 294	 317	 320	 326	 331	 333	 336	 348	 350	 360	 360	 360	
198	 228	 131	 213	 191	 212	 243	 240	 268	 267	 298	 339	 341	 345	 347	 348	 352	 352	 354	 355	
198	 16	 34	 45	 81	 79	 301	 242	 274	 292	 296	 304	 314	 318	 326	 330	 356	 356	 357	 358	
198	 212	 227	 252	 254	 264	 271	 279	 289	 293	 335	 342	 354	 355	 356	 357	 357	 357	 358	 358	
198	 40	 300	 224	 267	 269	 277	 286	 309	 314	 324	 327	 357	 357	 358	 358	 359	 359	 360	 360	
198	 46	 125	 111	 144	 145	 204	 188	 265	 247	 261	 287	 319	 323	 328	 331	 341	 342	 351	 352	
198	 5	 24	 79	 60	 172	 313	 294	 310	 312	 317	 320	 327	 337	 339	 349	 359	 359	 360	 360	
198	 90	 35	 103	 93	 125	 142	 191	 180	 201	 221	 260	 256	 272	 283	 291	 303	 320	 321	 325	
198	 97	 55	 206	 139	 202	 192	 216	 220	 238	 285	 281	 296	 329	 329	 334	 338	 341	 343	 346	
-345	 -13	 70	 70	 93	 161	 140	 170	 178	 211	 207	 245	 249	 276	 278	 309	 310	 315	 321	 330	
198	 125	 72	 154	 127	 164	 162	 226	 214	 232	 294	 285	 303	 314	 319	 323	 327	 339	 341	 343	
198	 53	 55	 77	 82	 121	 292	 268	 282	 322	 330	 332	 339	 341	 343	 347	 358	 359	 359	 361	
198	 -2	 39	 71	 99	 116	 159	 170	 180	 212	 208	 222	 247	 269	 284	 294	 311	 319	 322	 331	
198	 161	 60	 155	 132	 161	 301	 270	 304	 304	 316	 341	 341	 344	 348	 349	 358	 358	 359	 359	
198	 16	 37	 59	 71	 93	 161	 140	 176	 198	 199	 222	 239	 253	 262	 273	 304	 305	 313	 324	
198	 22	 49	 54	 110	 130	 159	 173	 179	 199	 206	 225	 249	 253	 281	 296	 308	 315	 318	 324	
198	 63	 196	 136	 188	 209	 246	 241	 268	 268	 296	 300	 341	 340	 342	 348	 352	 353	 354	 355	
360	 362	 363	 364	 367	 367	 370	 370	 371	 373	 1058	 980	 1015	 1018	 1040	 1040	 1047	 1048	 1050	 1052	
198	 40	 23	 62	 58	 359	 357	 358	 359	 359	 359	 360	 360	 360	 360	 599	 505	 581	 568	 596	
198	 36	 22	 112	 74	 119	 121	 135	 364	 363	 363	 364	 365	 368	 369	 370	 372	 373	 1050	 807	
198	 87	 27	 253	 202	 245	 239	 258	 267	 359	 359	 360	 360	 363	 364	 365	 366	 367	 368	 644	
198	 67	 31	 83	 104	 134	 145	 159	 176	 185	 232	 228	 244	 253	 278	 290	 299	 304	 312	 316	
-345	 39	 65	 97	 104	 232	 183	 326	 312	 322	 324	 341	 341	 346	 348	 356	 356	 360	 361	 361	
-345	 56	 66	 1070	 1060	 1732	 1709	 1725	 1727	 1731	 1731	 1732	 1732	 2401	 2401	 2974	 2520	 2987	 2613	 3016	
-986	 91	 121	 186	 160	 186	 286	 2401	 2401	 2401	 2401	 2401	 2401	 2401	 2401	 2401	 2401	 3066	 3066	 3066	
198	 -2	 49	 358	 352	 353	 357	 358	 358	 384	 384	 386	 396	 1013	 625	 943	 827	 945	 892	 1068	
198	 12	 12	 33	 56	 143	 232	 208	 243	 255	 265	 271	 278	 284	 297	 323	 345	 346	 349	 352	
198	 63	 1069	 994	 1022	 1025	 1031	 1041	 1046	 1049	 1057	 1058	 2401	 2401	 2401	 2401	 2401	 2401	 2401	 2401	
198	 22	 22	 67	 55	 96	 88	 138	 137	 236	 213	 239	 244	 265	 268	 282	 286	 302	 309	 335	
198	 22	 99	 66	 121	 107	 129	 166	 177	 310	 289	 304	 327	 328	 333	 336	 338	 344	 347	 358	
198	 29	 20	 51	 100	 99	 112	 138	 275	 259	 277	 287	 293	 300	 318	 323	 325	 331	 352	 354	
198	 109	 195	 166	 198	 201	 223	 239	 264	 268	 313	 309	 343	 343	 345	 347	 349	 351	 354	 355	
198	 83	 110	 115	 160	 147	 177	 176	 192	 266	 284	 289	 318	 319	 329	 331	 335	 337	 340	 351	
198	 83	 30	 274	 243	 306	 296	 309	 313	 316	 323	 337	 338	 356	 358	 360	 360	 360	 360	 361	
198	 16	 6	 40	 36	 356	 346	 350	 354	 358	 358	 359	 359	 359	 359	 428	 417	 437	 471	 557	
198	 19	 17	 60	 64	 84	 96	 111	 145	 356	 351	 352	 353	 355	 356	 356	 357	 357	 358	 385	
198	 33	 18	 106	 136	 170	 167	 234	 212	 241	 239	 267	 267	 298	 319	 328	 331	 342	 343	 346	
198	 244	 154	 218	 198	 241	 233	 295	 289	 297	 321	 348	 351	 352	 353	 355	 355	 358	 358	 359	
198	 303	 202	 282	 265	 285	 318	 317	 324	 327	 357	 358	 358	 359	 359	 360	 361	 361	 362	 362	
198	 113	 50	 186	 128	 352	 347	 349	 350	 351	 352	 356	 357	 359	 359	 376	 383	 384	 388	 390	
198	 26	 37	 56	 63	 199	 138	 198	 184	 363	 362	 362	 363	 364	 364	 371	 372	 374	 376	 1038	
198	 29	 27	 46	 193	 338	 326	 331	 334	 341	 344	 346	 349	 350	 357	 364	 364	 365	 365	 367	
903	 359	 359	 359	 359	 360	 360	 362	 364	 365	 1005	 609	 949	 704	 916	 771	 920	 910	 992	 973	
198	 29	 48	 69	 87	 126	 110	 304	 266	 290	 300	 304	 317	 323	 328	 336	 337	 356	 357	 357	
198	 5	 20	 97	 84	 116	 133	 352	 342	 346	 347	 348	 350	 354	 355	 356	 357	 370	 370	 373	
198	 16	 16	 70	 96	 98	 116	 310	 279	 301	 303	 311	 316	 327	 336	 338	 340	 358	 358	 359	
198	 164	 62	 157	 166	 175	 213	 211	 236	 293	 330	 329	 332	 336	 345	 346	 350	 351	 353	 357	
198	 36	 125	 88	 138	 128	 158	 168	 197	 202	 225	 236	 293	 287	 298	 303	 310	 318	 326	 330	
198	 50	 183	 202	 227	 237	 259	 262	 281	 279	 302	 305	 341	 349	 352	 353	 355	 355	 357	 357	
-345	 11	 125	 91	 130	 124	 157	 157	 174	 312	 290	 316	 330	 335	 337	 339	 343	 345	 346	 358	
-345	 46	 96	 82	 114	 115	 233	 190	 226	 245	 254	 296	 301	 306	 311	 316	 341	 342	 344	 348	
198	 19	 85	 109	 115	 148	 149	 187	 184	 206	 214	 228	 272	 289	 293	 305	 310	 321	 324	 329	
198	 46	 15	 65	 67	 85	 216	 186	 338	 325	 330	 339	 340	 342	 346	 347	 355	 357	 362	 362	
198	 12	 36	 73	 113	 106	 162	 154	 206	 194	 215	 223	 246	 266	 289	 291	 309	 314	 326	 328	
198	 53	 51	 76	 79	 97	 141	 152	 259	 227	 254	 276	 289	 294	 300	 305	 320	 327	 347	 347	
198	 9	 11	 37	 53	 82	 91	 123	 146	 271	 235	 262	 262	 275	 285	 297	 304	 314	 324	 348	
198	 26	 16	 54	 379	 368	 370	 373	 375	 377	 380	 383	 386	 390	 1069	 1047	 1052	 1057	 1059	 1060	
198	 9	 8	 43	 59	 64	 152	 140	 148	 179	 183	 194	 201	 221	 237	 241	 287	 292	 291	 306	
-345	 121	 170	 224	 228	 246	 249	 259	 267	 275	 283	 331	 341	 349	 351	 353	 354	 354	 355	 356	
198	 267	 169	 233	 215	 251	 334	 329	 335	 337	 341	 357	 358	 358	 359	 359	 363	 363	 364	 365	
-345	 8	 89	 103	 272	 210	 248	 276	 281	 321	 318	 334	 339	 346	 357	 357	 357	 359	 359	 361	
198	 16	 16	 43	 58	 117	 126	 141	 167	 195	 198	 216	 223	 237	 250	 280	 292	 297	 309	 320	
198	 158	 92	 156	 134	 207	 341	 331	 336	 339	 340	 353	 355	 356	 356	 358	 364	 364	 365	 366	
198	 77	 48	 98	 375	 368	 370	 371	 372	 373	 381	 383	 388	 393	 1069	 1038	 1047	 1049	 1050	 1052	
198	 46	 32	 69	 74	 132	 125	 150	 172	 184	 193	 231	 233	 248	 259	 284	 291	 297	 309	 315	
198	 43	 31	 234	 140	 220	 214	 228	 234	 282	 282	 298	 304	 345	 343	 347	 350	 351	 352	 356	
198	 87	 45	 110	 85	 134	 275	 247	 278	 274	 284	 315	 317	 325	 327	 333	 353	 355	 356	 356	
