200	 230	 270	 275	 287	 294	 307	 311	 323	 328	 528	 558	 598	 603	 615	 622	 635	 639	 651	 656	
5	 118	 127	 142	 204	 260	 270	 275	 282	 287	 292	 405	 414	 429	 491	 547	 557	 562	 569	 574	
58	 63	 69	 75	 85	 92	 167	 172	 269	 280	 338	 343	 349	 355	 365	 372	 447	 452	 549	 560	
7	 14	 80	 87	 93	 108	 120	 127	 186	 193	 200	 207	 273	 280	 286	 301	 313	 320	 379	 386	
4	 10	 66	 123	 131	 145	 153	 164	 172	 187	 191	 197	 253	 310	 318	 332	 340	 351	 359	 374	
4	 19	 32	 42	 49	 54	 63	 70	 136	 356	 360	 375	 388	 398	 405	 410	 419	 426	 492	 712	
11	 82	 87	 95	 101	 108	 161	 204	 211	 218	 229	 300	 305	 313	 319	 326	 379	 422	 429	 436	
13	 18	 40	 55	 69	 76	 81	 100	 114	 121	 134	 139	 161	 176	 190	 197	 202	 221	 235	 242	
6	 16	 21	 29	 42	 106	 111	 122	 138	 165	 171	 181	 186	 194	 207	 271	 276	 287	 303	 330	
100	 111	 119	 135	 139	 145	 152	 157	 192	 226	 326	 337	 345	 361	 365	 371	 378	 383	 418	 452	
27	 33	 38	 55	 64	 70	 85	 120	 129	 136	 163	 169	 174	 191	 200	 206	 221	 256	 265	 272	
6	 11	 21	 28	 38	 51	 59	 102	 129	 138	 144	 149	 159	 166	 176	 189	 197	 240	 267	 276	
6	 20	 26	 41	 46	 75	 83	 141	 1013	 1017	 1023	 1037	 1043	 1058	 1063	 1092	 1100	 1158	 2030	 2034	
64	 69	 90	 97	 115	 120	 133	 140	 146	 180	 244	 249	 270	 277	 295	 300	 313	 320	 326	 360	
7	 20	 27	 39	 48	 54	 105	 113	 125	 134	 141	 154	 161	 173	 182	 188	 239	 247	 259	 268	
7	 19	 28	 36	 48	 55	 123	 136	 142	 152	 159	 171	 180	 188	 200	 207	 275	 288	 294	 304	
928	 938	 938	 950	 966	 971	 980	 985	 990	 998	 1926	 1936	 1936	 1948	 1964	 1969	 1978	 1983	 1988	 1996	
6	 12	 20	 183	 234	 263	 275	 280	 295	 300	 306	 312	 320	 483	 534	 563	 575	 580	 595	 600	
5	 11	 16	 34	 39	 47	 264	 274	 446	 492	 497	 503	 508	 526	 531	 539	 756	 766	 938	 984	
32	 40	 52	 58	 72	 88	 94	 98	 141	 149	 181	 189	 201	 207	 221	 237	 243	 247	 290	 298	
7	 2344	 2378	 2388	 2415	 2420	 2561	 2566	 2571	 2577	 2584	 4921	 4955	 4965	 4992	 4997	 5138	 5143	 5148	 5154	
7	 13	 23	 30	 59	 84	 91	 98	 113	 124	 131	 137	 147	 154	 183	 208	 215	 222	 237	 248	
7	 290	 420	 428	 433	 463	 469	 474	 486	 493	 500	 783	 913	 921	 926	 956	 962	 967	 979	 986	
13	 31	 36	 94	 101	 105	 114	 131	 3235	 3242	 3255	 3273	 3278	 3336	 3343	 3347	 3356	 3373	 6477	 6484	
12	 22	 48	 54	 67	 74	 80	 95	 105	 113	 125	 135	 161	 167	 180	 187	 193	 208	 218	 226	
25	 31	 35	 78	 170	 192	 200	 205	 220	 227	 252	 258	 262	 305	 397	 419	 427	 432	 447	 454	
17	 28	 33	 44	 53	 63	 68	 74	 97	 142	 159	 170	 175	 186	 195	 205	 210	 216	 239	 284	
43	 87	 100	 131	 148	 167	 174	 184	 188	 191	 234	 278	 291	 322	 339	 358	 365	 375	 379	 382	
14	 25	 34	 40	 47	 60	 72	 103	 114	 120	 134	 145	 154	 160	 167	 180	 192	 223	 234	 240	
9	 16	 34	 57	 62	 75	 94	 102	 109	 118	 127	 134	 152	 175	 180	 193	 212	 220	 227	 236	
4	 11	 109	 114	 124	 215	 223	 230	 264	 282	 286	 293	 391	 396	 406	 497	 505	 512	 546	 564	
11	 17	 21	 37	 50	 66	 77	 94	 99	 126	 137	 143	 147	 163	 176	 192	 203	 220	 225	 252	
12	 17	 32	 79	 95	 100	 111	 117	 132	 141	 153	 158	 173	 220	 236	 241	 252	 258	 273	 282	
288	 292	 321	 325	 332	 340	 362	 429	 436	 448	 736	 740	 769	 773	 780	 788	 810	 877	 884	 896	
6	 16	 25	 40	 46	 64	 80	 85	 97	 111	 117	 127	 136	 151	 157	 175	 191	 196	 208	 222	
24	 30	 35	 56	 146	 169	 205	 208	 219	 226	 250	 256	 261	 282	 372	 395	 431	 434	 445	 452	
7	 34	 39	 67	 72	 90	 103	 113	 125	 131	 138	 165	 170	 198	 203	 221	 234	 244	 256	 262	
7	 88	 122	 127	 301	 311	 316	 328	 336	 342	 349	 430	 464	 469	 643	 653	 658	 670	 678	 684	
6	 20	 27	 35	 42	 110	 117	 124	 137	 156	 162	 176	 183	 191	 198	 266	 273	 280	 293	 312	
48	 63	 88	 96	 104	 107	 121	 175	 193	 197	 245	 260	 285	 293	 301	 304	 318	 372	 390	 394	
37	 49	 69	 73	 210	 215	 221	 284	 290	 299	 336	 348	 368	 372	 509	 514	 520	 583	 589	 598	
12	 22	 28	 35	 44	 53	 64	 95	 106	 113	 125	 135	 141	 148	 157	 166	 177	 208	 219	 226	
9	 48	 53	 61	 234	 243	 255	 264	 269	 280	 289	 328	 333	 341	 514	 523	 535	 544	 549	 560	
5	 11	 23	 37	 43	 62	 75	 107	 112	 129	 134	 140	 152	 166	 172	 191	 204	 236	 241	 258	
37	 43	 77	 111	 114	 141	 148	 153	 189	 200	 237	 243	 277	 311	 314	 341	 348	 353	 389	 400	
9	 20	 29	 41	 51	 60	 69	 79	 88	 96	 105	 116	 125	 137	 147	 156	 165	 175	 184	 192	
24	 54	 61	 65	 73	 82	 583	 590	 599	 608	 632	 662	 669	 673	 681	 690	 1191	 1198	 1207	 1216	
227	 237	 246	 253	 276	 283	 298	 302	 307	 342	 569	 579	 588	 595	 618	 625	 640	 644	 649	 684	
6	 16	 62	 69	 75	 83	 107	 113	 318	 325	 331	 341	 387	 394	 400	 408	 432	 438	 643	 650	
4	 67	 72	 91	 101	 117	 206	 213	 227	 234	 238	 301	 306	 325	 335	 351	 440	 447	 461	 468	
8	 12	 21	 25	 68	 101	 128	 163	 194	 199	 207	 211	 220	 224	 267	 300	 327	 362	 393	 398	
34	 38	 66	 109	 125	 136	 147	 152	 156	 171	 205	 209	 237	 280	 296	 307	 318	 323	 327	 342	
8	 13	 51	 65	 211	 250	 258	 265	 271	 276	 284	 289	 327	 341	 487	 526	 534	 541	 547	 552	
14	 19	 59	 64	 70	 78	 93	 100	 111	 225	 239	 244	 284	 289	 295	 303	 318	 325	 336	 450	
9	 15	 21	 131	 156	 163	 169	 194	 200	 213	 222	 228	 234	 344	 369	 376	 382	 407	 413	 426	
9	 18	 30	 39	 46	 53	 76	 109	 115	 124	 133	 142	 154	 163	 170	 177	 200	 233	 239	 248	
7	 13	 19	 158	 167	 177	 251	 263	 269	 278	 285	 291	 297	 436	 445	 455	 529	 541	 547	 556	
8	 16	 38	 51	 61	 480	 492	 496	 507	 513	 521	 529	 551	 564	 574	 993	 1005	 1009	 1020	 1026	
6	 17	 28	 44	 79	 85	 94	 102	 111	 121	 127	 138	 149	 165	 200	 206	 215	 223	 232	 242	
91	 98	 108	 116	 122	 127	 135	 171	 191	 200	 291	 298	 308	 316	 322	 327	 335	 371	 391	 400	
7	 15	 27	 32	 57	 79	 95	 104	 113	 120	 127	 135	 147	 152	 177	 199	 215	 224	 233	 240	
8	 14	 90	 95	 244	 249	 269	 380	 391	 396	 404	 410	 486	 491	 640	 645	 665	 776	 787	 792	
6	 15	 20	 40	 55	 67	 246	 252	 257	 275	 281	 290	 295	 315	 330	 342	 521	 527	 532	 550	
68	 99	 103	 112	 124	 132	 144	 174	 180	 185	 253	 284	 288	 297	 309	 317	 329	 359	 365	 370	
5	 11	 21	 25	 96	 113	 125	 130	 474	 525	 530	 536	 546	 550	 621	 638	 650	 655	 999	 1050	
6	 86	 98	 104	 151	 167	 176	 182	 194	 200	 206	 286	 298	 304	 351	 367	 376	 382	 394	 400	
7	 16	 22	 34	 60	 70	 85	 96	 104	 111	 118	 127	 133	 145	 171	 181	 196	 207	 215	 222	
10	 16	 28	 40	 55	 64	 70	 88	 95	 105	 115	 121	 133	 145	 160	 169	 175	 193	 200	 210	
18	 23	 31	 60	 72	 83	 99	 109	 114	 122	 140	 145	 153	 182	 194	 205	 221	 231	 236	 244	
202	 206	 212	 227	 237	 246	 251	 269	 338	 347	 549	 553	 559	 574	 584	 593	 598	 616	 685	 694	
6	 37	 41	 57	 86	 92	 104	 120	 124	 182	 188	 219	 223	 239	 268	 274	 286	 302	 306	 364	
37	 44	 51	 59	 96	 107	 116	 123	 132	 140	 177	 184	 191	 199	 236	 247	 256	 263	 272	 280	
6	 14	 21	 32	 175	 186	 201	 208	 229	 235	 241	 249	 256	 267	 410	 421	 436	 443	 464	 470	
6	 29	 36	 58	 62	 78	 83	 102	 166	 191	 197	 220	 227	 249	 253	 269	 274	 293	 357	 382	
6	 16	 29	 29	 38	 43	 58	 62	 71	 283	 289	 299	 312	 312	 321	 326	 341	 345	 354	 566	
29	 34	 58	 66	 72	 94	 115	 131	 137	 142	 171	 176	 200	 208	 214	 236	 257	 273	 279	 284	
9	 25	 30	 39	 62	 67	 72	 85	 114	 131	 140	 156	 161	 170	 193	 198	 203	 216	 245	 262	
21	 31	 40	 45	 60	 65	 72	 201	 210	 220	 241	 251	 260	 265	 280	 285	 292	 421	 430	 440	
7	 13	 45	 50	 58	 70	 171	 177	 184	 700	 707	 713	 745	 750	 758	 770	 871	 877	 884	 1400	
9	 22	 1075	 1089	 1107	 1113	 1143	 1149	 1154	 1159	 1168	 1181	 2234	 2248	 2266	 2272	 2302	 2308	 2313	 2318	
34	 200	 205	 264	 269	 281	 286	 363	 368	 379	 413	 579	 584	 643	 648	 660	 665	 742	 747	 758	
8	 17	 72	 77	 87	 95	 110	 117	 150	 157	 165	 174	 229	 234	 244	 252	 267	 274	 307	 314	
6	 19	 24	 35	 46	 53	 386	 392	 413	 429	 435	 448	 453	 464	 475	 482	 815	 821	 842	 858	
10	 18	 24	 35	 43	 51	 61	 89	 96	 115	 125	 133	 139	 150	 158	 166	 176	 204	 211	 230	
4	 339	 347	 353	 471	 479	 483	 490	 538	 567	 571	 906	 914	 920	 1038	 1046	 1050	 1057	 1105	 1134	
9	 17	 26	 31	 41	 51	 83	 96	 101	 144	 153	 161	 170	 175	 185	 195	 227	 240	 245	 288	
11	 19	 27	 40	 46	 55	 554	 562	 569	 580	 591	 599	 607	 620	 626	 635	 1134	 1142	 1149	 1160	
86	 94	 126	 132	 153	 159	 429	 436	 442	 447	 533	 541	 573	 579	 600	 606	 876	 883	 889	 894	
8	 17	 22	 33	 111	 125	 140	 147	 152	 167	 175	 184	 189	 200	 278	 292	 307	 314	 319	 334	
5	 20	 27	 54	 61	 66	 123	 140	 150	 161	 166	 181	 188	 215	 222	 227	 284	 301	 311	 322	
9	 14	 27	 53	 58	 66	 82	 88	 102	 163	 172	 177	 190	 216	 221	 229	 245	 251	 265	 326	
7	 18	 25	 30	 393	 434	 443	 450	 549	 554	 561	 572	 579	 584	 947	 988	 997	 1004	 1103	 1108	
40	 45	 50	 58	 60	 99	 183	 229	 268	 395	 435	 440	 445	 453	 455	 494	 578	 624	 663	 790	
5	 12	 20	 332	 339	 370	 376	 382	 423	 446	 451	 458	 466	 778	 785	 816	 822	 828	 869	 892	
7	 14	 21	 28	 40	 47	 54	 80	 111	 129	 136	 143	 150	 157	 169	 176	 183	 209	 240	 258	
22	 28	 35	 45	 51	 56	 85	 103	 112	 125	 147	 153	 160	 170	 176	 181	 210	 228	 237	 250	
7	 53	 136	 149	 154	 165	 173	 179	 191	 197	 204	 250	 333	 346	 351	 362	 370	 376	 388	 394	
10	 22	 34	 43	 50	 56	 62	 189	 196	 213	 223	 235	 247	 256	 263	 269	 275	 402	 409	 426	
9	 16	 26	 55	 62	 71	 84	 155	 161	 168	 177	 184	 194	 223	 230	 239	 252	 323	 329	 336	
21	 69	 78	 204	 211	 230	 239	 242	 266	 271	 292	 340	 349	 475	 482	 501	 510	 513	 537	 542	
17	 27	 33	 42	 64	 72	 85	 94	 103	 109	 126	 136	 142	 151	 173	 181	 194	 203	 212	 218	
12	 17	 22	 42	 45	 125	 174	 184	 492	 501	 513	 518	 523	 543	 546	 626	 675	 685	 993	 1002	
2329	 2333	 2354	 2359	 2372	 2391	 2396	 2404	 2426	 2434	 4763	 4767	 4788	 4793	 4806	 4825	 4830	 4838	 4860	 4868	
6	 57	 79	 87	 114	 120	 127	 134	 142	 153	 159	 210	 232	 240	 267	 273	 280	 287	 295	 306	
15	 34	 41	 45	 57	 62	 132	 144	 169	 176	 191	 210	 217	 221	 233	 238	 308	 320	 345	 352	
10	 48	 56	 75	 85	 90	 143	 152	 161	 166	 176	 214	 222	 241	 251	 256	 309	 318	 327	 332	
6	 25	 62	 69	 73	 151	 162	 177	 181	 204	 210	 229	 266	 273	 277	 355	 366	 381	 385	 408	
20	 35	 75	 83	 91	 98	 104	 110	 119	 131	 151	 166	 206	 214	 222	 229	 235	 241	 250	 262	
9	 15	 40	 54	 58	 69	 74	 120	 144	 155	 164	 170	 195	 209	 213	 224	 229	 275	 299	 310	
13	 35	 41	 46	 71	 77	 83	 178	 185	 199	 212	 234	 240	 245	 270	 276	 282	 377	 384	 398	
13	 19	 26	 34	 41	 49	 71	 78	 102	 120	 133	 139	 146	 154	 161	 169	 191	 198	 222	 240	
7	 20	 169	 181	 188	 196	 206	 211	 218	 245	 252	 265	 414	 426	 433	 441	 451	 456	 463	 490	
11	 17	 73	 102	 110	 275	 280	 310	 317	 322	 333	 339	 395	 424	 432	 597	 602	 632	 639	 644	
9	 17	 25	 39	 47	 71	 79	 87	 93	 168	 177	 185	 193	 207	 215	 239	 247	 255	 261	 336	
15	 21	 26	 32	 152	 181	 290	 296	 303	 311	 326	 332	 337	 343	 463	 492	 601	 607	 614	 622	
6	 19	 115	 119	 144	 148	 174	 197	 231	 236	 242	 255	 351	 355	 380	 384	 410	 433	 467	 472	
5	 13	 25	 31	 52	 59	 72	 77	 289	 314	 319	 327	 339	 345	 366	 373	 386	 391	 603	 628	
26	 45	 61	 71	 98	 104	 108	 125	 131	 137	 163	 182	 198	 208	 235	 241	 245	 262	 268	 274	
7	 50	 57	 65	 87	 144	 149	 165	 174	 179	 186	 229	 236	 244	 266	 323	 328	 344	 353	 358	
6	 12	 20	 30	 973	 992	 999	 1036	 1043	 1050	 1056	 1062	 1070	 1080	 2023	 2042	 2049	 2086	 2093	 2100	
25	 38	 51	 61	 69	 81	 88	 94	 101	 112	 137	 150	 163	 173	 181	 193	 200	 206	 213	 224	
76	 82	 85	 112	 201	 226	 236	 240	 271	 282	 358	 364	 367	 394	 483	 508	 518	 522	 553	 564	
11	 18	 33	 40	 48	 69	 77	 84	 91	 172	 183	 190	 205	 212	 220	 241	 249	 256	 263	 344	
8	 38	 44	 50	 60	 71	 191	 197	 207	 216	 224	 254	 260	 266	 276	 287	 407	 413	 423	 432	
7	 11	 32	 61	 80	 84	 159	 174	 229	 233	 240	 244	 265	 294	 313	 317	 392	 407	 462	 466	
14	 48	 58	 68	 75	 81	 108	 114	 122	 131	 145	 179	 189	 199	 206	 212	 239	 245	 253	 262	
171	 183	 194	 205	 211	 220	 226	 285	 290	 297	 468	 480	 491	 502	 508	 517	 523	 582	 587	 594	
7	 167	 174	 181	 188	 220	 227	 237	 248	 257	 264	 424	 431	 438	 445	 477	 484	 494	 505	 514	
98	 135	 140	 165	 170	 197	 201	 214	 220	 234	 332	 369	 374	 399	 404	 431	 435	 448	 454	 468	
207	 379	 438	 443	 520	 523	 536	 541	 547	 568	 775	 947	 1006	 1011	 1088	 1091	 1104	 1109	 1115	 1136	
932	 937	 943	 956	 963	 1006	 1013	 1023	 1048	 1053	 1985	 1990	 1996	 2009	 2016	 2059	 2066	 2076	 2101	 2106	
31	 83	 129	 168	 180	 187	 196	 201	 205	 212	 243	 295	 341	 380	 392	 399	 408	 413	 417	 424	
6	 31	 44	 50	 58	 71	 79	 87	 158	 164	 170	 195	 208	 214	 222	 235	 243	 251	 322	 328	
7	 48	 102	 120	 126	 131	 177	 189	 193	 201	 208	 249	 303	 321	 327	 332	 378	 390	 394	 402	
26	 42	 48	 57	 195	 202	 214	 220	 227	 234	 260	 276	 282	 291	 429	 436	 448	 454	 461	 468	
48	 67	 79	 85	 95	 103	 111	 119	 125	 134	 182	 201	 213	 219	 229	 237	 245	 253	 259	 268	
8	 246	 262	 266	 270	 299	 327	 337	 357	 363	 371	 609	 625	 629	 633	 662	 690	 700	 720	 726	
24	 34	 61	 67	 72	 92	 98	 107	 144	 149	 173	 183	 210	 216	 221	 241	 247	 256	 293	 298	
81	 101	 106	 132	 136	 305	 311	 317	 322	 381	 462	 482	 487	 513	 517	 686	 692	 698	 703	 762	
28	 35	 46	 53	 61	 66	 74	 85	 102	 120	 148	 155	 166	 173	 181	 186	 194	 205	 222	 240	
6	 425	 433	 438	 531	 537	 559	 565	 571	 646	 652	 1071	 1079	 1084	 1177	 1183	 1205	 1211	 1217	 1292	
9	 15	 20	 40	 51	 78	 84	 93	 109	 123	 132	 138	 143	 163	 174	 201	 207	 216	 232	 246	
10	 1135	 1144	 1153	 1166	 1173	 1180	 1187	 1205	 1211	 1221	 2346	 2355	 2364	 2377	 2384	 2391	 2398	 2416	 2422	
8	 13	 19	 170	 188	 232	 590	 595	 602	 610	 618	 623	 629	 780	 798	 842	 1200	 1205	 1212	 1220	
9	 16	 23	 32	 38	 67	 74	 113	 130	 137	 146	 153	 160	 169	 175	 204	 211	 250	 267	 274	
7	 16	 23	 33	 44	 55	 64	 80	 92	 100	 107	 116	 123	 133	 144	 155	 164	 180	 192	 200	
14	 38	 49	 131	 138	 143	 162	 171	 178	 183	 197	 221	 232	 314	 321	 326	 345	 354	 361	 366	
9	 25	 32	 39	 61	 68	 78	 86	 94	 108	 117	 133	 140	 147	 169	 176	 186	 194	 202	 216	
899	 904	 957	 966	 987	 993	 1001	 1007	 1081	 1085	 1984	 1989	 2042	 2051	 2072	 2078	 2086	 2092	 2166	 2170	
7	 13	 27	 37	 68	 87	 96	 103	 113	 120	 127	 133	 147	 157	 188	 207	 216	 223	 233	 240	
22	 28	 41	 50	 91	 98	 109	 118	 126	 132	 154	 160	 173	 182	 223	 230	 241	 250	 258	 264	
6	 40	 46	 58	 65	 72	 79	 6503	 6509	 6535	 6541	 6575	 6581	 6593	 6600	 6607	 6614	 13038	 13044	 13070	
21	 26	 48	 53	 61	 69	 75	 116	 124	 165	 186	 191	 213	 218	 226	 234	 240	 281	 289	 330	
6	 18	 44	 56	 879	 886	 916	 920	 933	 938	 944	 956	 982	 994	 1817	 1824	 1854	 1858	 1871	 1876	
11	 28	 35	 42	 58	 69	 171	 178	 182	 194	 205	 222	 229	 236	 252	 263	 365	 372	 376	 388	
5	 11	 23	 29	 43	 49	 66	 142	 155	 171	 176	 182	 194	 200	 214	 220	 237	 313	 326	 342	
19	 33	 38	 53	 60	 66	 82	 97	 103	 120	 139	 153	 158	 173	 180	 186	 202	 217	 223	 240	
6	 13	 24	 41	 59	 71	 77	 159	 164	 173	 179	 186	 197	 214	 232	 244	 250	 332	 337	 346	
20	 33	 297	 305	 311	 320	 334	 346	 352	 357	 377	 390	 654	 662	 668	 677	 691	 703	 709	 714	
7	 302	 304	 308	 347	 359	 402	 415	 429	 495	 502	 797	 799	 803	 842	 854	 897	 910	 924	 990	
19	 25	 42	 47	 53	 64	 69	 79	 398	 473	 492	 498	 515	 520	 526	 537	 542	 552	 871	 946	
106	 112	 128	 138	 145	 152	 193	 199	 215	 221	 327	 333	 349	 359	 366	 373	 414	 420	 436	 442	
318	 324	 449	 457	 469	 475	 483	 492	 503	 509	 827	 833	 958	 966	 978	 984	 992	 1001	 1012	 1018	
23	 34	 41	 48	 54	 61	 166	 175	 185	 195	 218	 229	 236	 243	 249	 256	 361	 370	 380	 390	
10	 16	 30	 36	 45	 60	 127	 134	 144	 152	 162	 168	 182	 188	 197	 212	 279	 286	 296	 304	
14	 22	 26	 56	 64	 69	 263	 268	 291	 326	 340	 348	 352	 382	 390	 395	 589	 594	 617	 652	
12	 29	 35	 89	 121	 128	 134	 143	 156	 161	 173	 190	 196	 250	 282	 289	 295	 304	 317	 322	
5	 15	 23	 33	 163	 171	 186	 190	 250	 263	 268	 278	 286	 296	 426	 434	 449	 453	 513	 526	
6	 14	 37	 61	 68	 89	 95	 107	 130	 135	 141	 149	 172	 196	 203	 224	 230	 242	 265	 270	
11	 22	 29	 36	 42	 56	 64	 94	 152	 158	 169	 180	 187	 194	 200	 214	 222	 252	 310	 316	
52	 57	 266	 271	 329	 334	 356	 363	 400	 404	 456	 461	 670	 675	 733	 738	 760	 767	 804	 808	
4	 12	 65	 73	 82	 90	 101	 161	 166	 230	 234	 242	 295	 303	 312	 320	 331	 391	 396	 460	
9	 17	 49	 54	 59	 208	 244	 251	 260	 270	 279	 287	 319	 324	 329	 478	 514	 521	 530	 540	
30	 37	 52	 57	 62	 124	 134	 144	 149	 181	 211	 218	 233	 238	 243	 305	 315	 325	 330	 362	
6	 11	 17	 31	 529	 555	 571	 576	 582	 656	 662	 667	 673	 687	 1185	 1211	 1227	 1232	 1238	 1312	
12	 18	 34	 40	 46	 75	 86	 100	 109	 120	 132	 138	 154	 160	 166	 195	 206	 220	 229	 240	
10	 17	 31	 64	 73	 78	 91	 97	 108	 122	 132	 139	 153	 186	 195	 200	 213	 219	 230	 244	
7	 16	 23	 40	 73	 80	 86	 94	 111	 122	 129	 138	 145	 162	 195	 202	 208	 216	 233	 244	
19	 3542	 3555	 3560	 3625	 3633	 3638	 3648	 3941	 3944	 3963	 7486	 7499	 7504	 7569	 7577	 7582	 7592	 7885	 7888	
103	 112	 120	 127	 134	 141	 151	 161	 167	 209	 312	 321	 329	 336	 343	 350	 360	 370	 376	 418	
1593	 1603	 1820	 1825	 1832	 1837	 1844	 1850	 1866	 1922	 3515	 3525	 3742	 3747	 3754	 3759	 3766	 3772	 3788	 3844	
7	 16	 25	 33	 37	 44	 51	 77	 2447	 2605	 2612	 2621	 2630	 2638	 2642	 2649	 2656	 2682	 5052	 5210	
434	 442	 459	 465	 470	 627	 642	 650	 658	 663	 1097	 1105	 1122	 1128	 1133	 1290	 1305	 1313	 1321	 1326	
23	 56	 62	 69	 97	 103	 109	 127	 133	 143	 166	 199	 205	 212	 240	 246	 252	 270	 276	 286	
5	 16	 21	 226	 233	 252	 261	 267	 282	 347	 352	 363	 368	 573	 580	 599	 608	 614	 629	 694	
5	 77	 82	 100	 115	 119	 145	 150	 185	 205	 210	 282	 287	 305	 320	 324	 350	 355	 390	 410	
9	 73	 81	 94	 104	 110	 119	 128	 141	 147	 156	 220	 228	 241	 251	 257	 266	 275	 288	 294	
9	 15	 24	 30	 37	 56	 84	 96	 116	 124	 133	 139	 148	 154	 161	 180	 208	 220	 240	 248	
5	 11	 16	 73	 101	 110	 118	 132	 143	 181	 186	 192	 197	 254	 282	 291	 299	 313	 324	 362	
13	 43	 67	 71	 79	 83	 99	 123	 146	 154	 167	 197	 221	 225	 233	 237	 253	 277	 300	 308	
7	 14	 22	 51	 59	 66	 87	 419	 425	 431	 438	 445	 453	 482	 490	 497	 518	 850	 856	 862	
13	 17	 21	 213	 223	 242	 251	 280	 285	 317	 330	 334	 338	 530	 540	 559	 568	 597	 602	 634	
13	 48	 55	 70	 78	 85	 92	 105	 111	 120	 133	 168	 175	 190	 198	 205	 212	 225	 231	 240	
11	 15	 58	 78	 87	 102	 107	 132	 136	 214	 225	 229	 272	 292	 301	 316	 321	 346	 350	 428	
12	 20	 27	 38	 74	 95	 104	 110	 115	 138	 150	 158	 165	 176	 212	 233	 242	 248	 253	 276	
6	 17	 24	 32	 38	 44	 63	 78	 118	 134	 140	 151	 158	 166	 172	 178	 197	 212	 252	 268	
7	 14	 20	 43	 51	 71	 78	 109	 120	 128	 135	 142	 148	 171	 179	 199	 206	 237	 248	 256	
5	 78	 85	 120	 125	 138	 167	 173	 183	 192	 197	 270	 277	 312	 317	 330	 359	 365	 375	 384	
12	 28	 34	 39	 61	 66	 80	 93	 189	 197	 209	 225	 231	 236	 258	 263	 277	 290	 386	 394	
22	 32	 39	 43	 57	 78	 93	 98	 107	 119	 141	 151	 158	 162	 176	 197	 212	 217	 226	 238	
30	 37	 63	 70	 82	 93	 99	 106	 123	 129	 159	 166	 192	 199	 211	 222	 228	 235	 252	 258	
6	 10	 14	 103	 189	 463	 469	 483	 490	 550	 556	 560	 564	 653	 739	 1013	 1019	 1033	 1040	 1100	
16	 29	 42	 47	 52	 78	 85	 91	 215	 224	 240	 253	 266	 271	 276	 302	 309	 315	 439	 448	
7	 19	 29	 36	 84	 92	 103	 109	 115	 145	 152	 164	 174	 181	 229	 237	 248	 254	 260	 290	
11	 17	 33	 72	 80	 86	 96	 187	 195	 200	 211	 217	 233	 272	 280	 286	 296	 387	 395	 400	
4	 68	 76	 80	 2182	 2186	 2266	 2281	 2292	 2326	 2330	 2394	 2402	 2406	 4508	 4512	 4592	 4607	 4618	 4652	
8	 107	 113	 121	 136	 143	 182	 192	 198	 205	 213	 312	 318	 326	 341	 348	 387	 397	 403	 410	
5	 30	 69	 130	 143	 148	 153	 228	 234	 240	 245	 270	 309	 370	 383	 388	 393	 468	 474	 480	
5	 11	 28	 34	 125	 134	 141	 173	 179	 220	 225	 231	 248	 254	 345	 354	 361	 393	 399	 440	
10	 15	 29	 36	 69	 75	 97	 151	 159	 165	 175	 180	 194	 201	 234	 240	 262	 316	 324	 330	
4	 141	 153	 159	 168	 173	 206	 213	 239	 250	 254	 391	 403	 409	 418	 423	 456	 463	 489	 500	
11	 18	 33	 40	 58	 64	 74	 84	 103	 110	 121	 128	 143	 150	 168	 174	 184	 194	 213	 220	
7	 19	 33	 38	 54	 61	 74	 84	 94	 107	 114	 126	 140	 145	 161	 168	 181	 191	 201	 214	
99	 104	 129	 135	 161	 167	 178	 183	 190	 214	 313	 318	 343	 349	 375	 381	 392	 397	 404	 428	
108	 146	 167	 174	 184	 205	 216	 221	 226	 231	 339	 377	 398	 405	 415	 436	 447	 452	 457	 462	
22	 219	 225	 232	 244	 249	 255	 261	 311	 324	 346	 543	 549	 556	 568	 573	 579	 585	 635	 648	
7	 800	 804	 810	 919	 938	 967	 973	 987	 992	 999	 1792	 1796	 1802	 1911	 1930	 1959	 1965	 1979	 1984	
11	 20	 165	 170	 184	 201	 214	 219	 224	 244	 255	 264	 409	 414	 428	 445	 458	 463	 468	 488	
10	 17	 138	 145	 157	 170	 190	 195	 235	 239	 249	 256	 377	 384	 396	 409	 429	 434	 474	 478	
40	 70	 73	 81	 381	 393	 403	 407	 425	 439	 479	 509	 512	 520	 820	 832	 842	 846	 864	 878	
13	 22	 29	 35	 43	 50	 58	 138	 152	 163	 176	 185	 192	 198	 206	 213	 221	 301	 315	 326	
6	 10	 18	 27	 86	 97	 124	 150	 159	 166	 172	 176	 184	 193	 252	 263	 290	 316	 325	 332	
179	 187	 192	 219	 232	 291	 295	 305	 310	 335	 514	 522	 527	 554	 567	 626	 630	 640	 645	 670	
7	 14	 83	 98	 104	 113	 120	 126	 150	 164	 171	 178	 247	 262	 268	 277	 284	 290	 314	 328	
5	 45	 50	 64	 70	 131	 136	 157	 164	 191	 196	 236	 241	 255	 261	 322	 327	 348	 355	 382	
16	 36	 48	 84	 97	 101	 109	 121	 130	 134	 150	 170	 182	 218	 231	 235	 243	 255	 264	 268	
7	 22	 29	 39	 48	 55	 65	 97	 104	 120	 127	 142	 149	 159	 168	 175	 185	 217	 224	 240	
12	 35	 40	 48	 60	 68	 72	 91	 144	 155	 167	 190	 195	 203	 215	 223	 227	 246	 299	 310	
10	 37	 43	 50	 62	 67	 120	 126	 144	 157	 167	 194	 200	 207	 219	 224	 277	 283	 301	 314	
4	 37	 42	 69	 76	 95	 174	 189	 218	 222	 226	 259	 264	 291	 298	 317	 396	 411	 440	 444	
8	 13	 23	 39	 57	 63	 73	 149	 159	 165	 173	 178	 188	 204	 222	 228	 238	 314	 324	 330	
8	 18	 27	 41	 69	 73	 81	 89	 113	 122	 130	 140	 149	 163	 191	 195	 203	 211	 235	 244	
8	 16	 57	 67	 79	 121	 124	 131	 149	 179	 187	 195	 236	 246	 258	 300	 303	 310	 328	 358	
5	 9	 38	 484	 493	 505	 509	 543	 557	 567	 572	 576	 605	 1051	 1060	 1072	 1076	 1110	 1124	 1134	
23	 29	 34	 60	 64	 309	 374	 378	 386	 413	 436	 442	 447	 473	 477	 722	 787	 791	 799	 826	
5	 11	 18	 26	 35	 43	 52	 119	 139	 180	 185	 191	 198	 206	 215	 223	 232	 299	 319	 360	
8	 13	 20	 39	 59	 64	 80	 97	 123	 130	 138	 143	 150	 169	 189	 194	 210	 227	 253	 260	
128	 132	 146	 150	 166	 180	 199	 220	 227	 235	 363	 367	 381	 385	 401	 415	 434	 455	 462	 470	
103	 159	 162	 173	 192	 206	 214	 220	 228	 237	 340	 396	 399	 410	 429	 443	 451	 457	 465	 474	
8	 25	 33	 57	 63	 70	 75	 96	 104	 140	 148	 165	 173	 197	 203	 210	 215	 236	 244	 280	
30	 43	 52	 67	 82	 102	 108	 115	 121	 126	 156	 169	 178	 193	 208	 228	 234	 241	 247	 252	
9	 26	 32	 41	 61	 69	 75	 87	 99	 108	 117	 134	 140	 149	 169	 177	 183	 195	 207	 216	
6	 12	 22	 95	 105	 150	 156	 166	 172	 185	 191	 197	 207	 280	 290	 335	 341	 351	 357	 370	
9	 47	 57	 73	 80	 86	 93	 106	 112	 130	 139	 177	 187	 203	 210	 216	 223	 236	 242	 260	
21	 31	 36	 45	 51	 55	 149	 160	 177	 204	 225	 235	 240	 249	 255	 259	 353	 364	 381	 408	
4	 12	 18	 204	 209	 222	 237	 247	 285	 299	 303	 311	 317	 503	 508	 521	 536	 546	 584	 598	
5	 26	 32	 75	 82	 92	 111	 117	 126	 145	 150	 171	 177	 220	 227	 237	 256	 262	 271	 290	
37	 44	 52	 58	 84	 93	 127	 153	 157	 164	 201	 208	 216	 222	 248	 257	 291	 317	 321	 328	
11	 18	 26	 106	 114	 133	 143	 155	 177	 181	 192	 199	 207	 287	 295	 314	 324	 336	 358	 362	
8	 18	 43	 49	 56	 67	 77	 83	 97	 115	 123	 133	 158	 164	 171	 182	 192	 198	 212	 230	
17	 34	 41	 83	 89	 95	 109	 118	 125	 133	 150	 167	 174	 216	 222	 228	 242	 251	 258	 266	
3	 46	 51	 65	 135	 153	 170	 174	 192	 243	 246	 289	 294	 308	 378	 396	 413	 417	 435	 486	
7	 13	 19	 33	 61	 72	 105	 113	 122	 132	 139	 145	 151	 165	 193	 204	 237	 245	 254	 264	
5	 2450	 2455	 2499	 2504	 2566	 2574	 2586	 2602	 2607	 2612	 5057	 5062	 5106	 5111	 5173	 5181	 5193	 5209	 5214	
40	 50	 57	 65	 73	 84	 111	 118	 127	 133	 173	 183	 190	 198	 206	 217	 244	 251	 260	 266	
12	 74	 81	 91	 111	 145	 154	 160	 166	 171	 183	 245	 252	 262	 282	 316	 325	 331	 337	 342	
12	 17	 24	 65	 72	 78	 91	 105	 111	 150	 162	 167	 174	 215	 222	 228	 241	 255	 261	 300	
139	 189	 195	 201	 213	 219	 238	 319	 324	 329	 468	 518	 524	 530	 542	 548	 567	 648	 653	 658	
12	 144	 151	 161	 166	 175	 182	 192	 199	 229	 241	 373	 380	 390	 395	 404	 411	 421	 428	 458	
10	 18	 27	 33	 41	 49	 86	 761	 767	 775	 785	 793	 802	 808	 816	 824	 861	 1536	 1542	 1550	
14	 20	 39	 44	 49	 70	 111	 150	 153	 192	 206	 212	 231	 236	 241	 262	 303	 342	 345	 384	
16	 24	 52	 57	 84	 91	 97	 124	 132	 138	 154	 162	 190	 195	 222	 229	 235	 262	 270	 276	
6	 38	 51	 57	 245	 254	 260	 290	 296	 303	 309	 341	 354	 360	 548	 557	 563	 593	 599	 606	
10	 21	 28	 36	 58	 68	 76	 88	 95	 106	 116	 127	 134	 142	 164	 174	 182	 194	 201	 212	
251	 258	 265	 271	 286	 458	 470	 476	 483	 489	 740	 747	 754	 760	 775	 947	 959	 965	 972	 978	
6	 12	 26	 35	 40	 50	 58	 209	 221	 251	 257	 263	 277	 286	 291	 301	 309	 460	 472	 502	
9	 48	 55	 60	 88	 107	 113	 122	 128	 142	 151	 190	 197	 202	 230	 249	 255	 264	 270	 284	
11	 17	 26	 33	 44	 53	 128	 147	 155	 161	 172	 178	 187	 194	 205	 214	 289	 308	 316	 322	
9	 20	 26	 57	 63	 70	 81	 102	 109	 124	 133	 144	 150	 181	 187	 194	 205	 226	 233	 248	
5	 12	 31	 40	 99	 109	 116	 131	 141	 149	 154	 161	 180	 189	 248	 258	 265	 280	 290	 298	
9	 26	 33	 99	 141	 189	 205	 211	 214	 219	 228	 245	 252	 318	 360	 408	 424	 430	 433	 438	
4	 85	 97	 107	 120	 128	 141	 1124	 1131	 1136	 1140	 1221	 1233	 1243	 1256	 1264	 1277	 2260	 2267	 2272	
18	 61	 73	 79	 87	 93	 109	 119	 126	 132	 150	 193	 205	 211	 219	 225	 241	 251	 258	 264	
6	 18	 34	 45	 51	 60	 257	 267	 278	 283	 289	 301	 317	 328	 334	 343	 540	 550	 561	 566	
41	 49	 60	 66	 71	 80	 146	 190	 194	 210	 251	 259	 270	 276	 281	 290	 356	 400	 404	 420	
18	 33	 1020	 1027	 1044	 1050	 1055	 1061	 1074	 1081	 1099	 1114	 2101	 2108	 2125	 2131	 2136	 2142	 2155	 2162	
10	 83	 180	 185	 190	 197	 257	 262	 506	 512	 522	 595	 692	 697	 702	 709	 769	 774	 1018	 1024	
69	 95	 99	 107	 112	 135	 143	 151	 158	 222	 291	 317	 321	 329	 334	 357	 365	 373	 380	 444	
9	 18	 30	 43	 53	 65	 70	 75	 175	 184	 193	 202	 214	 227	 237	 249	 254	 259	 359	 368	
22	 30	 38	 56	 70	 83	 92	 101	 107	 113	 135	 143	 151	 169	 183	 196	 205	 214	 220	 226	
9	 17	 28	 72	 85	 92	 98	 117	 125	 132	 141	 149	 160	 204	 217	 224	 230	 249	 257	 264	
10	 13	 75	 80	 170	 175	 202	 229	 237	 251	 261	 264	 326	 331	 421	 426	 453	 480	 488	 502	
16	 23	 50	 56	 62	 69	 91	 102	 108	 126	 142	 149	 176	 182	 188	 195	 217	 228	 234	 252	
14	 20	 61	 112	 127	 133	 168	 172	 177	 187	 201	 207	 248	 299	 314	 320	 355	 359	 364	 374	
45	 52	 73	 86	 109	 114	 119	 125	 137	 148	 193	 200	 221	 234	 257	 262	 267	 273	 285	 296	
7	 32	 50	 55	 60	 65	 76	 98	 110	 146	 153	 178	 196	 201	 206	 211	 222	 244	 256	 292	
10	 17	 24	 33	 70	 80	 86	 154	 162	 171	 181	 188	 195	 204	 241	 251	 257	 325	 333	 342	
12	 19	 34	 40	 50	 75	 82	 90	 103	 112	 124	 131	 146	 152	 162	 187	 194	 202	 215	 224	
5	 10	 51	 61	 68	 81	 97	 106	 125	 136	 141	 146	 187	 197	 204	 217	 233	 242	 261	 272	
8	 13	 23	 38	 60	 68	 80	 89	 110	 116	 124	 129	 139	 154	 176	 184	 196	 205	 226	 232	
388	 417	 427	 432	 445	 454	 484	 491	 497	 502	 890	 919	 929	 934	 947	 956	 986	 993	 999	 1004	
17	 637	 642	 650	 661	 674	 681	 698	 703	 710	 727	 1347	 1352	 1360	 1371	 1384	 1391	 1408	 1413	 1420	
8	 15	 43	 49	 62	 72	 375	 381	 386	 407	 415	 422	 450	 456	 469	 479	 782	 788	 793	 814	
20	 26	 202	 207	 233	 239	 244	 266	 272	 295	 315	 321	 497	 502	 528	 534	 539	 561	 567	 590	
4	 161	 169	 180	 464	 468	 476	 503	 514	 521	 525	 682	 690	 701	 985	 989	 997	 1024	 1035	 1042	
21	 31	 38	 55	 69	 82	 90	 100	 105	 112	 133	 143	 150	 167	 181	 194	 202	 212	 217	 224	
9	 17	 22	 69	 121	 142	 147	 164	 168	 214	 223	 231	 236	 283	 335	 356	 361	 378	 382	 428	
5	 27	 34	 40	 118	 123	 143	 339	 349	 356	 361	 383	 390	 396	 474	 479	 499	 695	 705	 712	
9	 27	 128	 132	 139	 153	 272	 277	 282	 296	 305	 323	 424	 428	 435	 449	 568	 573	 578	 592	
9	 20	 26	 32	 42	 49	 61	 82	 198	 204	 213	 224	 230	 236	 246	 253	 265	 286	 402	 408	
52	 62	 70	 74	 90	 94	 114	 134	 140	 235	 287	 297	 305	 309	 325	 329	 349	 369	 375	 470	
33	 50	 56	 68	 88	 91	 362	 371	 379	 388	 421	 438	 444	 456	 476	 479	 750	 759	 767	 776	
63	 75	 79	 85	 89	 128	 137	 180	 191	 203	 266	 278	 282	 288	 292	 331	 340	 383	 394	 406	
5	 40	 46	 58	 64	 191	 196	 202	 232	 284	 289	 324	 330	 342	 348	 475	 480	 486	 516	 568	
40	 47	 54	 61	 76	 115	 122	 129	 187	 191	 231	 238	 245	 252	 267	 306	 313	 320	 378	 382	
7	 55	 62	 234	 238	 269	 274	 291	 322	 327	 334	 382	 389	 561	 565	 596	 601	 618	 649	 654	
9	 33	 41	 50	 57	 75	 93	 103	 109	 115	 124	 148	 156	 165	 172	 190	 208	 218	 224	 230	
5	 11	 38	 95	 100	 261	 1389	 1397	 1404	 1409	 1414	 1420	 1447	 1504	 1509	 1670	 2798	 2806	 2813	 2818	
8	 23	 46	 52	 58	 63	 181	 191	 200	 211	 219	 234	 257	 263	 269	 274	 392	 402	 411	 422	
19	 23	 44	 51	 57	 90	 167	 255	 260	 265	 284	 288	 309	 316	 322	 355	 432	 520	 525	 530	
7	 13	 19	 38	 49	 97	 111	 118	 175	 180	 187	 193	 199	 218	 229	 277	 291	 298	 355	 360	
7	 13	 19	 28	 36	 62	 69	 79	 97	 146	 153	 159	 165	 174	 182	 208	 215	 225	 243	 292	
331	 343	 360	 365	 370	 388	 397	 402	 411	 441	 772	 784	 801	 806	 811	 829	 838	 843	 852	 882	
25	 32	 39	 46	 65	 72	 80	 93	 100	 116	 141	 148	 155	 162	 181	 188	 196	 209	 216	 232	
16	 24	 31	 44	 52	 68	 78	 84	 90	 117	 133	 141	 148	 161	 169	 185	 195	 201	 207	 234	
174	 183	 189	 223	 227	 234	 240	 250	 288	 300	 474	 483	 489	 523	 527	 534	 540	 550	 588	 600	
9	 14	 36	 86	 92	 100	 105	 118	 131	 170	 179	 184	 206	 256	 262	 270	 275	 288	 301	 340	
66	 71	 76	 87	 102	 115	 185	 266	 271	 275	 341	 346	 351	 362	 377	 390	 460	 541	 546	 550	
8	 27	 52	 59	 72	 82	 87	 92	 105	 126	 134	 153	 178	 185	 198	 208	 213	 218	 231	 252	
15	 18	 33	 67	 74	 110	 120	 135	 139	 302	 317	 320	 335	 369	 376	 412	 422	 437	 441	 604	
12	 18	 27	 32	 48	 56	 64	 73	 100	 125	 137	 143	 152	 157	 173	 181	 189	 198	 225	 250	
11	 17	 24	 29	 34	 74	 141	 192	 202	 211	 222	 228	 235	 240	 245	 285	 352	 403	 413	 422	
5	 133	 142	 150	 164	 169	 186	 203	 210	 222	 227	 355	 364	 372	 386	 391	 408	 425	 432	 444	
44	 104	 111	 117	 128	 134	 146	 152	 169	 175	 219	 279	 286	 292	 303	 309	 321	 327	 344	 350	
4	 16	 34	 38	 66	 71	 123	 134	 143	 189	 193	 205	 223	 227	 255	 260	 312	 323	 332	 378	
8	 17	 26	 37	 44	 55	 61	 81	 110	 116	 124	 133	 142	 153	 160	 171	 177	 197	 226	 232	
7	 11	 21	 26	 272	 288	 324	 398	 406	 413	 420	 424	 434	 439	 685	 701	 737	 811	 819	 826	
11	 28	 28	 42	 278	 868	 877	 881	 885	 889	 900	 917	 917	 931	 1167	 1757	 1766	 1770	 1774	 1778	
23	 45	 49	 56	 75	 127	 155	 165	 184	 187	 210	 232	 236	 243	 262	 314	 342	 352	 371	 374	
24	 30	 43	 54	 61	 69	 2097	 2104	 2117	 2121	 2145	 2151	 2164	 2175	 2182	 2190	 4218	 4225	 4238	 4242	
9	 16	 31	 42	 48	 60	 68	 74	 92	 112	 121	 128	 143	 154	 160	 172	 180	 186	 204	 224	
8	 17	 78	 81	 703	 710	 757	 761	 771	 895	 903	 912	 973	 976	 1598	 1605	 1652	 1656	 1666	 1790	
7	 17	 34	 39	 54	 73	 78	 97	 119	 126	 133	 143	 160	 165	 180	 199	 204	 223	 245	 252	
6	 12	 18	 30	 37	 50	 58	 75	 109	 126	 132	 138	 144	 156	 163	 176	 184	 201	 235	 252	
14	 37	 45	 50	 63	 70	 116	 122	 139	 145	 159	 182	 190	 195	 208	 215	 261	 267	 284	 290	
8	 18	 25	 34	 41	 51	 82	 91	 107	 116	 124	 134	 141	 150	 157	 167	 198	 207	 223	 232	
20	 32	 125	 133	 176	 181	 196	 202	 207	 214	 234	 246	 339	 347	 390	 395	 410	 416	 421	 428	
6	 15	 20	 25	 33	 39	 213	 256	 269	 311	 317	 326	 331	 336	 344	 350	 524	 567	 580	 622	
4	 10	 37	 48	 60	 70	 79	 86	 103	 139	 143	 149	 176	 187	 199	 209	 218	 225	 242	 278	
6	 18	 30	 36	 68	 74	 82	 86	 187	 300	 306	 318	 330	 336	 368	 374	 382	 386	 487	 600	
171	 181	 188	 194	 202	 209	 221	 228	 285	 292	 463	 473	 480	 486	 494	 501	 513	 520	 577	 584	
5	 32	 42	 65	 103	 116	 121	 127	 142	 148	 153	 180	 190	 213	 251	 264	 269	 275	 290	 296	
8	 24	 37	 45	 2801	 2807	 2813	 2845	 2851	 2857	 2865	 2881	 2894	 2902	 5658	 5664	 5670	 5702	 5708	 5714	
8	 15	 21	 33	 42	 74	 80	 91	 99	 194	 202	 209	 215	 227	 236	 268	 274	 285	 293	 388	
485	 493	 501	 508	 519	 528	 537	 546	 552	 567	 1052	 1060	 1068	 1075	 1086	 1095	 1104	 1113	 1119	 1134	
556	 564	 585	 591	 597	 607	 614	 620	 641	 652	 1208	 1216	 1237	 1243	 1249	 1259	 1266	 1272	 1293	 1304	
18	 26	 33	 43	 63	 71	 82	 88	 178	 183	 201	 209	 216	 226	 246	 254	 265	 271	 361	 366	
18	 23	 31	 707	 713	 718	 729	 739	 754	 769	 787	 792	 800	 1476	 1482	 1487	 1498	 1508	 1523	 1538	
8	 15	 22	 32	 42	 49	 118	 139	 149	 156	 164	 171	 178	 188	 198	 205	 274	 295	 305	 312	
14	 23	 36	 42	 48	 55	 88	 105	 114	 122	 136	 145	 158	 164	 170	 177	 210	 227	 236	 244	
5	 10	 23	 30	 44	 49	 59	 219	 230	 326	 331	 336	 349	 356	 370	 375	 385	 545	 556	 652	
78	 95	 102	 120	 127	 132	 138	 145	 159	 173	 251	 268	 275	 293	 300	 305	 311	 318	 332	 346	
39	 50	 57	 65	 70	 93	 99	 227	 232	 247	 286	 297	 304	 312	 317	 340	 346	 474	 479	 494	
8	 13	 60	 65	 135	 383	 390	 421	 429	 434	 442	 447	 494	 499	 569	 817	 824	 855	 863	 868	
7	 16	 26	 32	 72	 79	 83	 92	 123	 357	 364	 373	 383	 389	 429	 436	 440	 449	 480	 714	
11	 28	 32	 39	 103	 111	 169	 189	 198	 203	 214	 231	 235	 242	 306	 314	 372	 392	 401	 406	
8	 21	 57	 64	 73	 79	 86	 108	 116	 126	 134	 147	 183	 190	 199	 205	 212	 234	 242	 252	
46	 76	 86	 92	 98	 107	 123	 128	 136	 149	 195	 225	 235	 241	 247	 256	 272	 277	 285	 298	
10	 16	 24	 33	 273	 278	 323	 341	 346	 356	 366	 372	 380	 389	 629	 634	 679	 697	 702	 712	
9	 19	 24	 36	 118	 141	 156	 161	 168	 179	 188	 198	 203	 215	 297	 320	 335	 340	 347	 358	
11	 22	 54	 62	 68	 68	 76	 83	 92	 98	 109	 120	 152	 160	 166	 166	 174	 181	 190	 196	
6	 18	 27	 45	 86	 91	 96	 137	 143	 166	 172	 184	 193	 211	 252	 257	 262	 303	 309	 332	
69	 78	 85	 97	 104	 111	 117	 132	 137	 214	 283	 292	 299	 311	 318	 325	 331	 346	 351	 428	
8	 13	 18	 50	 58	 83	 90	 120	 153	 159	 167	 172	 177	 209	 217	 242	 249	 279	 312	 318	
9	 33	 40	 50	 58	 67	 78	 84	 97	 108	 117	 141	 148	 158	 166	 175	 186	 192	 205	 216	
12	 18	 25	 37	 57	 61	 65	 115	 147	 385	 397	 403	 410	 422	 442	 446	 450	 500	 532	 770	
5	 10	 15	 48	 65	 81	 86	 215	 247	 266	 271	 276	 281	 314	 331	 347	 352	 481	 513	 532	
7	 125	 129	 146	 199	 209	 215	 226	 233	 241	 248	 366	 370	 387	 440	 450	 456	 467	 474	 482	
260	 272	 278	 287	 294	 301	 308	 317	 332	 341	 601	 613	 619	 628	 635	 642	 649	 658	 673	 682	
6	 125	 133	 139	 162	 171	 176	 198	 209	 216	 222	 341	 349	 355	 378	 387	 392	 414	 425	 432	
7	 14	 21	 29	 38	 45	 68	 80	 122	 133	 140	 147	 154	 162	 171	 178	 201	 213	 255	 266	
8	 83	 99	 107	 115	 122	 130	 139	 144	 167	 175	 250	 266	 274	 282	 289	 297	 306	 311	 334	
5	 20	 30	 41	 49	 62	 76	 118	 127	 132	 137	 152	 162	 173	 181	 194	 208	 250	 259	 264	
5	 24	 39	 61	 67	 328	 333	 340	 346	 467	 472	 491	 506	 528	 534	 795	 800	 807	 813	 934	
7	 33	 57	 62	 112	 117	 123	 130	 137	 248	 255	 281	 305	 310	 360	 365	 371	 378	 385	 496	
38	 94	 100	 106	 119	 128	 134	 152	 158	 168	 206	 262	 268	 274	 287	 296	 302	 320	 326	 336	
21	 27	 76	 84	 91	 102	 108	 114	 136	 147	 168	 174	 223	 231	 238	 249	 255	 261	 283	 294	
5	 16	 21	 91	 95	 115	 131	 319	 507	 511	 516	 527	 532	 602	 606	 626	 642	 830	 1018	 1022	
17	 30	 38	 46	 65	 76	 84	 92	 98	 108	 125	 138	 146	 154	 173	 184	 192	 200	 206	 216	
10	 61	 69	 75	 86	 93	 101	 129	 133	 156	 166	 217	 225	 231	 242	 249	 257	 285	 289	 312	
6	 16	 27	 33	 56	 62	 69	 78	 130	 149	 155	 165	 176	 182	 205	 211	 218	 227	 279	 298	
22	 27	 42	 55	 303	 308	 315	 333	 343	 349	 371	 376	 391	 404	 652	 657	 664	 682	 692	 698	
55	 64	 73	 92	 108	 113	 118	 124	 143	 154	 209	 218	 227	 246	 262	 267	 272	 278	 297	 308	
5	 10	 15	 22	 29	 52	 138	 262	 459	 466	 471	 476	 481	 488	 495	 518	 604	 728	 925	 932	
12	 18	 49	 56	 63	 72	 79	 96	 113	 122	 134	 140	 171	 178	 185	 194	 201	 218	 235	 244	
6	 21	 27	 38	 44	 58	 3033	 3048	 3054	 3065	 3071	 3086	 3092	 3103	 3109	 3123	 6098	 6113	 6119	 6130	
5	 18	 34	 39	 73	 81	 89	 285	 290	 310	 315	 328	 344	 349	 383	 391	 399	 595	 600	 620	
10	 21	 30	 35	 41	 51	 58	 80	 92	 160	 170	 181	 190	 195	 201	 211	 218	 240	 252	 320	
12	 318	 359	 370	 379	 421	 425	 430	 436	 443	 455	 761	 802	 813	 822	 864	 868	 873	 879	 886	
7	 14	 41	 54	 60	 68	 77	 319	 326	 334	 341	 348	 375	 388	 394	 402	 411	 653	 660	 668	
6	 651	 659	 667	 683	 689	 703	 713	 726	 732	 738	 1383	 1391	 1399	 1415	 1421	 1435	 1445	 1458	 1464	
6	 13	 21	 29	 55	 66	 118	 149	 157	 162	 168	 175	 183	 191	 217	 228	 280	 311	 319	 324	
13	 27	 33	 130	 137	 152	 158	 166	 192	 197	 210	 224	 230	 327	 334	 349	 355	 363	 389	 394	
14	 19	 28	 33	 91	 105	 125	 138	 145	 153	 167	 172	 181	 186	 244	 258	 278	 291	 298	 306	
4	 153	 157	 163	 175	 189	 202	 211	 311	 323	 327	 476	 480	 486	 498	 512	 525	 534	 634	 646	
6	 20	 39	 45	 59	 69	 87	 94	 100	 112	 118	 132	 151	 157	 171	 181	 199	 206	 212	 224	
6	 23	 151	 161	 167	 193	 214	 219	 230	 235	 241	 258	 386	 396	 402	 428	 449	 454	 465	 470	
6	 21	 77	 83	 93	 101	 128	 142	 150	 156	 162	 177	 233	 239	 249	 257	 284	 298	 306	 312	
20	 25	 423	 442	 452	 457	 488	 495	 500	 524	 544	 549	 947	 966	 976	 981	 1012	 1019	 1024	 1048	
23	 28	 36	 43	 66	 71	 110	 115	 127	 145	 168	 173	 181	 188	 211	 216	 255	 260	 272	 290	
5	 128	 132	 187	 239	 243	 264	 276	 291	 297	 302	 425	 429	 484	 536	 540	 561	 573	 588	 594	
6	 14	 19	 41	 60	 67	 72	 100	 117	 144	 150	 158	 163	 185	 204	 211	 216	 244	 261	 288	
10	 44	 50	 57	 74	 79	 85	 94	 107	 144	 154	 188	 194	 201	 218	 223	 229	 238	 251	 288	
10	 45	 50	 62	 130	 166	 170	 177	 184	 204	 214	 249	 254	 266	 334	 370	 374	 381	 388	 408	
12	 21	 28	 37	 44	 54	 106	 114	 121	 132	 144	 153	 160	 169	 176	 186	 238	 246	 253	 264	
6	 12	 30	 45	 52	 61	 71	 77	 136	 150	 156	 162	 180	 195	 202	 211	 221	 227	 286	 300	
29	 41	 66	 140	 145	 151	 158	 166	 180	 185	 214	 226	 251	 325	 330	 336	 343	 351	 365	 370	
6	 19	 25	 35	 41	 49	 62	 72	 110	 127	 133	 146	 152	 162	 168	 176	 189	 199	 237	 254	
12	 18	 24	 33	 43	 49	 69	 126	 173	 179	 191	 197	 203	 212	 222	 228	 248	 305	 352	 358	
7	 17	 26	 34	 43	 75	 85	 91	 97	 258	 265	 275	 284	 292	 301	 333	 343	 349	 355	 516	
8	 14	 19	 89	 100	 112	 118	 124	 158	 249	 257	 263	 268	 338	 349	 361	 367	 373	 407	 498	
11	 21	 26	 32	 72	 84	 92	 129	 135	 145	 156	 166	 171	 177	 217	 229	 237	 274	 280	 290	
7	 11	 23	 27	 35	 79	 94	 110	 140	 170	 177	 181	 193	 197	 205	 249	 264	 280	 310	 340	
10	 20	 28	 76	 89	 95	 107	 112	 119	 134	 144	 154	 162	 210	 223	 229	 241	 246	 253	 268	
14	 302	 320	 325	 338	 342	 346	 355	 370	 572	 586	 874	 892	 897	 910	 914	 918	 927	 942	 1144	
11	 18	 26	 32	 48	 59	 77	 92	 99	 109	 120	 127	 135	 141	 157	 168	 186	 201	 208	 218	
7	 14	 24	 32	 94	 99	 125	 131	 160	 171	 178	 185	 195	 203	 265	 270	 296	 302	 331	 342	
6	 19	 24	 48	 53	 206	 212	 227	 254	 262	 268	 281	 286	 310	 315	 468	 474	 489	 516	 524	
5	 75	 80	 88	 93	 102	 229	 258	 444	 449	 454	 524	 529	 537	 542	 551	 678	 707	 893	 898	
5	 16	 56	 62	 81	 103	 108	 119	 132	 141	 146	 157	 197	 203	 222	 244	 249	 260	 273	 282	
29	 37	 45	 62	 68	 180	 186	 255	 260	 266	 295	 303	 311	 328	 334	 446	 452	 521	 526	 532	
20	 25	 70	 97	 106	 112	 140	 147	 153	 160	 180	 185	 230	 257	 266	 272	 300	 307	 313	 320	
7	 14	 19	 30	 36	 60	 90	 116	 124	 136	 143	 150	 155	 166	 172	 196	 226	 252	 260	 272	
5	 12	 97	 115	 120	 143	 176	 186	 196	 201	 206	 213	 298	 316	 321	 344	 377	 387	 397	 402	
19	 25	 61	 66	 71	 75	 123	 134	 164	 177	 196	 202	 238	 243	 248	 252	 300	 311	 341	 354	
11	 40	 47	 53	 82	 103	 137	 141	 152	 158	 169	 198	 205	 211	 240	 261	 295	 299	 310	 316	
5	 9	 19	 37	 67	 73	 107	 116	 137	 147	 152	 156	 166	 184	 214	 220	 254	 263	 284	 294	
6	 25	 31	 41	 49	 59	 66	 169	 185	 192	 198	 217	 223	 233	 241	 251	 258	 361	 377	 384	
10	 17	 25	 36	 52	 90	 104	 112	 123	 128	 138	 145	 153	 164	 180	 218	 232	 240	 251	 256	
8	 14	 19	 38	 48	 53	 63	 88	 113	 135	 143	 149	 154	 173	 183	 188	 198	 223	 248	 270	
134	 138	 149	 480	 492	 513	 4822	 4826	 4833	 4838	 4972	 4976	 4987	 5318	 5330	 5351	 9660	 9664	 9671	 9676	
18	 43	 47	 53	 61	 67	 75	 83	 103	 3781	 3799	 3824	 3828	 3834	 3842	 3848	 3856	 3864	 3884	 7562	
9	 16	 23	 32	 46	 80	 89	 97	 105	 118	 127	 134	 141	 150	 164	 198	 207	 215	 223	 236	
24	 53	 59	 69	 85	 90	 100	 105	 125	 133	 157	 186	 192	 202	 218	 223	 233	 238	 258	 266	
6	 28	 36	 58	 63	 70	 78	 86	 98	 140	 146	 168	 176	 198	 203	 210	 218	 226	 238	 280	
6	 23	 27	 35	 46	 296	 304	 366	 370	 396	 402	 419	 423	 431	 442	 692	 700	 762	 766	 792	
4	 8	 53	 63	 73	 95	 223	 254	 802	 806	 810	 814	 859	 869	 879	 901	 1029	 1060	 1608	 1612	
11	 23	 41	 49	 54	 66	 83	 88	 96	 117	 128	 140	 158	 166	 171	 183	 200	 205	 213	 234	
7	 15	 22	 76	 181	 187	 356	 362	 368	 376	 383	 391	 398	 452	 557	 563	 732	 738	 744	 752	
41	 48	 57	 62	 72	 91	 146	 162	 168	 173	 214	 221	 230	 235	 245	 264	 319	 335	 341	 346	
7	 14	 46	 55	 60	 100	 132	 151	 157	 164	 171	 178	 210	 219	 224	 264	 296	 315	 321	 328	
34	 671	 677	 686	 1535	 1541	 1546	 1563	 1569	 1574	 1608	 2245	 2251	 2260	 3109	 3115	 3120	 3137	 3143	 3148	
97	 108	 115	 134	 143	 166	 173	 182	 188	 194	 291	 302	 309	 328	 337	 360	 367	 376	 382	 388	
10	 15	 74	 95	 129	 133	 170	 178	 186	 192	 202	 207	 266	 287	 321	 325	 362	 370	 378	 384	
6	 13	 59	 64	 122	 126	 135	 158	 167	 211	 217	 224	 270	 275	 333	 337	 346	 369	 378	 422	
5	 15	 46	 79	 85	 90	 99	 140	 145	 303	 308	 318	 349	 382	 388	 393	 402	 443	 448	 606	
7	 24	 31	 48	 53	 68	 74	 87	 96	 114	 121	 138	 145	 162	 167	 182	 188	 201	 210	 228	
9	 38	 51	 65	 72	 81	 87	 94	 110	 117	 126	 155	 168	 182	 189	 198	 204	 211	 227	 234	
6	 21	 27	 44	 50	 83	 89	 101	 110	 126	 132	 147	 153	 170	 176	 209	 215	 227	 236	 252	
5	 24	 30	 38	 76	 116	 229	 237	 241	 253	 258	 277	 283	 291	 329	 369	 482	 490	 494	 506	
11	 20	 26	 33	 40	 49	 64	 83	 89	 132	 143	 152	 158	 165	 172	 181	 196	 215	 221	 264	
17	 25	 30	 40	 46	 245	 259	 268	 279	 287	 304	 312	 317	 327	 333	 532	 546	 555	 566	 574	
7	 13	 23	 53	 61	 67	 75	 127	 174	 181	 188	 194	 204	 234	 242	 248	 256	 308	 355	 362	
5	 12	 18	 31	 37	 52	 84	 101	 109	 135	 140	 147	 153	 166	 172	 187	 219	 236	 244	 270	
7	 14	 23	 38	 43	 56	 855	 874	 880	 888	 895	 902	 911	 926	 931	 944	 1743	 1762	 1768	 1776	
7	 13	 79	 85	 93	 191	 197	 220	 226	 242	 249	 255	 321	 327	 335	 433	 439	 462	 468	 484	
41	 47	 52	 72	 81	 81	 88	 94	 109	 116	 157	 163	 168	 188	 197	 197	 204	 210	 225	 232	
12	 17	 26	 42	 66	 97	 104	 112	 123	 129	 141	 146	 155	 171	 195	 226	 233	 241	 252	 258	
5	 29	 39	 46	 66	 89	 116	 122	 132	 137	 142	 166	 176	 183	 203	 226	 253	 259	 269	 274	
9	 17	 26	 35	 49	 56	 64	 74	 87	 101	 110	 118	 127	 136	 150	 157	 165	 175	 188	 202	
9	 321	 330	 340	 346	 359	 366	 374	 380	 394	 403	 715	 724	 734	 740	 753	 760	 768	 774	 788	
4	 11	 32	 40	 64	 80	 80	 84	 90	 155	 159	 166	 187	 195	 219	 235	 235	 239	 245	 310	
16	 30	 51	 59	 65	 76	 87	 95	 102	 111	 127	 141	 162	 170	 176	 187	 198	 206	 213	 222	
5	 57	 64	 71	 80	 85	 99	 108	 209	 226	 231	 283	 290	 297	 306	 311	 325	 334	 435	 452	
5	 24	 32	 43	 51	 71	 145	 183	 188	 193	 198	 217	 225	 236	 244	 264	 338	 376	 381	 386	
7	 13	 65	 768	 778	 785	 796	 804	 812	 819	 826	 832	 884	 1587	 1597	 1604	 1615	 1623	 1631	 1638	
9	 15	 22	 38	 48	 54	 73	 86	 97	 108	 117	 123	 130	 146	 156	 162	 181	 194	 205	 216	
5	 10	 90	 95	 106	 118	 127	 166	 172	 1799	 1804	 1809	 1889	 1894	 1905	 1917	 1926	 1965	 1971	 3598	
19	 27	 33	 115	 123	 128	 264	 269	 278	 292	 311	 319	 325	 407	 415	 420	 556	 561	 570	 584	
5	 16	 38	 73	 80	 87	 93	 108	 122	 130	 135	 146	 168	 203	 210	 217	 223	 238	 252	 260	
10	 17	 27	 91	 103	 111	 121	 126	 201	 206	 216	 223	 233	 297	 309	 317	 327	 332	 407	 412	
15	 21	 38	 42	 57	 197	 201	 217	 229	 242	 257	 263	 280	 284	 299	 439	 443	 459	 471	 484	
13	 29	 41	 48	 54	 134	 143	 149	 164	 170	 183	 199	 211	 218	 224	 304	 313	 319	 334	 340	
11	 16	 32	 48	 60	 65	 76	 86	 203	 209	 220	 225	 241	 257	 269	 274	 285	 295	 412	 418	
60	 70	 74	 169	 173	 179	 189	 204	 335	 343	 403	 413	 417	 512	 516	 522	 532	 547	 678	 686	
6	 21	 31	 36	 50	 59	 93	 146	 152	 159	 165	 180	 190	 195	 209	 218	 252	 305	 311	 318	
5	 24	 31	 37	 42	 62	 77	 86	 104	 123	 128	 147	 154	 160	 165	 185	 200	 209	 227	 246	
22	 32	 39	 47	 53	 58	 113	 146	 154	 163	 185	 195	 202	 210	 216	 221	 276	 309	 317	 326	
5	 84	 91	 102	 112	 120	 126	 133	 184	 200	 205	 284	 291	 302	 312	 320	 326	 333	 384	 400	
7	 13	 20	 34	 79	 268	 292	 298	 303	 311	 318	 324	 331	 345	 390	 579	 603	 609	 614	 622	
9	 194	 204	 209	 217	 227	 233	 291	 311	 316	 325	 510	 520	 525	 533	 543	 549	 607	 627	 632	
16	 61	 69	 77	 134	 142	 147	 152	 159	 177	 193	 238	 246	 254	 311	 319	 324	 329	 336	 354	
9	 103	 115	 120	 141	 152	 158	 181	 187	 194	 203	 297	 309	 314	 335	 346	 352	 375	 381	 388	
19	 24	 40	 45	 183	 200	 207	 216	 220	 835	 854	 859	 875	 880	 1018	 1035	 1042	 1051	 1055	 1670	
18	 23	 64	 178	 190	 195	 201	 205	 609	 618	 636	 641	 682	 796	 808	 813	 819	 823	 1227	 1236	
6	 22	 35	 49	 73	 89	 98	 106	 121	 125	 131	 147	 160	 174	 198	 214	 223	 231	 246	 250	
7	 13	 56	 56	 61	 68	 149	 177	 183	 189	 196	 202	 245	 245	 250	 257	 338	 366	 372	 378	
19	 31	 156	 161	 166	 177	 198	 223	 229	 234	 253	 265	 390	 395	 400	 411	 432	 457	 463	 468	
65	 74	 80	 88	 94	 113	 168	 176	 185	 191	 256	 265	 271	 279	 285	 304	 359	 367	 376	 382	
16	 205	 237	 297	 313	 318	 412	 415	 428	 432	 448	 637	 669	 729	 745	 750	 844	 847	 860	 864	
13	 20	 27	 37	 48	 58	 66	 74	 90	 100	 113	 120	 127	 137	 148	 158	 166	 174	 190	 200	
20	 24	 30	 118	 132	 158	 184	 224	 231	 235	 255	 259	 265	 353	 367	 393	 419	 459	 466	 470	
6	 13	 53	 59	 64	 73	 100	 107	 204	 216	 222	 229	 269	 275	 280	 289	 316	 323	 420	 432	
14	 20	 77	 85	 97	 102	 144	 150	 155	 228	 242	 248	 305	 313	 325	 330	 372	 378	 383	 456	
12	 23	 40	 49	 54	 69	 77	 82	 142	 149	 161	 172	 189	 198	 203	 218	 226	 231	 291	 298	
12	 27	 35	 41	 225	 230	 236	 248	 271	 279	 291	 306	 314	 320	 504	 509	 515	 527	 550	 558	
9	 15	 32	 48	 55	 80	 85	 93	 111	 119	 128	 134	 151	 167	 174	 199	 204	 212	 230	 238	
9	 166	 2054	 2061	 2068	 2073	 2079	 2085	 2894	 2900	 2909	 3066	 4954	 4961	 4968	 4973	 4979	 4985	 5794	 5800	
6	 15	 23	 98	 116	 146	 150	 158	 167	 177	 183	 192	 200	 275	 293	 323	 327	 335	 344	 354	
6	 13	 20	 26	 83	 113	 122	 128	 145	 163	 169	 176	 183	 189	 246	 276	 285	 291	 308	 326	
7	 27	 47	 52	 58	 63	 196	 224	 249	 255	 262	 282	 302	 307	 313	 318	 451	 479	 504	 510	
212	 220	 251	 258	 268	 272	 278	 285	 298	 333	 545	 553	 584	 591	 601	 605	 611	 618	 631	 666	
85	 93	 110	 113	 131	 135	 161	 170	 200	 211	 296	 304	 321	 324	 342	 346	 372	 381	 411	 422	
50	 57	 67	 72	 79	 87	 97	 126	 132	 154	 204	 211	 221	 226	 233	 241	 251	 280	 286	 308	
176	 185	 203	 207	 286	 290	 308	 323	 512	 516	 692	 701	 719	 723	 802	 806	 824	 839	 1028	 1032	
10	 36	 51	 62	 71	 95	 101	 108	 115	 122	 132	 158	 173	 184	 193	 217	 223	 230	 237	 244	
6	 19	 30	 38	 56	 63	 71	 136	 148	 154	 160	 173	 184	 192	 210	 217	 225	 290	 302	 308	
7	 17	 33	 42	 49	 55	 62	 81	 144	 152	 159	 169	 185	 194	 201	 207	 214	 233	 296	 304	
89	 106	 125	 132	 137	 159	 169	 184	 189	 194	 283	 300	 319	 326	 331	 353	 363	 378	 383	 388	
10	 17	 28	 37	 61	 71	 84	 92	 99	 106	 116	 123	 134	 143	 167	 177	 190	 198	 205	 212	
95	 107	 120	 129	 135	 151	 159	 168	 175	 181	 276	 288	 301	 310	 316	 332	 340	 349	 356	 362	
66	 71	 84	 91	 99	 125	 142	 147	 152	 189	 255	 260	 273	 280	 288	 314	 331	 336	 341	 378	
8	 19	 48	 62	 76	 81	 95	 101	 107	 120	 128	 139	 168	 182	 196	 201	 215	 221	 227	 240	
11	 28	 33	 39	 89	 103	 112	 185	 191	 198	 209	 226	 231	 237	 287	 301	 310	 383	 389	 396	
7	 13	 24	 31	 61	 99	 107	 118	 124	 138	 145	 151	 162	 169	 199	 237	 245	 256	 262	 276	
23	 36	 44	 50	 61	 109	 115	 123	 140	 146	 169	 182	 190	 196	 207	 255	 261	 269	 286	 292	
12	 24	 40	 50	 58	 70	 84	 89	 101	 107	 119	 131	 147	 157	 165	 177	 191	 196	 208	 214	
34	 433	 439	 457	 463	 473	 481	 490	 498	 504	 538	 937	 943	 961	 967	 977	 985	 994	 1002	 1008	
6	 15	 22	 27	 49	 83	 95	 104	 113	 129	 135	 144	 151	 156	 178	 212	 224	 233	 242	 258	
5	 43	 43	 72	 82	 87	 93	 103	 117	 122	 127	 165	 165	 194	 204	 209	 215	 225	 239	 244	
5	 209	 240	 248	 257	 342	 352	 359	 366	 372	 377	 581	 612	 620	 629	 714	 724	 731	 738	 744	
92	 98	 105	 139	 143	 310	 315	 319	 415	 436	 528	 534	 541	 575	 579	 746	 751	 755	 851	 872	
6	 119	 128	 146	 177	 182	 190	 196	 223	 229	 235	 348	 357	 375	 406	 411	 419	 425	 452	 458	
7	 11	 22	 36	 68	 87	 94	 129	 134	 163	 170	 174	 185	 199	 231	 250	 257	 292	 297	 326	
6	 29	 35	 42	 115	 150	 157	 163	 163	 168	 174	 197	 203	 210	 283	 318	 325	 331	 331	 336	
26	 77	 92	 98	 104	 112	 121	 189	 194	 201	 227	 278	 293	 299	 305	 313	 322	 390	 395	 402	
7	 21	 41	 80	 85	 92	 99	 109	 167	 173	 180	 194	 214	 253	 258	 265	 272	 282	 340	 346	
4	 19	 27	 36	 49	 61	 69	 93	 99	 153	 157	 172	 180	 189	 202	 214	 222	 246	 252	 306	
11	 30	 35	 41	 46	 62	 67	 88	 142	 158	 169	 188	 193	 199	 204	 220	 225	 246	 300	 316	
39	 299	 311	 316	 322	 328	 338	 345	 362	 372	 411	 671	 683	 688	 694	 700	 710	 717	 734	 744	
7	 31	 40	 46	 57	 67	 75	 85	 92	 116	 123	 147	 156	 162	 173	 183	 191	 201	 208	 232	
30	 37	 51	 59	 66	 72	 81	 247	 254	 263	 293	 300	 314	 322	 329	 335	 344	 510	 517	 526	
104	 115	 132	 174	 179	 192	 198	 206	 210	 223	 327	 338	 355	 397	 402	 415	 421	 429	 433	 446	
9	 13	 23	 36	 47	 52	 91	 104	 111	 148	 157	 161	 171	 184	 195	 200	 239	 252	 259	 296	
7	 12	 20	 44	 53	 63	 69	 230	 238	 255	 262	 267	 275	 299	 308	 318	 324	 485	 493	 510	
6	 11	 17	 40	 46	 57	 100	 110	 212	 221	 227	 232	 238	 261	 267	 278	 321	 331	 433	 442	
11	 18	 24	 34	 41	 55	 61	 70	 98	 125	 136	 143	 149	 159	 166	 180	 186	 195	 223	 250	
24	 43	 67	 72	 78	 201	 218	 222	 230	 238	 262	 281	 305	 310	 316	 439	 456	 460	 468	 476	
9	 36	 46	 53	 68	 75	 81	 91	 98	 114	 123	 150	 160	 167	 182	 189	 195	 205	 212	 228	
16	 25	 37	 43	 49	 128	 136	 144	 164	 171	 187	 196	 208	 214	 220	 299	 307	 315	 335	 342	
7	 221	 229	 240	 261	 316	 321	 328	 333	 343	 350	 564	 572	 583	 604	 659	 664	 671	 676	 686	
10	 17	 29	 130	 140	 155	 163	 181	 186	 191	 201	 208	 220	 321	 331	 346	 354	 372	 377	 382	
5	 14	 33	 87	 92	 102	 128	 136	 143	 158	 163	 172	 191	 245	 250	 260	 286	 294	 301	 316	
27	 60	 65	 78	 78	 85	 90	 196	 201	 206	 233	 266	 271	 284	 284	 291	 296	 402	 407	 412	
75	 138	 142	 172	 236	 246	 269	 273	 281	 285	 360	 423	 427	 457	 521	 531	 554	 558	 566	 570	
7	 12	 24	 24	 41	 68	 76	 85	 92	 98	 105	 110	 122	 122	 139	 166	 174	 183	 190	 196	
28	 35	 43	 60	 69	 76	 83	 118	 127	 133	 161	 168	 176	 193	 202	 209	 216	 251	 260	 266	
5	 12	 96	 102	 109	 119	 126	 139	 154	 204	 209	 216	 300	 306	 313	 323	 330	 343	 358	 408	
5	 15	 24	 43	 128	 141	 148	 155	 396	 400	 405	 415	 424	 443	 528	 541	 548	 555	 796	 800	
11	 21	 37	 52	 61	 67	 73	 127	 133	 141	 152	 162	 178	 193	 202	 208	 214	 268	 274	 282	
6	 26	 38	 45	 58	 115	 124	 128	 133	 286	 292	 312	 324	 331	 344	 401	 410	 414	 419	 572	
4	 58	 117	 121	 193	 199	 206	 217	 224	 390	 394	 448	 507	 511	 583	 589	 596	 607	 614	 780	
6	 11	 18	 37	 47	 91	 95	 107	 131	 147	 153	 158	 165	 184	 194	 238	 242	 254	 278	 294	
6	 391	 400	 412	 544	 552	 560	 586	 591	 596	 602	 987	 996	 1008	 1140	 1148	 1156	 1182	 1187	 1192	
306	 314	 339	 344	 351	 363	 382	 390	 396	 404	 710	 718	 743	 748	 755	 767	 786	 794	 800	 808	
7	 11	 705	 748	 769	 782	 787	 792	 825	 835	 842	 846	 1540	 1583	 1604	 1617	 1622	 1627	 1660	 1670	
10	 20	 32	 41	 52	 60	 122	 129	 137	 143	 153	 163	 175	 184	 195	 203	 265	 272	 280	 286	
27	 32	 36	 41	 82	 134	 147	 155	 178	 186	 213	 218	 222	 227	 268	 320	 333	 341	 364	 372	
13	 18	 26	 67	 89	 101	 113	 125	 131	 137	 150	 155	 163	 204	 226	 238	 250	 262	 268	 274	
11	 38	 43	 65	 96	 101	 107	 115	 125	 138	 149	 176	 181	 203	 234	 239	 245	 253	 263	 276	
7	 40	 67	 72	 90	 102	 118	 124	 133	 139	 146	 179	 206	 211	 229	 241	 257	 263	 272	 278	
7	 17	 26	 33	 41	 46	 55	 143	 151	 342	 349	 359	 368	 375	 383	 388	 397	 485	 493	 684	
6	 37	 48	 55	 61	 73	 83	 94	 100	 123	 129	 160	 171	 178	 184	 196	 206	 217	 223	 246	
4	 99	 110	 121	 142	 146	 170	 205	 215	 222	 226	 321	 332	 343	 364	 368	 392	 427	 437	 444	
7	 28	 38	 48	 54	 67	 147	 153	 158	 176	 183	 204	 214	 224	 230	 243	 323	 329	 334	 352	
11	 23	 37	 53	 64	 80	 85	 91	 97	 112	 123	 135	 149	 165	 176	 192	 197	 203	 209	 224	
7	 15	 24	 36	 42	 50	 54	 96	 115	 333	 340	 348	 357	 369	 375	 383	 387	 429	 448	 666	
8	 13	 21	 27	 100	 5067	 5087	 5093	 5098	 5116	 5124	 5129	 5137	 5143	 5216	 10183	 10203	 10209	 10214	 10232	
6	 11	 19	 59	 69	 76	 173	 182	 195	 204	 210	 215	 223	 263	 273	 280	 377	 386	 399	 408	
8	 175	 182	 192	 199	 207	 220	 229	 239	 247	 255	 422	 429	 439	 446	 454	 467	 476	 486	 494	
30	 37	 43	 67	 72	 86	 98	 117	 127	 133	 163	 170	 176	 200	 205	 219	 231	 250	 260	 266	
5	 12	 25	 33	 40	 56	 109	 115	 122	 178	 183	 190	 203	 211	 218	 234	 287	 293	 300	 356	
5	 21	 103	 112	 120	 130	 142	 169	 175	 181	 186	 202	 284	 293	 301	 311	 323	 350	 356	 362	
5	 17	 34	 41	 47	 56	 62	 84	 285	 299	 304	 316	 333	 340	 346	 355	 361	 383	 584	 598	
8	 48	 57	 64	 71	 76	 85	 113	 119	 156	 164	 204	 213	 220	 227	 232	 241	 269	 275	 312	
6	 24	 60	 98	 135	 164	 172	 176	 182	 187	 193	 211	 247	 285	 322	 351	 359	 363	 369	 374	
31	 37	 44	 52	 66	 85	 94	 122	 128	 135	 166	 172	 179	 187	 201	 220	 229	 257	 263	 270	
7	 12	 20	 50	 273	 277	 281	 336	 353	 381	 388	 393	 401	 431	 654	 658	 662	 717	 734	 762	
12	 33	 40	 77	 83	 123	 134	 146	 151	 156	 168	 189	 196	 233	 239	 279	 290	 302	 307	 312	
6	 19	 27	 57	 67	 104	 115	 122	 128	 136	 142	 155	 163	 193	 203	 240	 251	 258	 264	 272	
44	 116	 120	 124	 159	 166	 177	 183	 193	 282	 326	 398	 402	 406	 441	 448	 459	 465	 475	 564	
13	 22	 34	 42	 54	 62	 71	 78	 88	 99	 112	 121	 133	 141	 153	 161	 170	 177	 187	 198	
4	 32	 36	 64	 76	 82	 97	 116	 140	 151	 155	 183	 187	 215	 227	 233	 248	 267	 291	 302	
6	 13	 78	 268	 313	 330	 334	 338	 343	 405	 411	 418	 483	 673	 718	 735	 739	 743	 748	 810	
12	 18	 202	 245	 251	 255	 264	 322	 330	 337	 349	 355	 539	 582	 588	 592	 601	 659	 667	 674	
9	 14	 52	 67	 79	 85	 90	 103	 109	 425	 434	 439	 477	 492	 504	 510	 515	 528	 534	 850	
8	 17	 26	 50	 59	 72	 80	 92	 99	 106	 114	 123	 132	 156	 165	 178	 186	 198	 205	 212	
33	 76	 83	 87	 93	 102	 109	 129	 140	 171	 204	 247	 254	 258	 264	 273	 280	 300	 311	 342	
7	 47	 80	 85	 91	 99	 111	 126	 146	 151	 158	 198	 231	 236	 242	 250	 262	 277	 297	 302	
15	 73	 79	 85	 93	 100	 140	 188	 192	 201	 216	 274	 280	 286	 294	 301	 341	 389	 393	 402	
6	 42	 66	 445	 561	 569	 574	 578	 583	 595	 601	 637	 661	 1040	 1156	 1164	 1169	 1173	 1178	 1190	
6	 23	 32	 88	 108	 126	 131	 136	 141	 171	 177	 194	 203	 259	 279	 297	 302	 307	 312	 342	
20	 26	 66	 73	 80	 91	 96	 104	 137	 146	 166	 172	 212	 219	 226	 237	 242	 250	 283	 292	
6	 14	 63	 68	 83	 90	 99	 119	 127	 142	 148	 156	 205	 210	 225	 232	 241	 261	 269	 284	
11	 20	 37	 64	 72	 78	 83	 97	 105	 116	 127	 136	 153	 180	 188	 194	 199	 213	 221	 232	
31	 42	 61	 70	 77	 88	 132	 137	 149	 153	 184	 195	 214	 223	 230	 241	 285	 290	 302	 306	
7	 17	 86	 98	 146	 153	 160	 166	 177	 184	 191	 201	 270	 282	 330	 337	 344	 350	 361	 368	
6	 16	 23	 29	 37	 55	 90	 107	 123	 130	 136	 146	 153	 159	 167	 185	 220	 237	 253	 260	
6	 5296	 5307	 5312	 5318	 5346	 5352	 5369	 5379	 5390	 5396	 10686	 10697	 10702	 10708	 10736	 10742	 10759	 10769	 10780	
12	 38	 66	 71	 78	 87	 102	 108	 115	 128	 140	 166	 194	 199	 206	 215	 230	 236	 243	 256	
6	 17	 25	 340	 347	 354	 367	 374	 382	 405	 411	 422	 430	 745	 752	 759	 772	 779	 787	 810	
4	 69	 79	 121	 164	 168	 198	 305	 316	 319	 323	 388	 398	 440	 483	 487	 517	 624	 635	 638	
12	 19	 180	 205	 212	 220	 225	 231	 237	 267	 279	 286	 447	 472	 479	 487	 492	 498	 504	 534	
11	 18	 30	 38	 60	 73	 80	 86	 108	 115	 126	 133	 145	 153	 175	 188	 195	 201	 223	 230	
6	 14	 20	 31	 42	 57	 76	 84	 103	 110	 116	 124	 130	 141	 152	 167	 186	 194	 213	 220	
7	 16	 25	 34	 42	 56	 79	 86	 96	 108	 115	 124	 133	 142	 150	 164	 187	 194	 204	 216	
53	 61	 109	 120	 132	 138	 144	 150	 156	 171	 224	 232	 280	 291	 303	 309	 315	 321	 327	 342	
6	 13	 19	 41	 47	 62	 68	 138	 167	 178	 184	 191	 197	 219	 225	 240	 246	 316	 345	 356	
7	 15	 25	 43	 53	 58	 88	 94	 103	 203	 210	 218	 228	 246	 256	 261	 291	 297	 306	 406	
25	 52	 57	 69	 76	 81	 91	 110	 117	 136	 161	 188	 193	 205	 212	 217	 227	 246	 253	 272	
201	 217	 226	 243	 262	 269	 272	 299	 318	 322	 523	 539	 548	 565	 584	 591	 594	 621	 640	 644	
6	 19	 26	 33	 39	 141	 156	 161	 183	 249	 255	 268	 275	 282	 288	 390	 405	 410	 432	 498	
14	 156	 164	 169	 173	 188	 195	 210	 224	 242	 256	 398	 406	 411	 415	 430	 437	 452	 466	 484	
12	 18	 26	 43	 54	 87	 92	 105	 128	 134	 146	 152	 160	 177	 188	 221	 226	 239	 262	 268	
7	 27	 33	 83	 98	 102	 117	 121	 141	 203	 210	 230	 236	 286	 301	 305	 320	 324	 344	 406	
4	 13	 35	 48	 69	 80	 87	 94	 111	 121	 125	 134	 156	 169	 190	 201	 208	 215	 232	 242	
6	 19	 24	 30	 48	 54	 92	 114	 120	 584	 590	 603	 608	 614	 632	 638	 676	 698	 704	 1168	
5	 19	 50	 84	 99	 105	 110	 118	 140	 147	 152	 166	 197	 231	 246	 252	 257	 265	 287	 294	
10	 40	 51	 58	 65	 81	 87	 96	 102	 130	 140	 170	 181	 188	 195	 211	 217	 226	 232	 260	
63	 71	 78	 93	 105	 131	 137	 148	 153	 160	 223	 231	 238	 253	 265	 291	 297	 308	 313	 320	
6	 12	 47	 56	 136	 169	 177	 182	 187	 208	 214	 220	 255	 264	 344	 377	 385	 390	 395	 416	
8	 31	 323	 333	 358	 363	 378	 386	 391	 397	 405	 428	 720	 730	 755	 760	 775	 783	 788	 794	
5	 118	 132	 149	 161	 192	 199	 203	 210	 218	 223	 336	 350	 367	 379	 410	 417	 421	 428	 436	
8	 19	 35	 45	 70	 79	 84	 101	 106	 118	 126	 137	 153	 163	 188	 197	 202	 219	 224	 236	
16	 32	 37	 91	 131	 139	 143	 150	 156	 189	 205	 221	 226	 280	 320	 328	 332	 339	 345	 378	
5	 200	 255	 260	 269	 276	 667	 691	 696	 701	 706	 901	 956	 961	 970	 977	 1368	 1392	 1397	 1402	
9	 42	 51	 56	 62	 69	 164	 171	 315	 322	 331	 364	 373	 378	 384	 391	 486	 493	 637	 644	
6	 13	 24	 34	 40	 100	 149	 164	 170	 178	 184	 191	 202	 212	 218	 278	 327	 342	 348	 356	
11	 16	 21	 67	 227	 233	 241	 278	 311	 316	 327	 332	 337	 383	 543	 549	 557	 594	 627	 632	
61	 74	 80	 92	 97	 109	 384	 394	 399	 406	 467	 480	 486	 498	 503	 515	 790	 800	 805	 812	
69	 81	 109	 113	 123	 162	 1321	 1329	 1336	 1339	 1408	 1420	 1448	 1452	 1462	 1501	 2660	 2668	 2675	 2678	
6	 22	 37	 44	 51	 57	 73	 85	 190	 197	 203	 219	 234	 241	 248	 254	 270	 282	 387	 394	
18	 25	 46	 50	 63	 94	 101	 106	 118	 143	 161	 168	 189	 193	 206	 237	 244	 249	 261	 286	
5	 2073	 2078	 2422	 2429	 2446	 2477	 2486	 2491	 2499	 2504	 4572	 4577	 4921	 4928	 4945	 4976	 4985	 4990	 4998	
8	 30	 42	 54	 64	 74	 80	 89	 94	 108	 116	 138	 150	 162	 172	 182	 188	 197	 202	 216	
12	 17	 67	 72	 87	 95	 124	 134	 140	 154	 166	 171	 221	 226	 241	 249	 278	 288	 294	 308	
26	 34	 44	 53	 67	 74	 80	 88	 101	 109	 135	 143	 153	 162	 176	 183	 189	 197	 210	 218	
34	 40	 48	 60	 73	 82	 88	 94	 102	 254	 288	 294	 302	 314	 327	 336	 342	 348	 356	 508	
8	 13	 27	 103	 288	 294	 301	 307	 321	 330	 338	 343	 357	 433	 618	 624	 631	 637	 651	 660	
6	 15	 32	 39	 47	 57	 62	 259	 268	 282	 288	 297	 314	 321	 329	 339	 344	 541	 550	 564	
645	 654	 666	 670	 785	 790	 797	 806	 820	 831	 1476	 1485	 1497	 1501	 1616	 1621	 1628	 1637	 1651	 1662	
6	 12	 30	 48	 60	 81	 175	 180	 191	 197	 203	 209	 227	 245	 257	 278	 372	 377	 388	 394	
14	 28	 35	 41	 47	 56	 129	 139	 145	 163	 177	 191	 198	 204	 210	 219	 292	 302	 308	 326	
46	 51	 64	 70	 148	 159	 165	 170	 182	 207	 253	 258	 271	 277	 355	 366	 372	 377	 389	 414	
6	 11	 16	 718	 783	 793	 820	 825	 830	 917	 923	 928	 933	 1635	 1700	 1710	 1737	 1742	 1747	 1834	
5	 18	 42	 50	 122	 141	 148	 155	 161	 170	 175	 188	 212	 220	 292	 311	 318	 325	 331	 340	
5	 32	 46	 54	 60	 68	 106	 114	 132	 139	 144	 171	 185	 193	 199	 207	 245	 253	 271	 278	
12	 21	 27	 34	 43	 50	 76	 81	 113	 162	 174	 183	 189	 196	 205	 212	 238	 243	 275	 324	
11	 342	 347	 359	 373	 387	 400	 406	 411	 420	 431	 762	 767	 779	 793	 807	 820	 826	 831	 840	
33	 41	 81	 87	 92	 103	 110	 116	 125	 189	 222	 230	 270	 276	 281	 292	 299	 305	 314	 378	
7	 15	 25	 34	 50	 76	 82	 109	 118	 124	 131	 139	 149	 158	 174	 200	 206	 233	 242	 248	
12	 78	 84	 92	 98	 105	 123	 148	 155	 162	 174	 240	 246	 254	 260	 267	 285	 310	 317	 324	
25	 94	 100	 124	 146	 158	 162	 176	 180	 189	 214	 283	 289	 313	 335	 347	 351	 365	 369	 378	
7	 43	 102	 107	 112	 116	 127	 145	 157	 196	 203	 239	 298	 303	 308	 312	 323	 341	 353	 392	
20	 26	 35	 39	 44	 54	 138	 148	 166	 180	 200	 206	 215	 219	 224	 234	 318	 328	 346	 360	
234	 242	 247	 255	 266	 275	 280	 296	 312	 325	 559	 567	 572	 580	 591	 600	 605	 621	 637	 650	
24	 39	 42	 88	 94	 106	 130	 270	 274	 291	 315	 330	 333	 379	 385	 397	 421	 561	 565	 582	
8	 13	 26	 40	 56	 63	 70	 145	 150	 185	 193	 198	 211	 225	 241	 248	 255	 330	 335	 370	
10	 17	 25	 33	 49	 56	 112	 118	 127	 138	 148	 155	 163	 171	 187	 194	 250	 256	 265	 276	
10	 19	 26	 39	 98	 110	 116	 122	 139	 146	 156	 165	 172	 185	 244	 256	 262	 268	 285	 292	
6	 30	 33	 48	 279	 394	 410	 415	 420	 515	 521	 545	 548	 563	 794	 909	 925	 930	 935	 1030	
78	 90	 107	 113	 118	 123	 136	 147	 158	 167	 245	 257	 274	 280	 285	 290	 303	 314	 325	 334	
10	 50	 58	 100	 106	 117	 127	 132	 139	 151	 161	 201	 209	 251	 257	 268	 278	 283	 290	 302	
29	 38	 93	 100	 106	 116	 124	 133	 140	 150	 179	 188	 243	 250	 256	 266	 274	 283	 290	 300	
12	 17	 24	 47	 58	 64	 98	 106	 114	 130	 142	 147	 154	 177	 188	 194	 228	 236	 244	 260	
5	 14	 23	 125	 136	 148	 156	 161	 196	 204	 209	 218	 227	 329	 340	 352	 360	 365	 400	 408	
24	 54	 137	 144	 157	 171	 176	 182	 186	 197	 221	 251	 334	 341	 354	 368	 373	 379	 383	 394	
6	 20	 30	 66	 74	 80	 84	 107	 139	 148	 154	 168	 178	 214	 222	 228	 232	 255	 287	 296	
31	 38	 141	 148	 174	 180	 188	 194	 209	 214	 245	 252	 355	 362	 388	 394	 402	 408	 423	 428	
18	 23	 27	 45	 55	 116	 171	 177	 184	 197	 215	 220	 224	 242	 252	 313	 368	 374	 381	 394	
5	 24	 55	 71	 113	 121	 126	 132	 137	 553	 558	 577	 608	 624	 666	 674	 679	 685	 690	 1106	
6	 18	 29	 35	 40	 45	 58	 103	 126	 144	 150	 162	 173	 179	 184	 189	 202	 247	 270	 288	
10	 52	 63	 95	 101	 110	 114	 119	 133	 155	 165	 207	 218	 250	 256	 265	 269	 274	 288	 310	
33	 42	 48	 55	 67	 74	 80	 95	 116	 125	 158	 167	 173	 180	 192	 199	 205	 220	 241	 250	
21	 30	 40	 49	 57	 65	 92	 99	 116	 121	 142	 151	 161	 170	 178	 186	 213	 220	 237	 242	
8	 15	 21	 167	 173	 563	 569	 577	 607	 615	 623	 630	 636	 782	 788	 1178	 1184	 1192	 1222	 1230	
147	 160	 165	 170	 179	 206	 213	 219	 231	 246	 393	 406	 411	 416	 425	 452	 459	 465	 477	 492	
7	 20	 26	 35	 46	 72	 80	 87	 109	 117	 124	 137	 143	 152	 163	 189	 197	 204	 226	 234	
63	 70	 75	 83	 95	 121	 124	 137	 149	 227	 290	 297	 302	 310	 322	 348	 351	 364	 376	 454	
26	 34	 53	 64	 72	 80	 256	 262	 271	 275	 301	 309	 328	 339	 347	 355	 531	 537	 546	 550	
24	 29	 54	 60	 67	 77	 88	 107	 113	 131	 155	 160	 185	 191	 198	 208	 219	 238	 244	 262	
4	 9	 19	 25	 569	 605	 626	 640	 647	 662	 666	 671	 681	 687	 1231	 1267	 1288	 1302	 1309	 1324	
89	 100	 115	 134	 145	 150	 159	 165	 170	 184	 273	 284	 299	 318	 329	 334	 343	 349	 354	 368	
5	 10	 62	 71	 189	 213	 221	 238	 251	 255	 260	 265	 317	 326	 444	 468	 476	 493	 506	 510	
5	 9	 54	 1170	 1229	 1233	 1239	 1252	 1303	 1310	 1315	 1319	 1364	 2480	 2539	 2543	 2549	 2562	 2613	 2620	
10	 25	 32	 46	 52	 98	 106	 150	 156	 163	 173	 188	 195	 209	 215	 261	 269	 313	 319	 326	
3	 850	 854	 888	 910	 917	 952	 956	 1050	 1102	 1105	 1952	 1956	 1990	 2012	 2019	 2054	 2058	 2152	 2204	
8	 106	 123	 378	 382	 394	 406	 431	 436	 440	 448	 546	 563	 818	 822	 834	 846	 871	 876	 880	
73	 76	 80	 147	 168	 186	 195	 219	 223	 278	 351	 354	 358	 425	 446	 464	 473	 497	 501	 556	
8	 32	 39	 48	 53	 155	 162	 185	 192	 200	 208	 232	 239	 248	 253	 355	 362	 385	 392	 400	
20	 38	 43	 48	 59	 93	 102	 112	 237	 242	 262	 280	 285	 290	 301	 335	 344	 354	 479	 484	
16	 22	 186	 200	 238	 243	 263	 267	 285	 289	 305	 311	 475	 489	 527	 532	 552	 556	 574	 578	
14	 20	 34	 109	 115	 121	 257	 268	 272	 284	 298	 304	 318	 393	 399	 405	 541	 552	 556	 568	
38	 44	 53	 60	 129	 135	 156	 162	 167	 189	 227	 233	 242	 249	 318	 324	 345	 351	 356	 378	
39	 44	 59	 82	 89	 101	 253	 259	 265	 271	 310	 315	 330	 353	 360	 372	 524	 530	 536	 542	
7	 18	 26	 145	 152	 175	 182	 195	 203	 210	 217	 228	 236	 355	 362	 385	 392	 405	 413	 420	
5	 15	 23	 29	 467	 501	 512	 515	 765	 777	 782	 792	 800	 806	 1244	 1278	 1289	 1292	 1542	 1554	
9	 21	 28	 35	 43	 52	 63	 72	 86	 108	 117	 129	 136	 143	 151	 160	 171	 180	 194	 216	
11	 18	 27	 32	 186	 192	 255	 363	 370	 376	 387	 394	 403	 408	 562	 568	 631	 739	 746	 752	
32	 39	 44	 50	 55	 146	 157	 175	 202	 209	 241	 248	 253	 259	 264	 355	 366	 384	 411	 418	
17	 30	 60	 66	 72	 84	 89	 107	 117	 125	 142	 155	 185	 191	 197	 209	 214	 232	 242	 250	
7	 19	 38	 43	 54	 67	 87	 103	 110	 116	 123	 135	 154	 159	 170	 183	 203	 219	 226	 232	
10	 19	 30	 40	 52	 63	 70	 79	 86	 97	 107	 116	 127	 137	 149	 160	 167	 176	 183	 194	
19	 26	 31	 49	 55	 81	 86	 100	 107	 183	 202	 209	 214	 232	 238	 264	 269	 283	 290	 366	
40	 49	 55	 154	 159	 190	 196	 202	 213	 223	 263	 272	 278	 377	 382	 413	 419	 425	 436	 446	
116	 215	 228	 234	 257	 271	 278	 286	 290	 295	 411	 510	 523	 529	 552	 566	 573	 581	 585	 590	
17	 55	 62	 69	 100	 105	 110	 313	 320	 328	 345	 383	 390	 397	 428	 433	 438	 641	 648	 656	
8	 37	 43	 105	 111	 117	 127	 137	 177	 183	 191	 220	 226	 288	 294	 300	 310	 320	 360	 366	
10	 19	 81	 90	 118	 124	 139	 146	 152	 160	 170	 179	 241	 250	 278	 284	 299	 306	 312	 320	
8	 33	 39	 46	 55	 66	 170	 175	 192	 201	 209	 234	 240	 247	 256	 267	 371	 376	 393	 402	
23	 32	 40	 56	 69	 81	 87	 93	 113	 119	 142	 151	 159	 175	 188	 200	 206	 212	 232	 238	
8	 15	 20	 32	 99	 105	 213	 219	 227	 243	 251	 258	 263	 275	 342	 348	 456	 462	 470	 486	
8	 14	 23	 35	 41	 53	 78	 84	 274	 284	 292	 298	 307	 319	 325	 337	 362	 368	 558	 568	
13	 19	 25	 41	 48	 60	 86	 114	 121	 127	 140	 146	 152	 168	 175	 187	 213	 241	 248	 254	
63	 69	 77	 175	 180	 187	 202	 209	 216	 270	 333	 339	 347	 445	 450	 457	 472	 479	 486	 540	
5	 22	 49	 78	 83	 103	 134	 139	 145	 157	 162	 179	 206	 235	 240	 260	 291	 296	 302	 314	
13	 807	 813	 818	 823	 827	 843	 858	 925	 937	 950	 1744	 1750	 1755	 1760	 1764	 1780	 1795	 1862	 1874	
7	 21	 27	 40	 85	 97	 105	 113	 121	 129	 136	 150	 156	 169	 214	 226	 234	 242	 250	 258	
16	 151	 171	 177	 182	 186	 186	 198	 215	 219	 235	 370	 390	 396	 401	 405	 405	 417	 434	 438	
10	 20	 26	 38	 43	 734	 775	 917	 922	 927	 937	 947	 953	 965	 970	 1661	 1702	 1844	 1849	 1854	
6	 13	 18	 30	 39	 47	 62	 87	 98	 121	 127	 134	 139	 151	 160	 168	 183	 208	 219	 242	
15	 25	 30	 57	 116	 123	 131	 136	 142	 190	 205	 215	 220	 247	 306	 313	 321	 326	 332	 380	
9	 19	 50	 55	 61	 75	 81	 101	 107	 458	 467	 477	 508	 513	 519	 533	 539	 559	 565	 916	
74	 107	 111	 115	 133	 194	 199	 216	 221	 235	 309	 342	 346	 350	 368	 429	 434	 451	 456	 470	
11	 22	 78	 88	 98	 104	 111	 121	 127	 138	 149	 160	 216	 226	 236	 242	 249	 259	 265	 276	
4	 17	 49	 58	 80	 120	 125	 153	 160	 166	 170	 183	 215	 224	 246	 286	 291	 319	 326	 332	
2583	 2594	 2600	 2605	 2612	 2634	 2652	 2658	 2667	 2676	 5259	 5270	 5276	 5281	 5288	 5310	 5328	 5334	 5343	 5352	
7	 13	 27	 51	 59	 98	 116	 122	 128	 140	 147	 153	 167	 191	 199	 238	 256	 262	 268	 280	
47	 61	 66	 73	 82	 89	 97	 121	 155	 161	 208	 222	 227	 234	 243	 250	 258	 282	 316	 322	
7	 13	 23	 37	 47	 54	 62	 71	 157	 169	 176	 182	 192	 206	 216	 223	 231	 240	 326	 338	
9	 31	 37	 224	 258	 273	 279	 285	 296	 300	 309	 331	 337	 524	 558	 573	 579	 585	 596	 600	
6	 14	 24	 35	 97	 102	 127	 135	 276	 282	 288	 296	 306	 317	 379	 384	 409	 417	 558	 564	
22	 28	 2540	 2548	 2561	 2566	 2571	 2580	 2590	 2604	 2626	 2632	 5144	 5152	 5165	 5170	 5175	 5184	 5194	 5208	
16	 28	 34	 40	 58	 81	 87	 95	 107	 118	 134	 146	 152	 158	 176	 199	 205	 213	 225	 236	
7	 1116	 1128	 1155	 1180	 1186	 1194	 1200	 1208	 1215	 1222	 2331	 2343	 2370	 2395	 2401	 2409	 2415	 2423	 2430	
15	 20	 34	 413	 419	 479	 487	 492	 498	 517	 532	 537	 551	 930	 936	 996	 1004	 1009	 1015	 1034	
46	 51	 87	 92	 227	 266	 270	 283	 295	 301	 347	 352	 388	 393	 528	 567	 571	 584	 596	 602	
139	 145	 162	 167	 180	 185	 207	 216	 224	 235	 374	 380	 397	 402	 415	 420	 442	 451	 459	 470	
315	 320	 326	 416	 435	 461	 466	 471	 480	 493	 808	 813	 819	 909	 928	 954	 959	 964	 973	 986	
15	 31	 204	 213	 226	 233	 406	 410	 417	 422	 437	 453	 626	 635	 648	 655	 828	 832	 839	 844	
12	 18	 25	 34	 46	 53	 69	 78	 101	 110	 122	 128	 135	 144	 156	 163	 179	 188	 211	 220	
13	 18	 35	 42	 109	 118	 128	 134	 154	 161	 174	 179	 196	 203	 270	 279	 289	 295	 315	 322	
6	 16	 24	 31	 42	 56	 68	 75	 704	 710	 716	 726	 734	 741	 752	 766	 778	 785	 1414	 1420	
29	 49	 65	 76	 81	 87	 99	 691	 696	 702	 731	 751	 767	 778	 783	 789	 801	 1393	 1398	 1404	
7	 16	 23	 35	 41	 59	 82	 90	 134	 141	 148	 157	 164	 176	 182	 200	 223	 231	 275	 282	
255	 261	 274	 305	 315	 322	 329	 336	 349	 355	 610	 616	 629	 660	 670	 677	 684	 691	 704	 710	
27	 40	 46	 73	 100	 105	 152	 157	 162	 170	 197	 210	 216	 243	 270	 275	 322	 327	 332	 340	
8	 42	 57	 63	 69	 77	 85	 93	 124	 132	 140	 174	 189	 195	 201	 209	 217	 225	 256	 264	
39	 50	 65	 72	 78	 92	 97	 105	 118	 129	 168	 179	 194	 201	 207	 221	 226	 234	 247	 258	
19	 26	 48	 54	 64	 70	 77	 89	 105	 114	 133	 140	 162	 168	 178	 184	 191	 203	 219	 228	
5	 13	 84	 89	 100	 107	 130	 141	 155	 168	 173	 181	 252	 257	 268	 275	 298	 309	 323	 336	
5	 13	 22	 39	 85	 90	 105	 113	 216	 221	 226	 234	 243	 260	 306	 311	 326	 334	 437	 442	
5	 11	 56	 62	 68	 87	 101	 111	 150	 163	 168	 174	 219	 225	 231	 250	 264	 274	 313	 326	
14	 20	 26	 40	 54	 64	 72	 89	 122	 127	 141	 147	 153	 167	 181	 191	 199	 216	 249	 254	
19	 29	 37	 51	 68	 77	 83	 90	 97	 111	 130	 140	 148	 162	 179	 188	 194	 201	 208	 222	
7	 57	 67	 72	 83	 101	 106	 115	 124	 150	 157	 207	 217	 222	 233	 251	 256	 265	 274	 300	
45	 69	 75	 84	 90	 99	 123	 129	 138	 147	 192	 216	 222	 231	 237	 246	 270	 276	 285	 294	
69	 76	 87	 92	 109	 131	 173	 179	 185	 191	 260	 267	 278	 283	 300	 322	 364	 370	 376	 382	
84	 89	 112	 117	 126	 130	 142	 163	 186	 194	 278	 283	 306	 311	 320	 324	 336	 357	 380	 388	
57	 65	 71	 78	 83	 88	 94	 137	 238	 268	 325	 333	 339	 346	 351	 356	 362	 405	 506	 536	
16	 21	 29	 92	 97	 104	 111	 119	 135	 164	 180	 185	 193	 256	 261	 268	 275	 283	 299	 328	
5	 25	 34	 74	 84	 131	 139	 144	 150	 163	 168	 188	 197	 237	 247	 294	 302	 307	 313	 326	
51	 57	 166	 174	 181	 189	 200	 207	 224	 230	 281	 287	 396	 404	 411	 419	 430	 437	 454	 460	
107	 118	 133	 138	 143	 264	 270	 276	 286	 305	 412	 423	 438	 443	 448	 569	 575	 581	 591	 610	
8	 15	 42	 48	 109	 115	 194	 217	 223	 228	 236	 243	 270	 276	 337	 343	 422	 445	 451	 456	
31	 37	 49	 63	 72	 78	 87	 94	 100	 258	 289	 295	 307	 321	 330	 336	 345	 352	 358	 516	
85	 98	 104	 181	 191	 207	 214	 220	 226	 232	 317	 330	 336	 413	 423	 439	 446	 452	 458	 464	
105	 550	 558	 564	 571	 577	 588	 598	 604	 613	 718	 1163	 1171	 1177	 1184	 1190	 1201	 1211	 1217	 1226	
16	 25	 68	 73	 79	 89	 94	 143	 152	 169	 185	 194	 237	 242	 248	 258	 263	 312	 321	 338	
7	 19	 25	 32	 37	 44	 104	 110	 184	 321	 328	 340	 346	 353	 358	 365	 425	 431	 505	 642	
15	 21	 26	 48	 80	 85	 95	 114	 148	 153	 168	 174	 179	 201	 233	 238	 248	 267	 301	 306	
11	 25	 31	 38	 44	 61	 66	 95	 104	 134	 145	 159	 165	 172	 178	 195	 200	 229	 238	 268	
6	 13	 59	 74	 85	 95	 108	 117	 127	 133	 139	 146	 192	 207	 218	 228	 241	 250	 260	 266	
90	 231	 239	 317	 336	 343	 350	 354	 361	 366	 456	 597	 605	 683	 702	 709	 716	 720	 727	 732	
6	 12	 2034	 2049	 2060	 2068	 2079	 2088	 2103	 2109	 2115	 2121	 4143	 4158	 4169	 4177	 4188	 4197	 4212	 4218	
11	 39	 58	 62	 84	 94	 109	 113	 118	 177	 188	 216	 235	 239	 261	 271	 286	 290	 295	 354	
9	 19	 42	 56	 61	 69	 81	 96	 105	 111	 120	 130	 153	 167	 172	 180	 192	 207	 216	 222	
7	 11	 40	 49	 54	 99	 113	 146	 153	 165	 172	 176	 205	 214	 219	 264	 278	 311	 318	 330	
8	 106	 113	 5457	 5463	 5997	 6003	 6013	 6019	 6024	 6032	 6130	 6137	 11481	 11487	 12021	 12027	 12037	 12043	 12048	
40	 83	 91	 96	 100	 106	 113	 133	 148	 168	 208	 251	 259	 264	 268	 274	 281	 301	 316	 336	
6	 13	 24	 37	 88	 92	 125	 152	 167	 173	 179	 186	 197	 210	 261	 265	 298	 325	 340	 346	
18	 24	 30	 42	 52	 60	 68	 84	 94	 105	 123	 129	 135	 147	 157	 165	 173	 189	 199	 210	
8	 18	 27	 36	 133	 153	 160	 166	 176	 183	 191	 201	 210	 219	 316	 336	 343	 349	 359	 366	
24	 34	 40	 54	 69	 76	 161	 167	 173	 180	 204	 214	 220	 234	 249	 256	 341	 347	 353	 360	
8	 38	 45	 62	 67	 74	 87	 94	 105	 121	 129	 159	 166	 183	 188	 195	 208	 215	 226	 242	
10	 17	 33	 43	 48	 67	 73	 460	 473	 479	 489	 496	 512	 522	 527	 546	 552	 939	 952	 958	
5	 19	 31	 52	 70	 95	 102	 124	 129	 134	 139	 153	 165	 186	 204	 229	 236	 258	 263	 268	
7	 107	 115	 123	 128	 146	 157	 166	 184	 191	 198	 298	 306	 314	 319	 337	 348	 357	 375	 382	
9	 22	 35	 45	 58	 64	 124	 135	 147	 151	 160	 173	 186	 196	 209	 215	 275	 286	 298	 302	
74	 80	 88	 105	 143	 149	 171	 177	 184	 191	 265	 271	 279	 296	 334	 340	 362	 368	 375	 382	
6	 11	 50	 60	 150	 198	 785	 789	 795	 803	 809	 814	 853	 863	 953	 1001	 1588	 1592	 1598	 1606	
8	 12	 21	 44	 50	 122	 142	 146	 169	 313	 321	 325	 334	 357	 363	 435	 455	 459	 482	 626	
5	 11	 18	 24	 71	 85	 91	 215	 225	 274	 279	 285	 292	 298	 345	 359	 365	 489	 499	 548	
8	 14	 124	 130	 136	 144	 193	 6582	 6589	 6596	 6604	 6610	 6720	 6726	 6732	 6740	 6789	 13178	 13185	 13192	
140	 150	 166	 172	 179	 184	 190	 195	 315	 798	 938	 948	 964	 970	 977	 982	 988	 993	 1113	 1596	
9	 19	 23	 87	 114	 125	 133	 138	 261	 271	 280	 290	 294	 358	 385	 396	 404	 409	 532	 542	
11	 36	 111	 117	 123	 130	 178	 187	 195	 201	 212	 237	 312	 318	 324	 331	 379	 388	 396	 402	
6	 12	 20	 54	 65	 94	 99	 109	 120	 134	 140	 146	 154	 188	 199	 228	 233	 243	 254	 268	
6	 12	 19	 37	 61	 83	 89	 95	 113	 139	 145	 151	 158	 176	 200	 222	 228	 234	 252	 278	
8	 15	 23	 32	 40	 47	 100	 121	 128	 139	 147	 154	 162	 171	 179	 186	 239	 260	 267	 278	
85	 93	 99	 107	 119	 126	 136	 156	 161	 176	 261	 269	 275	 283	 295	 302	 312	 332	 337	 352	
8	 16	 22	 98	 107	 114	 124	 132	 148	 162	 170	 178	 184	 260	 269	 276	 286	 294	 310	 324	
7	 26	 30	 43	 52	 58	 140	 145	 158	 202	 209	 228	 232	 245	 254	 260	 342	 347	 360	 404	
46	 54	 64	 865	 871	 877	 886	 893	 909	 914	 960	 968	 978	 1779	 1785	 1791	 1800	 1807	 1823	 1828	
9	 20	 58	 65	 71	 81	 91	 98	 109	 123	 132	 143	 181	 188	 194	 204	 214	 221	 232	 246	
9	 25	 30	 40	 52	 61	 72	 78	 94	 109	 118	 134	 139	 149	 161	 170	 181	 187	 203	 218	
8	 19	 27	 72	 81	 101	 126	 133	 143	 147	 155	 166	 174	 219	 228	 248	 273	 280	 290	 294	
11	 22	 26	 49	 64	 70	 294	 300	 306	 352	 363	 374	 378	 401	 416	 422	 646	 652	 658	 704	
6	 121	 129	 136	 142	 148	 155	 169	 186	 238	 244	 359	 367	 374	 380	 386	 393	 407	 424	 476	
5	 9	 22	 42	 48	 53	 85	 93	 1008	 1079	 1084	 1088	 1101	 1121	 1127	 1132	 1164	 1172	 2087	 2158	
50	 57	 66	 70	 83	 97	 108	 135	 142	 154	 204	 211	 220	 224	 237	 251	 262	 289	 296	 308	
8	 13	 39	 51	 58	 87	 92	 117	 122	 162	 170	 175	 201	 213	 220	 249	 254	 279	 284	 324	
46	 52	 65	 73	 79	 91	 99	 105	 154	 162	 208	 214	 227	 235	 241	 253	 261	 267	 316	 324	
12	 19	 32	 56	 61	 71	 76	 123	 129	 147	 159	 166	 179	 203	 208	 218	 223	 270	 276	 294	
6	 24	 31	 39	 45	 54	 80	 85	 191	 208	 214	 232	 239	 247	 253	 262	 288	 293	 399	 416	
24	 64	 137	 146	 149	 183	 193	 196	 208	 220	 244	 284	 357	 366	 369	 403	 413	 416	 428	 440	
24	 29	 38	 46	 54	 88	 116	 123	 131	 138	 162	 167	 176	 184	 192	 226	 254	 261	 269	 276	
6	 12	 21	 26	 71	 117	 124	 186	 193	 205	 211	 217	 226	 231	 276	 322	 329	 391	 398	 410	
8	 27	 33	 45	 63	 80	 86	 96	 103	 112	 120	 139	 145	 157	 175	 192	 198	 208	 215	 224	
30	 185	 198	 203	 210	 216	 224	 235	 242	 254	 284	 439	 452	 457	 464	 470	 478	 489	 496	 508	
6	 102	 108	 183	 187	 236	 241	 252	 264	 273	 279	 375	 381	 456	 460	 509	 514	 525	 537	 546	
7	 29	 62	 187	 193	 197	 237	 241	 248	 286	 293	 315	 348	 473	 479	 483	 523	 527	 534	 572	
6	 19	 43	 49	 63	 71	 77	 85	 102	 120	 126	 139	 163	 169	 183	 191	 197	 205	 222	 240	
5	 12	 321	 345	 378	 393	 399	 411	 416	 425	 430	 437	 746	 770	 803	 818	 824	 836	 841	 850	
5	 60	 70	 87	 94	 101	 115	 123	 224	 229	 234	 289	 299	 316	 323	 330	 344	 352	 453	 458	
6	 13	 26	 36	 50	 56	 132	 145	 152	 160	 166	 173	 186	 196	 210	 216	 292	 305	 312	 320	
34	 68	 178	 184	 196	 201	 210	 224	 231	 235	 269	 303	 413	 419	 431	 436	 445	 459	 466	 470	
210	 216	 226	 246	 257	 268	 393	 398	 403	 409	 619	 625	 635	 655	 666	 677	 802	 807	 812	 818	
15	 21	 49	 54	 74	 82	 118	 124	 131	 141	 156	 162	 190	 195	 215	 223	 259	 265	 272	 282	
6	 63	 68	 132	 141	 150	 163	 176	 183	 189	 195	 252	 257	 321	 330	 339	 352	 365	 372	 378	
8	 16	 27	 32	 81	 88	 92	 198	 223	 235	 243	 251	 262	 267	 316	 323	 327	 433	 458	 470	
12	 17	 27	 33	 51	 66	 91	 117	 125	 130	 142	 147	 157	 163	 181	 196	 221	 247	 255	 260	
6	 28	 35	 44	 52	 61	 67	 78	 94	 122	 128	 150	 157	 166	 174	 183	 189	 200	 216	 244	
11	 24	 31	 38	 45	 52	 65	 75	 94	 106	 117	 130	 137	 144	 151	 158	 171	 181	 200	 212	
13	 22	 34	 39	 111	 123	 134	 140	 147	 157	 170	 179	 191	 196	 268	 280	 291	 297	 304	 314	
12	 17	 33	 73	 77	 82	 88	 114	 164	 179	 191	 196	 212	 252	 256	 261	 267	 293	 343	 358	
11	 24	 31	 37	 44	 71	 78	 84	 93	 475	 486	 499	 506	 512	 519	 546	 553	 559	 568	 950	
16	 27	 34	 43	 47	 74	 120	 124	 396	 409	 425	 436	 443	 452	 456	 483	 529	 533	 805	 818	
5	 25	 32	 2890	 2899	 2905	 2919	 2933	 2938	 2949	 2954	 2974	 2981	 5839	 5848	 5854	 5868	 5882	 5887	 5898	
9	 24	 41	 45	 72	 99	 553	 562	 565	 573	 582	 597	 614	 618	 645	 672	 1126	 1135	 1138	 1146	
11	 25	 32	 50	 59	 66	 74	 79	 87	 221	 232	 246	 253	 271	 280	 287	 295	 300	 308	 442	
11	 17	 24	 30	 39	 48	 57	 68	 85	 275	 286	 292	 299	 305	 314	 323	 332	 343	 360	 550	
12	 16	 24	 29	 35	 61	 70	 79	 639	 688	 700	 704	 712	 717	 723	 749	 758	 767	 1327	 1376	
25	 32	 38	 76	 88	 109	 121	 127	 134	 140	 165	 172	 178	 216	 228	 249	 261	 267	 274	 280	
7	 12	 97	 101	 221	 257	 296	 301	 315	 322	 329	 334	 419	 423	 543	 579	 618	 623	 637	 644	
19	 28	 33	 60	 65	 84	 146	 150	 158	 177	 196	 205	 210	 237	 242	 261	 323	 327	 335	 354	
9	 214	 220	 318	 322	 331	 1410	 1414	 1419	 1456	 1465	 1670	 1676	 1774	 1778	 1787	 2866	 2870	 2875	 2912	
47	 57	 62	 80	 89	 95	 123	 178	 183	 191	 238	 248	 253	 271	 280	 286	 314	 369	 374	 382	
9	 20	 25	 41	 60	 74	 79	 84	 96	 174	 183	 194	 199	 215	 234	 248	 253	 258	 270	 348	
10	 20	 28	 35	 48	 54	 60	 66	 106	 149	 159	 169	 177	 184	 197	 203	 209	 215	 255	 298	
7	 16	 34	 41	 50	 59	 66	 78	 85	 221	 228	 237	 255	 262	 271	 280	 287	 299	 306	 442	
7	 17	 27	 38	 45	 55	 73	 119	 125	 132	 139	 149	 159	 170	 177	 187	 205	 251	 257	 264	
14	 71	 77	 90	 110	 117	 123	 136	 143	 151	 165	 222	 228	 241	 261	 268	 274	 287	 294	 302	
296	 302	 355	 366	 373	 380	 389	 445	 450	 456	 752	 758	 811	 822	 829	 836	 845	 901	 906	 912	
389	 408	 416	 420	 427	 432	 501	 505	 525	 525	 914	 933	 941	 945	 952	 957	 1026	 1030	 1050	 1050	
17	 187	 191	 209	 215	 218	 228	 252	 275	 286	 303	 473	 477	 495	 501	 504	 514	 538	 561	 572	
21	 26	 40	 70	 76	 668	 672	 687	 737	 742	 763	 768	 782	 812	 818	 1410	 1414	 1429	 1479	 1484	
5	 12	 20	 43	 50	 56	 73	 83	 116	 130	 135	 142	 150	 173	 180	 186	 203	 213	 246	 260	
9	 15	 22	 36	 42	 50	 785	 794	 802	 820	 829	 835	 842	 856	 862	 870	 1605	 1614	 1622	 1640	
13	 50	 60	 291	 301	 306	 311	 317	 321	 456	 469	 506	 516	 747	 757	 762	 767	 773	 777	 912	
20	 26	 44	 53	 59	 65	 78	 88	 101	 111	 131	 137	 155	 164	 170	 176	 189	 199	 212	 222	
6	 28	 34	 43	 61	 76	 84	 91	 104	 113	 119	 141	 147	 156	 174	 189	 197	 204	 217	 226	
15	 308	 365	 373	 379	 386	 393	 457	 461	 468	 483	 776	 833	 841	 847	 854	 861	 925	 929	 936	
8	 14	 27	 33	 45	 51	 99	 120	 142	 149	 157	 163	 176	 182	 194	 200	 248	 269	 291	 298	
7	 66	 77	 93	 113	 118	 123	 136	 143	 153	 160	 219	 230	 246	 266	 271	 276	 289	 296	 306	
226	 235	 241	 250	 273	 281	 289	 296	 310	 316	 542	 551	 557	 566	 589	 597	 605	 612	 626	 632	
6	 121	 127	 132	 137	 174	 179	 187	 1184	 1222	 1228	 1343	 1349	 1354	 1359	 1396	 1401	 1409	 2406	 2444	
8	 15	 34	 39	 84	 89	 97	 118	 161	 168	 176	 183	 202	 207	 252	 257	 265	 286	 329	 336	
12	 20	 25	 38	 49	 60	 94	 106	 110	 125	 137	 145	 150	 163	 174	 185	 219	 231	 235	 250	
10	 18	 30	 36	 46	 119	 125	 131	 152	 168	 178	 186	 198	 204	 214	 287	 293	 299	 320	 336	
6	 12	 17	 33	 42	 48	 119	 547	 565	 572	 578	 584	 589	 605	 614	 620	 691	 1119	 1137	 1144	
5	 11	 41	 46	 96	 105	 150	 168	 181	 186	 191	 197	 227	 232	 282	 291	 336	 354	 367	 372	
5	 10	 91	 106	 112	 125	 134	 147	 176	 182	 187	 192	 273	 288	 294	 307	 316	 329	 358	 364	
12	 16	 20	 39	 58	 65	 84	 155	 167	 183	 195	 199	 203	 222	 241	 248	 267	 338	 350	 366	
7	 19	 25	 72	 93	 109	 119	 128	 133	 141	 148	 160	 166	 213	 234	 250	 260	 269	 274	 282	
5	 13	 18	 27	 235	 257	 263	 273	 285	 311	 316	 324	 329	 338	 546	 568	 574	 584	 596	 622	
7	 15	 23	 30	 111	 119	 127	 135	 142	 1023	 1030	 1038	 1046	 1053	 1134	 1142	 1150	 1158	 1165	 2046	
8	 18	 29	 43	 52	 59	 70	 79	 91	 100	 108	 118	 129	 143	 152	 159	 170	 179	 191	 200	
30	 39	 44	 65	 71	 123	 129	 139	 144	 174	 204	 213	 218	 239	 245	 297	 303	 313	 318	 348	
54	 63	 70	 78	 83	 93	 99	 107	 117	 1381	 1435	 1444	 1451	 1459	 1464	 1474	 1480	 1488	 1498	 2762	
11	 17	 42	 59	 99	 105	 128	 139	 142	 150	 161	 167	 192	 209	 249	 255	 278	 289	 292	 300	
83	 97	 119	 126	 161	 166	 174	 178	 184	 203	 286	 300	 322	 329	 364	 369	 377	 381	 387	 406	
17	 50	 111	 115	 128	 212	 219	 232	 236	 242	 259	 292	 353	 357	 370	 454	 461	 474	 478	 484	
7	 23	 29	 36	 126	 131	 153	 167	 172	 194	 201	 217	 223	 230	 320	 325	 347	 361	 366	 388	
14	 23	 27	 37	 121	 152	 178	 183	 199	 203	 217	 226	 230	 240	 324	 355	 381	 386	 402	 406	
11	 16	 26	 45	 151	 160	 168	 175	 181	 192	 203	 208	 218	 237	 343	 352	 360	 367	 373	 384	
87	 207	 213	 223	 228	 239	 302	 307	 319	 324	 411	 531	 537	 547	 552	 563	 626	 631	 643	 648	
547	 556	 564	 582	 589	 595	 633	 645	 653	 658	 1205	 1214	 1222	 1240	 1247	 1253	 1291	 1303	 1311	 1316	
5	 13	 26	 38	 80	 119	 127	 132	 140	 153	 158	 166	 179	 191	 233	 272	 280	 285	 293	 306	
33	 41	 58	 69	 77	 152	 156	 219	 224	 231	 264	 272	 289	 300	 308	 383	 387	 450	 455	 462	
17	 25	 39	 47	 61	 76	 84	 90	 99	 107	 124	 132	 146	 154	 168	 183	 191	 197	 206	 214	
8	 13	 27	 34	 105	 124	 145	 155	 171	 175	 183	 188	 202	 209	 280	 299	 320	 330	 346	 350	
5	 11	 29	 41	 54	 61	 67	 108	 116	 660	 665	 671	 689	 701	 714	 721	 727	 768	 776	 1320	
4	 10	 45	 50	 65	 83	 99	 106	 301	 308	 312	 318	 353	 358	 373	 391	 407	 414	 609	 616	
12	 20	 36	 57	 63	 71	 81	 88	 95	 108	 120	 128	 144	 165	 171	 179	 189	 196	 203	 216	
6	 17	 859	 864	 874	 883	 894	 908	 914	 930	 936	 947	 1789	 1794	 1804	 1813	 1824	 1838	 1844	 1860	
17	 23	 29	 44	 55	 65	 74	 84	 90	 112	 129	 135	 141	 156	 167	 177	 186	 196	 202	 224	
7	 13	 98	 104	 149	 156	 316	 323	 336	 342	 349	 355	 440	 446	 491	 498	 658	 665	 678	 684	
8	 16	 31	 40	 46	 51	 119	 141	 151	 159	 167	 175	 190	 199	 205	 210	 278	 300	 310	 318	
82	 97	 104	 109	 115	 121	 226	 266	 279	 284	 366	 381	 388	 393	 399	 405	 510	 550	 563	 568	
82	 91	 96	 117	 125	 130	 177	 197	 205	 210	 292	 301	 306	 327	 335	 340	 387	 407	 415	 420	
4	 8	 17	 66	 82	 118	 134	 146	 154	 175	 179	 183	 192	 241	 257	 293	 309	 321	 329	 350	
76	 82	 101	 107	 162	 171	 176	 186	 204	 209	 285	 291	 310	 316	 371	 380	 385	 395	 413	 418	
5	 12	 142	 149	 178	 206	 219	 228	 242	 246	 251	 258	 388	 395	 424	 452	 465	 474	 488	 492	
12	 103	 112	 117	 123	 138	 150	 156	 175	 182	 194	 285	 294	 299	 305	 320	 332	 338	 357	 364	
8	 22	 29	 41	 516	 524	 531	 538	 545	 560	 568	 582	 589	 601	 1076	 1084	 1091	 1098	 1105	 1120	
5	 23	 34	 45	 50	 78	 158	 163	 170	 187	 192	 210	 221	 232	 237	 265	 345	 350	 357	 374	
18	 45	 51	 68	 88	 120	 138	 143	 146	 154	 172	 199	 205	 222	 242	 274	 292	 297	 300	 308	
10	 14	 28	 35	 590	 648	 652	 664	 676	 685	 695	 699	 713	 720	 1275	 1333	 1337	 1349	 1361	 1370	
81	 96	 106	 113	 119	 130	 216	 224	 229	 236	 317	 332	 342	 349	 355	 366	 452	 460	 465	 472	
17	 23	 31	 40	 49	 70	 79	 99	 105	 113	 130	 136	 144	 153	 162	 183	 192	 212	 218	 226	
31	 36	 42	 56	 351	 358	 373	 379	 399	 405	 436	 441	 447	 461	 756	 763	 778	 784	 804	 810	
4	 59	 80	 85	 91	 98	 108	 125	 133	 177	 181	 236	 257	 262	 268	 275	 285	 302	 310	 354	
14	 30	 34	 44	 50	 55	 62	 98	 121	 167	 181	 197	 201	 211	 217	 222	 229	 265	 288	 334	
19	 35	 42	 49	 83	 89	 102	 109	 117	 124	 143	 159	 166	 173	 207	 213	 226	 233	 241	 248	
143	 151	 157	 169	 244	 254	 260	 266	 273	 286	 429	 437	 443	 455	 530	 540	 546	 552	 559	 572	
11	 26	 111	 117	 124	 160	 172	 178	 184	 191	 202	 217	 302	 308	 315	 351	 363	 369	 375	 382	
14	 32	 45	 53	 62	 68	 74	 91	 97	 114	 128	 146	 159	 167	 176	 182	 188	 205	 211	 228	
7	 4395	 4400	 4491	 4512	 4531	 4536	 4542	 4620	 4624	 4631	 9019	 9024	 9115	 9136	 9155	 9160	 9166	 9244	 9248	
31	 39	 45	 51	 100	 110	 117	 128	 149	 155	 186	 194	 200	 206	 255	 265	 272	 283	 304	 310	
7	 26	 33	 58	 64	 73	 82	 89	 112	 121	 128	 147	 154	 179	 185	 194	 203	 210	 233	 242	
10	 19	 24	 36	 45	 64	 87	 94	 113	 120	 130	 139	 144	 156	 165	 184	 207	 214	 233	 240	
21	 27	 654	 701	 709	 712	 724	 729	 750	 760	 781	 787	 1414	 1461	 1469	 1472	 1484	 1489	 1510	 1520	
24	 821	 830	 837	 845	 852	 859	 869	 877	 886	 910	 1707	 1716	 1723	 1731	 1738	 1745	 1755	 1763	 1772	
6	 12	 18	 29	 72	 164	 172	 179	 188	 206	 212	 218	 224	 235	 278	 370	 378	 385	 394	 412	
13	 19	 44	 62	 69	 181	 187	 203	 209	 215	 228	 234	 259	 277	 284	 396	 402	 418	 424	 430	
7	 25	 550	 572	 604	 612	 641	 646	 650	 656	 663	 681	 1206	 1228	 1260	 1268	 1297	 1302	 1306	 1312	
19	 24	 55	 90	 95	 100	 111	 116	 128	 2437	 2456	 2461	 2492	 2527	 2532	 2537	 2548	 2553	 2565	 4874	
10	 16	 24	 34	 47	 62	 93	 100	 108	 116	 126	 132	 140	 150	 163	 178	 209	 216	 224	 232	
4	 9	 183	 205	 209	 219	 231	 253	 253	 268	 272	 277	 451	 473	 477	 487	 499	 521	 521	 536	
13	 18	 40	 45	 52	 58	 68	 76	 210	 266	 279	 284	 306	 311	 318	 324	 334	 342	 476	 532	
14	 32	 39	 46	 56	 69	 441	 445	 451	 465	 479	 497	 504	 511	 521	 534	 906	 910	 916	 930	
6	 27	 38	 47	 53	 58	 71	 81	 728	 738	 744	 765	 776	 785	 791	 796	 809	 819	 1466	 1476	
8	 17	 27	 32	 39	 76	 84	 193	 199	 215	 223	 232	 242	 247	 254	 291	 299	 408	 414	 430	
23	 87	 101	 111	 119	 123	 142	 147	 162	 167	 190	 254	 268	 278	 286	 290	 309	 314	 329	 334	
7	 15	 27	 34	 47	 54	 153	 160	 166	 186	 193	 201	 213	 220	 233	 240	 339	 346	 352	 372	
53	 80	 134	 150	 156	 162	 169	 176	 185	 190	 243	 270	 324	 340	 346	 352	 359	 366	 375	 380	
15	 22	 144	 151	 158	 168	 174	 182	 204	 214	 229	 236	 358	 365	 372	 382	 388	 396	 418	 428	
4	 24	 61	 73	 81	 88	 110	 116	 149	 155	 159	 179	 216	 228	 236	 243	 265	 271	 304	 310	
7	 12	 22	 42	 48	 80	 185	 196	 207	 212	 219	 224	 234	 254	 260	 292	 397	 408	 419	 424	
13	 37	 43	 52	 63	 71	 83	 104	 110	 116	 129	 153	 159	 168	 179	 187	 199	 220	 226	 232	
32	 39	 50	 92	 99	 108	 117	 125	 132	 141	 173	 180	 191	 233	 240	 249	 258	 266	 273	 282	
5	 22	 32	 49	 56	 83	 90	 96	 105	 120	 125	 142	 152	 169	 176	 203	 210	 216	 225	 240	
42	 48	 61	 76	 84	 91	 98	 123	 131	 137	 179	 185	 198	 213	 221	 228	 235	 260	 268	 274	
21	 26	 41	 48	 54	 67	 154	 173	 177	 219	 240	 245	 260	 267	 273	 286	 373	 392	 396	 438	
5	 10	 25	 43	 58	 69	 87	 100	 106	 121	 126	 131	 146	 164	 179	 190	 208	 221	 227	 242	
13	 60	 65	 74	 86	 91	 170	 176	 196	 203	 216	 263	 268	 277	 289	 294	 373	 379	 399	 406	
5	 15	 28	 39	 47	 56	 83	 90	 98	 114	 119	 129	 142	 153	 161	 170	 197	 204	 212	 228	
7	 17	 33	 40	 58	 76	 90	 101	 106	 115	 122	 132	 148	 155	 173	 191	 205	 216	 221	 230	
20	 29	 90	 96	 102	 121	 143	 148	 162	 168	 188	 197	 258	 264	 270	 289	 311	 316	 330	 336	
412	 478	 486	 498	 528	 534	 548	 552	 557	 564	 976	 1042	 1050	 1062	 1092	 1098	 1112	 1116	 1121	 1128	
8	 22	 29	 37	 44	 339	 365	 370	 385	 391	 399	 413	 420	 428	 435	 730	 756	 761	 776	 782	
8	 21	 28	 52	 59	 65	 75	 80	 463	 484	 492	 505	 512	 536	 543	 549	 559	 564	 947	 968	
32	 36	 40	 109	 132	 141	 147	 156	 165	 373	 405	 409	 413	 482	 505	 514	 520	 529	 538	 746	
22	 30	 37	 45	 62	 76	 86	 93	 102	 109	 131	 139	 146	 154	 171	 185	 195	 202	 211	 218	
5	 37	 41	 56	 65	 114	 120	 204	 216	 226	 231	 263	 267	 282	 291	 340	 346	 430	 442	 452	
4	 42	 45	 1148	 1163	 1494	 1501	 1513	 1518	 1535	 1539	 1577	 1580	 2683	 2698	 3029	 3036	 3048	 3053	 3070	
12	 76	 95	 98	 102	 106	 163	 2479	 2502	 2515	 2527	 2591	 2610	 2613	 2617	 2621	 2678	 4994	 5017	 5030	
6	 10	 28	 305	 312	 317	 354	 370	 377	 593	 599	 603	 621	 898	 905	 910	 947	 963	 970	 1186	
8	 14	 20	 26	 37	 69	 122	 130	 141	 155	 163	 169	 175	 181	 192	 224	 277	 285	 296	 310	
24	 29	 1049	 1054	 1060	 1071	 1079	 1097	 1109	 1118	 1142	 1147	 2167	 2172	 2178	 2189	 2197	 2215	 2227	 2236	
10	 17	 25	 38	 44	 54	 60	 74	 84	 123	 133	 140	 148	 161	 167	 177	 183	 197	 207	 246	
8	 17	 48	 54	 64	 71	 75	 92	 104	 183	 191	 200	 231	 237	 247	 254	 258	 275	 287	 366	
8	 19	 26	 33	 54	 64	 68	 79	 145	 164	 172	 183	 190	 197	 218	 228	 232	 243	 309	 328	
38	 43	 99	 106	 112	 120	 130	 142	 159	 167	 205	 210	 266	 273	 279	 287	 297	 309	 326	 334	
27	 35	 64	 71	 87	 92	 100	 106	 112	 151	 178	 186	 215	 222	 238	 243	 251	 257	 263	 302	
9	 35	 40	 122	 155	 192	 196	 206	 213	 218	 227	 253	 258	 340	 373	 410	 414	 424	 431	 436	
7	 15	 19	 27	 33	 278	 285	 299	 326	 372	 379	 387	 391	 399	 405	 650	 657	 671	 698	 744	
8	 16	 23	 35	 45	 52	 60	 67	 81	 298	 306	 314	 321	 333	 343	 350	 358	 365	 379	 596	
5	 20	 26	 49	 77	 95	 101	 128	 132	 141	 146	 161	 167	 190	 218	 236	 242	 269	 273	 282	
28	 95	 112	 118	 123	 138	 143	 180	 188	 193	 221	 288	 305	 311	 316	 331	 336	 373	 381	 386	
125	 135	 142	 163	 169	 179	 215	 220	 229	 235	 360	 370	 377	 398	 404	 414	 450	 455	 464	 470	
7	 44	 52	 83	 91	 266	 289	 294	 302	 306	 313	 350	 358	 389	 397	 572	 595	 600	 608	 612	
9	 18	 30	 38	 44	 91	 97	 106	 113	 462	 471	 480	 492	 500	 506	 553	 559	 568	 575	 924	
10	 19	 28	 33	 85	 230	 237	 243	 249	 266	 276	 285	 294	 299	 351	 496	 503	 509	 515	 532	
373	 388	 399	 402	 408	 413	 427	 461	 502	 510	 883	 898	 909	 912	 918	 923	 937	 971	 1012	 1020	
13	 19	 34	 44	 54	 70	 73	 163	 174	 183	 196	 202	 217	 227	 237	 253	 256	 346	 357	 366	
6	 12	 21	 47	 59	 66	 78	 265	 271	 281	 287	 293	 302	 328	 340	 347	 359	 546	 552	 562	
6	 15	 22	 38	 57	 63	 69	 170	 184	 195	 201	 210	 217	 233	 252	 258	 264	 365	 379	 390	
55	 61	 66	 75	 98	 103	 120	 127	 138	 179	 234	 240	 245	 254	 277	 282	 299	 306	 317	 358	
11	 21	 59	 66	 74	 81	 89	 99	 112	 120	 131	 141	 179	 186	 194	 201	 209	 219	 232	 240	
18	 25	 82	 117	 132	 142	 156	 162	 175	 178	 196	 203	 260	 295	 310	 320	 334	 340	 353	 356	
8	 29	 54	 67	 72	 78	 88	 95	 101	 184	 192	 213	 238	 251	 256	 262	 272	 279	 285	 368	
9	 39	 52	 58	 65	 72	 117	 123	 129	 146	 155	 185	 198	 204	 211	 218	 263	 269	 275	 292	
8	 16	 43	 64	 71	 83	 90	 104	 111	 119	 127	 135	 162	 183	 190	 202	 209	 223	 230	 238	
6	 24	 28	 36	 47	 53	 103	 118	 227	 235	 241	 259	 263	 271	 282	 288	 338	 353	 462	 470	
6	 14	 27	 43	 63	 69	 86	 95	 113	 119	 125	 133	 146	 162	 182	 188	 205	 214	 232	 238	
7	 26	 40	 47	 53	 59	 77	 90	 138	 144	 151	 170	 184	 191	 197	 203	 221	 234	 282	 288	
6	 13	 19	 27	 37	 49	 58	 70	 84	 144	 150	 157	 163	 171	 181	 193	 202	 214	 228	 288	
9	 18	 24	 33	 533	 540	 548	 563	 572	 579	 588	 597	 603	 612	 1112	 1119	 1127	 1142	 1151	 1158	
8	 13	 18	 28	 40	 45	 74	 88	 88	 101	 109	 114	 119	 129	 141	 146	 175	 189	 189	 202	
7	 62	 92	 124	 137	 147	 152	 158	 165	 172	 179	 234	 264	 296	 309	 319	 324	 330	 337	 344	
10	 108	 122	 128	 133	 147	 232	 240	 250	 255	 265	 363	 377	 383	 388	 402	 487	 495	 505	 510	
4	 28	 42	 63	 136	 139	 144	 169	 178	 218	 222	 246	 260	 281	 354	 357	 362	 387	 396	 436	
7	 15	 22	 30	 40	 61	 76	 83	 95	 111	 118	 126	 133	 141	 151	 172	 187	 194	 206	 222	
5	 59	 74	 81	 87	 109	 239	 246	 254	 260	 265	 319	 334	 341	 347	 369	 499	 506	 514	 520	
26	 33	 44	 53	 525	 538	 547	 553	 558	 564	 590	 597	 608	 617	 1089	 1102	 1111	 1117	 1122	 1128	
6	 24	 33	 41	 50	 69	 79	 86	 99	 108	 114	 132	 141	 149	 158	 177	 187	 194	 207	 216	
10	 23	 32	 100	 105	 116	 130	 135	 141	 170	 180	 193	 202	 270	 275	 286	 300	 305	 311	 340	
6	 36	 45	 56	 62	 72	 144	 157	 170	 174	 180	 210	 219	 230	 236	 246	 318	 331	 344	 348	
