5
5
5
5
5
5
5
5
5
5
5
5
5
5
5
5
5
5
5
5
5
5
5
5
5
5
5
5
5
5
5
5
5
5
5
5
5
5
5
5
5
5
5
5
5
5
5
5
5
5
5
5
5
5
5
5
7
7
7
7
7
7
7
7
7
7
7
7
7
7
7
7
7
7
7
7
7
7
7
7
7
7
7
7
7
7
7
7
7
7
7
7
7
7
7
7
7
7
7
7
7
7
7
7
7
7
7
7
7
7
7
7
7
7
7
7
7
7
7
7
7
7
7
7
43
43
43
50
50
50
50
50
50
50
50
50
50
50
50
50
50
50
50
50
50
50
50
50
50
50
50
50
50
50
50
50
50
50
50
50
50
50
50
50
50
50
50
50
50
50
50
50
50
50
50
50
50
50
50
50
50
50
50
50
50
50
50
50
50
50
50
50
50
50
50
50
50
50
50
50
50
50
50
50
50
50
50
50
50
50
50
50
50
50
50
50
50
50
50
50
50
50
50
50
50
50
50
50
85
85
85
85
95
95
95
95
95
95
95
95
95
95
95
95
95
95
95
95
95
95
95
95
95
95
95
95
95
95
95
95
95
103
103
103
103
103
103
103
103
103
103
103
103
103
103
103
103
103
103
103
103
103
103
103
103
103
103
103
103
103
103
103
103
103
103
103
103
103
103
103
103
103
103
103
103
103
103
103
103
103
103
103
103
103
103
103
103
103
103
103
103
103
103
103
103
103
103
103
103
103
131
131
131
131
134
134
134
134
134
134
134
134
134
134
134
134
134
134
134
134
134
134
134
134
134
134
134
134
134
134
134
134
134
134
134
145
145
145
145
145
145
145
145
145
145
145
145
145
145
145
145
145
145
145
145
145
145
145
145
145
145
145
145
145
145
145
145
145
145
145
145
145
145
145
145
145
145
145
145
145
145
145
145
145
145
145
145
145
145
145
145
145
145
145
145
145
145
145
145
145
145
145
145
145
145
145
145
145
145
145
145
145
145
145
145
145
145
145
145
161
161
161
161
161
161
161
161
161
161
161
161
161
161
161
161
161
161
161
161
161
161
161
161
161
161
161
161
161
161
161
161
161
161
161
161
161
161
161
161
161
164
164
164
164
164
164
164
164
164
164
164
164
164
164
164
164
164
164
164
164
164
164
164
172
172
188
188
188
188
188
188
188
188
188
188
188
188
188
188
188
188
188
188
188
188
188
188
188
188
188
188
188
188
188
188
188
188
188
188
188
188
188
188
188
188
188
188
188
188
188
188
188
188
188
188
188
188
188
188
196
196
196
196
196
196
196
196
196
196
196
196
196
196
196
196
196
196
196
196
196
196
196
196
196
196
196
196
196
196
196
196
196
196
196
196
196
196
196
196
196
196
196
196
196
196
196
196
196
196
196
196
196
196
196
196
196
200
200
200
200
200
200
200
200
200
200
204
204
204
204
204
204
204
204
204
204
204
204
204
204
204
204
204
204
204
204
204
204
204
204
204
204
204
204
204
204
204
204
204
204
204
204
204
204
204
204
204
204
204
204
204
204
204
204
204
204
204
204
204
204
204
204
204
204
204
204
204
204
204
204
210
210
210
210
210
210
210
210
210
210
210
210
235
235
235
235
235
235
235
235
235
235
235
235
235
239
239
239
239
239
239
239
239
239
239
239
239
239
239
239
249
249
249
249
249
249
249
249
249
249
249
249
249
249
249
249
249
249
249
249
249
249
249
249
249
249
249
249
249
249
249
249
249
249
249
252
252
252
252
252
252
252
252
252
252
252
252
252
252
252
252
252
252
252
252
252
252
252
252
252
252
252
252
252
252
252
252
252
252
252
252
252
252
252
252
252
252
252
252
252
252
252
252
252
252
252
252
252
252
252
252
261
261
261
261
261
261
261
261
261
261
261
261
261
261
261
261
261
261
261
261
261
261
261
261
261
261
261
261
261
261
261
261
261
261
261
261
261
261
261
261
261
261
261
261
261
261
261
261
261
261
270
270
270
270
270
270
270
270
270
270
270
270
270
270
270
270
270
270
270
270
270
270
273
273
273
273
273
273
273
273
273
273
273
273
273
273
273
273
273
273
273
273
273
273
273
273
273
273
273
273
273
273
273
273
273
273
273
273
273
273
273
273
273
273
273
273
273
273
273
273
273
273
273
291
291
291
291
298
298
298
298
298
298
298
298
298
298
298
298
298
298
298
298
298
298
298
298
298
298
298
298
298
298
298
298
298
298
298
298
298
298
298
298
298
298
298
298
298
298
298
298
298
298
298
298
298
298
298
298
298
298
298
298
298
298
298
298
298
298
298
298
298
298
298
298
298
298
298
298
298
298
298
298
298
298
298
298
298
298
298
298
298
298
298
298
298
298
298
298
298
298
298
298
298
298
298
298
298
298
298
298
298
298
298
298
298
298
298
298
298
298
298
298
298
298
298
298
298
298
298
298
298
298
298
298
298
298
298
298
298
298
298
298
298
298
298
298
298
298
298
298
298
298
298
298
298
298
298
308
308
308
308
308
308
308
308
308
308
308
308
308
308
308
308
308
308
308
313
313
313
313
313
313
313
313
313
313
313
313
313
313
313
313
313
313
313
313
313
313
313
313
313
313
313
313
313
313
313
313
313
313
313
313
313
313
313
313
313
313
313
313
313
313
313
313
313
313
313
313
318
318
318
318
318
318
318
318
318
318
318
318
318
318
318
318
318
318
318
318
318
318
318
318
318
318
318
318
320
320
320
320
320
320
320
320
320
320
320
320
320
320
320
320
320
320
320
320
320
320
320
320
320
320
320
320
320
320
320
320
320
320
320
320
320
320
320
320
320
344
344
344
344
344
344
344
344
344
344
344
344
344
344
344
344
344
344
344
344
344
344
344
344
344
344
344
344
344
344
344
344
344
344
344
344
344
344
344
344
344
344
344
344
344
344
344
344
344
344
344
344
344
344
344
344
344
344
344
344
344
344
344
344
344
344
344
344
344
344
344
344
344
344
344
344
344
344
344
344
344
344
344
344
344
344
344
344
344
344
344
344
344
344
344
344
344
344
344
344
346
346
346
346
346
346
346
346
346
346
346
346
346
346
346
346
346
346
346
346
346
346
346
346
346
346
346
346
346
346
346
346
352
352
352
352
352
352
352
352
352
352
352
352
352
352
352
352
352
352
352
352
352
352
352
352
352
352
352
353
353
353
353
353
353
353
353
353
353
353
353
353
353
353
353
353
353
353
353
353
353
353
353
353
353
353
353
353
353
353
367
367
367
367
367
379
379
379
379
379
379
379
379
379
379
379
379
379
379
379
379
379
379
389
389
389
389
389
389
389
389
389
389
389
389
389
389
389
389
389
389
389
389
389
389
389
389
389
389
389
389
389
389
389
389
389
389
389
389
389
389
389
395
395
395
395
395
395
395
395
395
395
395
395
395
395
395
395
395
395
395
395
395
395
395
395
395
395
395
395
399
399
399
399
399
399
399
399
399
399
399
399
399
406
406
406
406
406
406
406
406
406
406
406
406
406
406
421
421
421
421
421
421
421
421
421
421
421
421
421
421
421
421
421
421
421
421
421
421
421
421
421
421
421
421
421
421
421
421
421
421
421
421
421
421
421
421
421
421
421
421
421
421
421
421
421
421
421
421
421
421
421
421
421
421
421
421
421
421
421
421
421
431
431
431
431
431
431
431
431
431
431
431
431
431
431
431
431
431
431
431
431
431
431
431
431
431
431
431
431
431
431
431
431
431
431
431
431
431
431
431
431
431
431
431
431
431
431
431
431
431
431
431
431
431
431
431
431
431
431
431
431
431
431
431
431
431
431
431
431
431
431
431
431
431
431
431
431
431
431
431
431
431
431
431
431
431
431
431
437
437
437
437
437
437
437
437
437
437
437
437
437
437
437
437
437
437
437
437
437
437
437
437
437
437
437
437
437
437
437
437
437
437
437
437
437
437
437
437
437
448
448
448
448
448
448
448
448
448
448
448
448
448
448
448
448
448
448
448
448
448
448
448
448
448
448
448
448
448
448
448
448
448
448
448
448
448
448
448
448
448
448
448
448
448
448
448
448
448
457
457
457
457
457
457
457
457
457
457
457
457
457
457
457
457
457
457
457
457
457
457
457
457
457
457
457
457
457
457
457
457
457
457
457
458
458
458
458
458
458
458
458
458
458
458
458
458
458
458
458
458
458
458
458
458
458
458
458
458
458
458
458
458
458
458
458
458
458
458
458
458
458
458
458
458
458
458
458
458
458
458
458
458
458
458
458
458
458
458
458
458
458
458
458
458
458
458
458
458
458
458
458
458
458
458
458
458
458
458
458
458
458
458
458
458
458
458
458
458
458
458
458
458
458
458
458
458
458
458
458
458
458
458
458
458
458
458
458
458
458
458
463
463
463
463
469
469
469
469
469
469
469
469
469
469
469
469
469
469
469
469
469
469
469
469
469
469
469
483
483
483
483
483
483
483
483
483
483
483
483
483
521
521
521
521
521
521
521
521
521
521
521
521
521
521
521
521
521
521
521
521
521
521
521
521
521
521
521
521
521
521
521
521
521
521
521
521
521
521
521
521
521
521
521
521
521
521
521
521
521
521
521
521
521
521
521
521
521
521
521
521
521
521
521
543
543
543
543
543
543
543
543
543
543
543
543
543
543
543
543
543
543
543
543
543
543
543
543
543
543
543
543
543
543
543
543
543
543
543
543
543
543
543
543
543
543
543
543
543
543
543
543
543
543
543
543
543
543
543
543
543
543
543
543
543
543
543
543
543
543
543
543
543
543
543
543
543
543
543
543
543
543
543
543
543
543
543
543
543
543
543
543
590
590
590
590
590
590
590
590
590
590
590
590
590
590
590
590
590
590
590
590
590
590
590
590
590
590
590
590
590
590
590
590
590
603
603
603
603
603
603
603
603
603
603
603
603
603
603
603
603
603
603
603
603
603
603
603
603
603
603
603
603
603
603
603
605
605
605
605
605
605
605
605
605
605
605
605
605
605
605
605
605
605
605
605
605
605
605
605
605
605
605
605
605
605
605
605
605
605
605
605
605
605
605
605
605
605
605
605
605
621
621
621
621
621
621
621
621
621
621
621
621
621
621
621
621
621
621
621
621
621
621
621
621
621
621
621
621
621
621
621
621
621
621
621
621
621
621
621
621
621
621
621
621
621
621
621
621
621
621
621
621
621
621
621
621
621
621
621
621
621
621
621
624
624
624
624
624
624
624
624
624
624
624
624
624
624
624
624
624
624
624
624
624
624
624
624
624
624
624
624
624
624
624
624
624
624
624
624
624
624
641
641
641
641
641
641
641
641
641
641
641
641
641
641
641
641
641
641
641
641
643
643
643
643
643
643
643
643
643
643
643
643
643
643
643
643
643
643
643
643
643
643
643
643
643
643
643
643
643
643
643
643
643
643
643
643
643
643
643
643
643
643
643
643
643
643
643
643
643
643
643
643
643
654
654
654
654
654
654
654
654
654
654
654
654
654
654
654
654
654
654
654
654
654
654
654
654
654
654
654
654
654
654
654
654
654
654
654
654
654
654
654
654
654
654
654
654
654
654
654
654
654
654
654
654
654
654
654
654
654
654
654
654
654
654
654
654
654
654
654
654
654
654
654
662
662
662
662
669
669
669
669
669
669
669
669
669
669
669
669
669
669
669
669
669
669
669
669
669
669
669
669
669
669
669
669
669
669
669
669
669
669
669
669
669
669
669
669
669
669
669
669
669
669
669
669
669
669
669
678
678
678
678
678
678
678
678
678
678
678
691
691
691
691
691
691
691
691
691
691
691
691
691
691
691
691
691
691
691
691
691
691
691
691
691
691
691
691
691
691
691
691
691
691
691
691
691
691
691
691
691
691
691
691
691
691
691
691
691
691
691
691
691
691
691
691
691
691
691
691
691
691
691
691
691
691
691
700
700
700
700
700
700
700
700
700
700
700
700
700
700
700
700
700
700
700
700
716
716
716
716
716
716
716
716
716
716
716
716
716
716
716
716
716
716
716
716
716
716
716
716
716
716
716
716
716
716
716
716
716
716
716
716
716
716
716
716
716
716
716
716
716
716
716
716
722
722
722
722
722
722
722
722
722
722
722
722
722
722
722
722
722
722
722
746
746
746
746
746
746
746
746
746
746
746
746
746
746
746
746
746
746
746
746
746
746
746
746
746
746
746
746
746
746
746
746
746
746
746
746
746
746
746
746
746
756
756
756
756
756
756
756
756
756
756
756
756
756
756
756
756
756
756
756
756
756
756
756
756
756
756
756
756
756
756
756
756
756
756
756
756
756
756
756
756
756
756
756
756
756
756
756
756
756
756
756
756
756
756
756
756
756
756
756
756
756
756
756
756
756
756
760
760
760
760
760
760
760
760
760
760
760
760
760
760
760
760
760
760
760
760
760
760
760
760
760
760
760
760
760
760
760
760
760
760
760
760
760
760
760
760
760
760
760
760
760
760
760
760
760
760
760
760
760
760
760
760
760
760
760
760
760
760
760
760
760
760
760
760
760
760
760
760
760
760
760
760
760
760
760
760
760
760
760
760
760
760
760
760
760
760
760
760
760
760
760
760
760
760
760
760
760
760
760
760
760
760
760
760
760
760
760
760
760
760
760
760
760
760
761
761
761
761
761
761
761
761
761
761
761
761
761
761
761
761
761
761
761
761
761
761
761
761
761
761
761
761
761
761
761
761
761
761
761
761
761
761
761
761
761
761
761
761
761
761
761
761
761
761
761
761
761
761
761
761
761
761
761
761
761
761
761
761
761
761
761
761
761
761
761
761
774
774
774
774
774
774
774
774
774
774
774
774
774
774
774
774
774
774
774
774
774
774
774
774
774
774
774
774
774
774
774
774
774
774
774
774
774
774
774
778
778
778
778
778
778
778
778
778
778
778
778
778
778
778
778
778
778
778
778
778
778
778
778
778
778
778
778
778
778
778
778
778
778
778
778
778
778
778
778
778
778
778
778
778
778
778
778
778
778
778
793
793
793
793
793
793
793
793
793
793
793
793
793
793
793
793
793
793
793
793
793
793
793
793
793
793
793
796
796
796
796
796
796
796
796
796
796
796
796
796
796
796
796
796
796
796
796
796
796
796
796
796
796
796
796
796
796
796
796
796
796
796
796
796
796
796
796
796
796
796
796
796
796
796
796
796
796
796
796
796
796
796
796
796
796
796
796
796
796
796
796
796
796
796
796
796
796
796
796
796
796
796
796
796
796
796
796
796
796
796
796
796
796
796
796
796
796
796
796
796
796
796
796
796
796
796
796
796
796
796
796
796
796
796
796
796
796
796
796
796
796
796
800
800
800
800
800
800
800
800
800
800
800
800
800
800
800
800
800
800
800
800
800
800
800
800
800
800
800
800
800
800
800
800
800
800
800
800
800
800
800
800
800
800
800
800
800
800
800
800
800
800
800
800
800
800
800
800
800
800
800
800
801
801
801
801
801
801
801
801
801
801
801
801
801
801
801
801
801
801
801
801
801
801
801
801
801
801
801
801
801
801
801
801
801
801
801
801
801
801
801
801
801
801
801
801
801
801
801
801
801
801
801
801
801
801
801
801
801
801
801
801
801
801
801
801
801
801
801
801
801
801
801
801
801
801
801
801
801
801
801
801
801
801
801
801
801
801
801
801
801
801
801
801
801
831
831
831
831
831
831
831
831
831
831
831
831
831
831
831
831
831
831
831
831
831
831
831
831
831
831
831
839
839
839
839
839
839
839
839
839
839
839
839
839
839
839
839
839
839
839
839
839
839
839
839
839
839
839
839
839
839
839
839
839
839
839
839
839
839
839
839
839
839
839
839
839
839
839
839
839
839
839
839
839
839
839
839
839
839
839
839
839
839
839
839
839
839
839
839
839
839
839
839
839
839
839
839
839
839
839
839
839
839
839
839
839
839
839
839
839
839
839
839
839
839
839
839
839
839
839
868
868
868
868
868
868
868
868
877
877
877
877
877
877
877
877
877
877
877
877
877
877
877
877
877
877
877
877
877
877
877
877
877
877
877
877
877
877
877
877
877
877
877
877
877
877
877
877
877
877
877
877
877
877
877
877
877
877
877
877
877
877
877
877
877
877
877
877
877
877
877
877
877
877
877
877
877
877
877
877
877
877
877
877
877
877
877
877
877
877
882
882
882
882
882
882
882
882
882
882
882
882
882
882
882
882
882
882
882
882
882
882
882
882
882
882
882
882
882
882
882
882
882
882
882
882
882
882
882
882
882
882
882
882
882
882
882
882
882
882
882
882
882
882
882
882
882
882
882
882
882
882
882
882
882
882
882
882
882
882
882
882
882
882
882
882
882
882
882
882
882
882
882
882
882
882
882
882
882
882
882
882
882
882
882
882
882
882
882
882
882
882
882
882
887
887
887
887
887
887
887
887
887
887
887
887
887
887
887
887
887
887
887
887
904
904
904
904
904
904
904
904
904
904
904
904
904
904
904
904
904
904
904
904
904
904
904
904
904
904
904
904
904
904
904
904
904
904
904
904
904
904
904
904
904
904
904
904
904
904
904
904
904
904
904
904
904
904
904
904
904
904
904
904
904
904
904
904
904
904
904
904
904
904
904
904
904
904
904
904
904
904
904
904
904
904
904
904
904
904
904
904
904
904
904
904
904
904
904
904
904
904
904
904
904
904
904
904
904
904
904
904
904
904
904
904
904
904
904
908
908
908
908
908
908
908
908
908
908
908
908
908
909
909
909
909
909
909
909
909
909
909
909
909
909
909
911
911
911
913
913
913
913
913
913
913
913
913
913
913
913
913
913
913
913
913
913
913
913
913
913
913
913
913
913
913
913
913
913
913
913
913
913
913
913
913
913
913
913
913
913
913
919
919
926
926
926
926
926
926
926
926
926
926
926
926
926
926
926
926
926
926
926
926
926
926
926
926
926
926
926
926
926
926
926
926
926
926
926
926
926
926
926
926
926
926
926
926
926
926
926
926
926
926
926
926
926
926
926
926
926
926
926
926
926
926
926
926
926
926
926
930
930
930
930
930
930
930
930
930
930
930
930
930
930
930
930
930
930
930
930
930
930
931
931
931
931
931
931
931
931
931
931
931
931
931
931
931
931
931
931
931
931
931
931
931
931
931
931
931
931
931
931
931
931
931
931
931
931
931
931
931
931
931
931
931
931
931
931
931
931
931
931
931
931
931
931
931
931
931
931
931
931
931
931
931
931
931
931
931
931
931
931
931
931
931
931
931
938
938
938
938
938
938
938
938
938
938
938
938
938
938
938
938
938
938
938
938
938
938
938
938
938
938
938
938
938
938
938
938
938
938
938
938
938
938
938
938
938
938
938
938
938
943
943
943
943
943
943
943
943
943
943
943
943
943
944
944
944
944
944
944
944
944
944
944
944
944
944
944
946
946
946
946
946
946
946
946
946
946
946
946
946
946
946
946
946
946
946
946
946
946
946
946
946
946
946
946
946
946
946
963
963
963
963
963
963
963
963
963
963
963
963
963
963
963
963
963
963
963
963
963
963
963
963
963
963
963
963
963
963
963
963
963
963
963
963
963
963
963
963
963
963
963
963
963
963
963
963
963
963
963
963
963
963
963
963
963
963
963
963
963
963
963
963
963
963
963
963
963
963
963
963
963
963
963
963
963
963
963
963
963
963
963
963
963
963
963
963
963
963
963
963
963
963
963
963
963
963
963
963
963
963
963
963
963
963
963
963
963
963
963
963
963
963
963
963
963
963
963
963
963
963
963
963
963
963
963
963
963
963
963
963
963
963
963
963
963
963
963
963
963
963
963
963
963
963
963
963
963
963
963
963
963
963
963
963
963
963
963
963
963
963
963
963
963
963
963
963
963
963
963
963
963
963
963
963
963
963
963
963
963
963
963
963
963
963
963
963
963
963
963
963
963
963
963
963
963
963
963
963
963
963
963
963
963
963
963
963
963
963
963
963
963
963
963
963
963
963
963
963
963
963
963
963
963
963
963
963
963
963
963
963
963
963
963
963
963
963
963
963
963
963
963
963
963
963
963
963
963
963
975
975
975
975
975
975
975
975
975
975
975
975
975
975
975
975
975
975
975
975
975
975
975
975
975
975
975
975
975
975
975
975
975
975
975
975
975
975
975
975
975
975
975
975
975
975
975
975
975
975
975
975
975
975
975
975
975
975
975
975
975
975
995
995
995
995
995
995
995
995
995
995
995
995
995
995
995
995
995
995
995
995
995
995
995
995
995
995
995
995
995
995
995
995
995
995
995
995
995
995
995
995
995
995
995
995
995
995
995
995
995
995
995
995
995
995
1004
1004
1004
1004
1004
1004
1004
1004
1004
1004
1004
1004
1004
1004
1004
1004
1004
1004
1004
1004
1004
1004
1004
1004
1004
1004
1004
1004
1004
1004
1004
1004
1004
1004
1004
1004
1004
1004
1004
1004
1004
1004
1004
1004
1004
1004
1004
1004
1004
1004
1004
1004
1004
1004
1004
1004
1004
1004
1004
1004
1004
1004
1004
1004
1004
1004
1004
1004
1004
1004
1004
1004
1004
1004
1004
1004
1004
1004
1004
1004
1004
1004
1004
1004
1004
1004
1004
1004
1004
1004
1004
1004
1004
1004
1004
1004
1004
1004
1004
1004
1004
1004
1004
1004
1004
1004
1004
1004
1004
1004
1004
1004
1004
1004
1004
1004
1004
1004
