12	 360	 33	 183	 3	 175	 3	 1102	 33	 183	 5	 3	 3	 3	 3	 3	 3	 320	 8	 58	 124	 4	 104	 38	 12	 656	 320	 7	 380	 405	 1069	 38	 39	 5	 3	 3	 3271	 3	 5	 3	 3	 135	 3	 3	 721	 5	 3	 3	 33	 721	
13	 36	 51	 12	 98	 1	 65	 59	 1	 7	 30	 89	 9	 5	 3	 3	 3	 3	 52	 668	 293	 7	 12	 761	 412	 20	 147	 163	 246	 5	 3	 3	 3	 3	 3	 3	 3	 2061	 346	 5	 3	 3	 3	 3	 3	 3	 3	 3	 3	 346	
6	 182	 807	 16	 32	 518	 304	 22	 12	 1342	 296	 22	 12	 395	 4	 194	 182	 18	 37	 518	 4	 8	 304	 22	 12	 654	 775	 5	 3	 3	 135	 3	 3	 3	 3	 3	 3	 3	 2636	 5	 3	 3	 3	 3	 3	 3	 3	 5	 3	 3	
1769	 63	 754	 2723	 3	 1123	 541	 3	 3	 5	 3	 3	 3	 3	 3	 3	 3	 3	 3	 3	 3	 173	 3	 4358	 3	 3	 3	 3	 55	 3	 3	 33	 44	 3	 223	 3	 3	 3	 3	 3	 50	 53	 3	 253	 33	 1380	 3	 3	 2723	 3	
1294	 1146	 15	 986	 105	 1	 64	 28	 12	 785	 4	 210	 614	 4	 338	 12	 244	 523	 5	 3	 3	 1693	 5	 3	 3	 2972	 512	 103	 2380	 5	 3	 5	 3	 3	 191	 5	 3	 290	 74	 5	 3	 234	 306	 1027	 11	 74	 5	 3	 3	 3	
40	 8	 57	 25	 339	 19	 62	 1174	 1	 293	 36	 32	 1181	 26	 1429	 26	 158	 5	 3	 3	 1369	 5	 3	 3	 1180	 5	 3	 3	 3	 3	 3	 3	 3	 5	 3	 3	 3	 3	 357	 5	 3	 3	 842	 6	 209	 4	 132	 64	 5	 3	
1044	 16	 315	 12	 31	 49	 19	 6	 207	 10	 503	 166	 12	 50	 91	 11	 4	 3095	 17	 539	 475	 33	 26	 1	 7	 19	 30	 218	 151	 16	 1326	 38	 661	 26	 1104	 5	 3	 3	 3	 282	 5	 3	 3	 33	 44	 5	 3	 3	 5	 3	
15	 245	 1	 110	 2763	 16	 25	 32	 4213	 1	 16	 410	 2330	 5	 3	 3	 5	 3	 3	 5	 3	 5	 3	 135	 18	 765	 32	 626	 17	 393	 19	 596	 5	 3	 626	 24	 6	 91	 5	 3	 3	 3	 3	 1175	 5	 3	 3	 5	 3	 5	
459	 36	 410	 328	 26	 17	 4511	 20	 39	 4	 879	 12	 744	 5	 3	 3	 33	 84	 15	 534	 20	 12	 456	 5	 3	 234	 6	 474	 15	 6	 1369	 5	 3	 3	 33	 1997	 5	 3	 5	 3	 1185	 3	 5	 3	 3	 33	 84	 5	 3	 3003	
34	 137	 36	 32	 452	 791	 466	 6	 10	 6	 423	 5	 3	 11	 33	 175	 5	 3	 234	 1410	 300	 5	 3	 234	 5	 3	 33	 44	 5	 3	 982	 3	 3300	 452	 452	 175	 485	 16	 180	 38	 74	 5	 3	 3	 3	 5	 3	 3	 452	 5	
57	 25	 225	 406	 126	 167	 15	 70	 629	 324	 6	 444	 2858	 55	 5	 3	 3	 534	 3300	 3	 227	 3	 102	 5	 3	 3	 3	 3	 3	 3	 3	 3	 135	 3	 154	 44	 303	 253	 24	 42	 1293	 5	 3	 3	 55	 3	 931	 3	 3300	 1799	
2011	 198	 46	 7	 274	 289	 4	 273	 150	 9	 43	 12	 2214	 1	 255	 9	 1	 7	 433	 125	 43	 83	 1095	 182	 1	 1334	 56	 457	 1971	 1	 7	 6	 618	 10	 97	 6	 860	 5	 3	 3	 3	 126	 618	 5	 3	 3	 3	 3	 3	 78	
410	 4531	 6	 49	 3	 3	 3	 1007	 940	 1012	 3	 49	 282	 60	 331	 3	 9	 60	 1040	 49	 282	 115	 27	 15	 111	 26	 7	 72	 705	 5	 3	 234	 28	 300	 4	 194	 6	 1023	 5	 3	 3	 33	 44	 5	 3	 3	 3	 41	 3	 721	
174	 1235	 92	 11	 35	 20	 2648	 5	 3	 3	 3	 3	 3	 495	 46	 145	 3	 102	 63	 495	 46	 37	 86	 15	 6	 91	 4	 153	 54	 100	 6	 2929	 5	 3	 3	 1066	 3	 1066	 71	 222	 5	 69	 3	 3	 3	 3	 1066	 5	 3	 3	
15	 439	 552	 1	 75	 2406	 4	 6	 87	 1160	 1	 6	 662	 681	 10	 6	 174	 16	 32	 621	 1172	 71	 26	 313	 26	 71	 840	 10	 69	 286	 10	 17	 307	 5	 3	 3	 3	 3	 3	 71	 3	 5	 3	 3	 3	 173	 5	 3	 3	 515	
40	 6	 301	 653	 17	 964	 1	 13	 16	 47	 284	 268	 9	 43	 190	 56	 98	 1	 234	 7	 6	 1629	 15	 83	 1176	 390	 11	 146	 73	 14	 41	 5	 3	 3	 797	 486	 27	 5	 3	 669	 52	 332	 198	 5	 3	 3	 52	 102	 5	 3	
240	 7	 104	 12	 1266	 54	 8	 12	 91	 86	 54	 8	 348	 15	 17	 472	 1	 1830	 8	 1243	 84	 919	 1	 217	 222	 4	 433	 125	 43	 192	 2623	 3	 7	 3	 1191	 138	 30	 2923	 3410	 5	 3	 3	 5	 3	 3	 1869	 5	 3	 3	 3	
21	 10	 12	 362	 9	 24	 185	 1524	 3	 22	 14	 559	 3	 5	 3	 3	 3	 49	 52	 5	 3	 3	 2476	 10	 380	 451	 11	 12	 1463	 775	 3	 775	 3	 5	 3	 3	 284	 126	 28	 191	 306	 4	 507	 12	 81	 5	 3	 3	 3	 1624	
40	 8	 48	 340	 22	 3868	 1	 17	 994	 346	 11	 41	 8	 36	 32	 821	 4	 6	 41	 18	 28	 655	 181	 4	 1191	 8	 6	 2219	 8	 37	 158	 5	 3	 3	 3	 3	 3	 5	 3	 3	 3	 3	 3	 5	 3	 3	 3	 3	 3	 3	
13	 37	 25	 221	 19	 6	 87	 145	 33	 151	 11	 35	 38	 67	 8	 37	 2772	 20	 72	 13	 921	 42	 9	 5	 3	 3	 1230	 78	 5	 3	 0	 0	 0	 0	 0	 0	 0	 0	 0	 0	 0	 0	 0	 0	 0	 0	 0	 0	 0	 0	
119	 16	 61	 21	 30	 177	 42	 26	 50	 215	 1	 1844	 1	 11	 30	 177	 302	 4	 2095	 49	 43	 249	 35	 1	 46	 29	 42	 26	 353	 675	 27	 7	 341	 15	 145	 5	 3	 3	 1012	 3	 3	 55	 5	 3	 0	 0	 0	 0	 0	 0	
1522	 289	 224	 198	 12	 9	 94	 404	 12	 107	 4	 7	 2655	 201	 111	 707	 1	 75	 157	 4	 8	 1	 275	 111	 77	 5	 3	 3	 1749	 2657	 7	 289	 22	 2397	 56	 84	 7	 78	 5	 3	 3	 3	 289	 289	 289	 5	 3	 3	 3087	 289	
12	 16	 32	 687	 19	 39	 1	 140	 521	 36	 808	 22	 12	 114	 371	 8	 37	 5	 3	 3	 1	 14	 122	 140	 36	 32	 86	 19	 292	 1	 774	 1	 49	 11	 126	 783	 4	 378	 280	 457	 9	 7	 331	 9	 5	 3	 3	 250	 5	 3	
15	 42	 461	 171	 31	 9	 36	 32	 2029	 24	 1522	 1	 17	 2622	 1	 28	 6	 334	 10	 743	 9	 5	 3	 3	 102	 1	 33	 408	 29	 67	 186	 2212	 1295	 183	 69	 27	 5	 3	 290	 19	 67	 150	 5	 3	 5	 3	 3	 3	 5	 3	
9	 8	 16	 262	 16	 32	 94	 24	 6	 766	 10	 286	 169	 43	 12	 98	 1	 59	 7	 579	 59	 5	 3	 1012	 3	 28	 856	 26	 3500	 54	 6	 50	 41	 198	 6	 9	 15	 70	 353	 18	 55	 7	 398	 12	 656	 7	 30	 205	 5	 3	
65	 250	 7	 250	 1	 311	 572	 1	 7	 288	 102	 16	 32	 86	 4	 113	 65	 510	 7	 3176	 219	 5	 3	 65	 3	 3	 5	 3	 3	 1094	 5	 3	 3	 3	 198	 10	 14	 92	 7	 35	 26	 248	 10	 6	 35	 5	 3	 3	 3	 3	
31	 295	 7	 246	 10	 761	 16	 32	 359	 146	 15	 17	 487	 18	 893	 8	 26	 17	 351	 40	 42	 9	 316	 32	 2029	 4	 1047	 28	 1057	 24	 661	 5	 3	 3	 5	 3	 3	 5	 3	 257	 10	 1034	 5	 3	 3	 17	 3	 102	 5	 3	
398	 1092	 1	 150	 394	 1	 476	 1	 299	 241	 1	 7	 30	 801	 80	 211	 3	 11	 82	 1461	 5	 3	 532	 2897	 5	 3	 3	 3	 3	 60	 3	 3	 35	 3	 5	 3	 3	 3	 3	 3	 3	 3	 619	 1	 75	 1194	 5	 3	 3	 5	
13	 1867	 8	 4	 538	 83	 33	 151	 333	 236	 156	 20	 9	 4	 62	 78	 5	 3	 3	 33	 44	 15	 317	 20	 14	 33	 44	 5	 3	 3	 33	 346	 5	 3	 3	 3	 1012	 3	 3	 3	 50	 135	 5	 3	 3	 1012	 3	 3	 3	 3573	
2548	 154	 116	 1615	 20	 111	 97	 165	 41	 126	 155	 4	 1125	 1	 979	 1319	 28	 6	 49	 1764	 29	 399	 27	 10	 6	 1040	 49	 5	 3	 3	 669	 50	 289	 29	 67	 28	 231	 15	 17	 357	 590	 836	 333	 91	 27	 5	 3	 3	 33	 44	
15	 289	 4	 256	 56	 21	 10	 83	 35	 7	 111	 636	 1	 49	 1408	 7	 6	 3458	 1782	 259	 10	 12	 1583	 38	 39	 1	 137	 15	 14	 828	 84	 33	 44	 37	 2717	 4	 5	 3	 3	 5	 3	 33	 175	 5	 3	 3	 1503	 2263	 5	 3	
79	 210	 725	 4	 283	 723	 1230	 43	 33	 7	 49	 142	 5	 3	 1	 2543	 1	 1	 5	 3	 3	 611	 5	 3	 3	 3	 3	 3	 3	 3	 3	 3	 1012	 3	 33	 5	 3	 3	 5	 3	 3	 5	 3	 3	 3	 3	 1012	 3	 3	 2450	
4	 47	 8	 20	 68	 4	 12	 31	 49	 63	 3	 198	 10	 12	 31	 9	 1	 198	 10	 12	 49	 20	 17	 268	 1035	 10	 3	 128	 4	 124	 761	 10	 12	 668	 7	 12	 608	 1055	 60	 101	 9	 60	 3	 3	 198	 60	 7	 3	 1094	 5	
40	 8	 926	 13	 48	 15	 12	 33	 24	 39	 1	 8	 164	 47	 23	 9	 100	 6	 280	 46	 145	 508	 1536	 19	 70	 2149	 10	 83	 50	 91	 1	 11	 30	 135	 8	 788	 4	 433	 125	 1	 6	 721	 56	 33	 44	 626	 15	 23	 5	 3	
496	 121	 2005	 15	 1048	 37	 849	 4	 26	 523	 5	 3	 3584	 7	 5	 3	 5	 3	 3	 863	 29	 71	 1396	 69	 27	 5	 3	 3	 5	 3	 3	 3	 3	 3	 3	 3	 3	 3	 84	 5	 3	 3	 3	 721	 1	 3	 55	 5	 3	 192	
4561	 40	 8	 269	 39	 4	 85	 9	 43	 123	 401	 1	 670	 332	 1	 13	 48	 17	 2346	 1143	 18	 68	 1	 21	 1	 3656	 11	 199	 10	 6	 9	 119	 305	 38	 39	 11	 19	 1120	 1	 7	 450	 795	 5	 3	 3	 3	 3	 28	 25	 24	
99	 63	 4175	 1322	 3	 1	 3	 3	 1	 1	 7	 5	 3	 3	 3	 3	 5	 3	 5	 3	 3710	 3	 3	 3	 5	 3	 3	 3	 3	 29	 271	 27	 3	 3	 3	 5	 3	 3	 3	 3	 3	 5	 3	 3	 71	 106	 5	 3	 3	 3	
40	 8	 1062	 2082	 1	 1165	 11	 1337	 1	 18	 37	 1025	 281	 10	 635	 1	 11	 15	 312	 8	 195	 14	 55	 5	 3	 3	 3	 3	 3	 896	 41	 279	 62	 92	 1	 149	 1	 478	 1	 7	 381	 1032	 58	 32	 86	 4	 206	 8	 7	 8	
110	 53	 16	 329	 46	 4	 12	 114	 371	 8	 107	 899	 78	 463	 49	 4	 401	 64	 5	 3	 135	 401	 11	 30	 50	 41	 5	 3	 3	 1012	 3	 3	 3	 55	 5	 3	 3	 3	 3	 55	 5	 3	 3	 3	 3	 3	 3	 41	 5	 3	
17	 129	 675	 28	 17	 102	 18	 28	 238	 1065	 4	 12	 129	 590	 7	 6	 52	 16	 32	 17	 1827	 2575	 54	 8	 823	 70	 65	 5	 3	 3	 3	 3	 3	 3	 3	 3	 3	 3	 3	 3	 3	 3	 3	 3	 3	 3	 5	 3	 3	 3	
40	 8	 48	 1056	 191	 511	 46	 1	 200	 254	 834	 1	 8	 36	 315	 4	 702	 4	 104	 95	 9	 43	 72	 1609	 1141	 16	 193	 5	 3	 3	 3	 3	 3	 3	 254	 280	 942	 5	 3	 182	 3	 50	 41	 274	 135	 29	 6	 50	 135	 28	
19	 125	 1246	 9	 22	 72	 13	 21	 46	 1	 79	 194	 14	 46	 44	 5	 3	 3	 33	 5	 3	 394	 346	 1	 75	 12	 71	 103	 69	 5	 3	 3	 3	 5	 3	 3	 657	 3	 5	 3	 3	 3	 3	 3	 1	 7	 5	 3	 5	 3	
3383	 10	 9	 116	 22	 6	 362	 3	 362	 28	 86	 4	 124	 34	 125	 43	 6	 581	 1385	 163	 4	 6	 115	 511	 5	 3	 3	 11	 30	 96	 5	 3	 3	 5	 3	 3	 3	 3	 3	 5	 3	 3	 5	 3	 3	 452	 5	 3	 3	 452	
8	 58	 575	 193	 24	 1413	 4	 6	 33	 44	 10	 6	 173	 908	 8	 905	 359	 18	 8	 58	 21	 11	 1088	 93	 2760	 8	 104	 38	 39	 38	 14	 53	 7	 559	 4	 6	 412	 1302	 7	 78	 5	 3	 3	 1026	 33	 346	 5	 3	 3	 568	
122	 9	 28	 86	 15	 1956	 6	 117	 10	 52	 19	 6	 55	 19	 67	 8	 37	 385	 5	 3	 3	 3	 1026	 87	 1641	 5	 3	 3	 3	 3488	 1752	 1	 15	 29	 611	 697	 5	 3	 3	 379	 27	 60	 3	 3	 3	 3	 33	 295	 3	 5	
72	 705	 12	 9	 396	 3	 29	 372	 27	 942	 11	 391	 444	 189	 9	 7	 172	 60	 7	 3	 1472	 167	 60	 7	 133	 39	 550	 14	 151	 60	 3	 52	 117	 7	 358	 19	 14	 55	 60	 7	 29	 967	 446	 445	 1	 1641	 7	 1641	 2593	 1	
130	 347	 10	 9	 57	 13	 51	 7	 72	 57	 13	 21	 64	 227	 3	 3	 227	 3	 3	 227	 3	 1	 227	 3	 3	 1	 3	 990	 7	 5	 3	 3	 3	 3	 3	 3	 3	 3	 3	 227	 3	 5	 3	 3	 3	 3	 3	 3	 3	 3	
1607	 9	 38	 45	 66	 121	 642	 39	 15	 17	 674	 476	 63	 3	 3	 4260	 7	 59	 2312	 261	 9	 38	 258	 145	 258	 5	 3	 3	 3	 3	 3	 3	 135	 5	 3	 3	 3	 3	 3	 3	 3	 3	 3	 3490	 3	 3400	 2437	 5	 3	 3	
23	 28	 1512	 43	 12	 91	 20	 1701	 22	 6	 39	 2421	 10	 12	 114	 11	 129	 4	 305	 12	 3665	 4	 39	 1	 11	 4	 217	 4	 865	 182	 11	 4	 702	 100	 6	 280	 182	 5	 3	 3	 3	 1497	 1	 173	 74	 5	 3	 1094	 73	 5	
258	 7	 2929	 510	 3	 919	 3	 3	 3	 3	 3	 3	 3	 3	 3	 3	 3	 3	 3	 3	 3	 3	 3	 3	 3	 455	 864	 220	 6	 41	 3	 3	 2740	 11	 1317	 1	 27	 3	 3	 3	 645	 1565	 106	 62	 117	 10	 21	 5	 3	 5	
1635	 198	 289	 4	 557	 77	 145	 795	 763	 1367	 50	 53	 2763	 19	 110	 30	 77	 145	 1247	 5	 3	 654	 864	 5	 3	 3	 2360	 784	 5	 3	 3	 232	 15	 101	 5	 3	 995	 5	 3	 3	 211	 22	 14	 41	 5	 3	 3	 3	 3	 3	
130	 37	 46	 7	 72	 57	 489	 22	 2605	 227	 3000	 3108	 173	 56	 266	 16	 32	 518	 4	 12	 1263	 38	 12	 136	 311	 11	 136	 583	 27	 5	 3	 3	 3	 35	 968	 968	 182	 222	 5	 3	 3	 3	 35	 19	 3	 114	 678	 5	 3	 253	
276	 8	 248	 1	 2967	 56	 136	 41	 11	 136	 263	 29	 399	 27	 7	 4518	 294	 128	 184	 64	 22	 12	 129	 29	 356	 1	 2365	 1	 118	 1308	 1	 2365	 27	 3	 46	 86	 4	 184	 7	 482	 95	 536	 9	 1	 22	 8	 404	 17	 277	 11	
71	 130	 28	 1051	 73	 23	 55	 227	 3	 227	 71	 227	 3	 227	 71	 717	 5	 3	 71	 3	 3	 227	 3	 3	 3	 3	 3	 3	 3	 3	 227	 3	 5	 3	 3	 3	 3	 3	 3	 3	 3	 3	 3	 3	 3	 3	 3	 3	 3	 3	
633	 813	 11	 2017	 3080	 20	 971	 11	 930	 166	 23	 33	 44	 164	 494	 1780	 138	 12	 1201	 5	 3	 3	 3	 5	 3	 1644	 3	 863	 1	 5	 3	 3	 3	 227	 392	 5	 3	 3	 2723	 5	 3	 3	 173	 5	 3	 3	 33	 863	 5	 3	
148	 553	 263	 16	 363	 1	 11	 24	 115	 1	 11	 19	 34	 30	 207	 1	 7	 18	 16	 48	 6	 427	 1085	 15	 2032	 1364	 24	 6	 455	 5	 3	 842	 6	 209	 4	 210	 374	 427	 15	 4	 42	 4	 6	 9	 18	 28	 26	 17	 1857	 10	
13	 36	 891	 7	 210	 554	 166	 18	 13	 48	 1085	 4	 325	 20	 6	 1009	 103	 665	 7	 9	 282	 26	 218	 5	 3	 7	 652	 289	 5	 3	 3	 3300	 5	 3	 3	 1185	 5	 3	 3	 1369	 5	 3	 5	 3	 3	 3	 3	 5	 3	 1814	
494	 931	 1	 1702	 1	 933	 5	 3	 33	 2349	 154	 303	 303	 858	 4	 51	 100	 6	 917	 15	 67	 8	 154	 303	 228	 5	 3	 3	 3	 3	 5	 3	 3	 5	 3	 3	 3	 3	 3	 3	 3	 3	 24	 403	 6	 2759	 55	 5	 3	 3	
64	 36	 32	 598	 24	 39	 7	 686	 24	 39	 1	 6	 300	 721	 10	 448	 106	 67	 64	 462	 116	 5	 3	 60	 293	 3	 1358	 126	 7	 29	 2236	 611	 27	 5	 3	 3	 3	 28	 12	 962	 1	 120	 6	 183	 10	 961	 1612	 5	 3	 3	
3351	 733	 6	 9	 1368	 56	 421	 129	 675	 5	 3	 3	 1185	 1094	 5	 3	 102	 5	 3	 74	 5	 3	 74	 5	 3	 84	 667	 5	 3	 1496	 0	 0	 0	 0	 0	 0	 0	 0	 0	 0	 0	 0	 0	 0	 0	 0	 0	 0	 0	 0	
40	 8	 89	 39	 1	 11	 1427	 4	 1	 8	 58	 1199	 607	 12	 65	 172	 293	 100	 95	 35	 412	 20	 185	 11	 125	 10	 167	 5	 3	 3	 2616	 3	 4398	 5	 3	 3	 3450	 2016	 1503	 268	 29	 27	 7	 1302	 165	 29	 19	 202	 1	 777	
7	 3562	 37	 587	 4	 1608	 18	 12	 50	 91	 28	 2727	 4	 385	 93	 46	 5	 3	 5	 3	 234	 10	 74	 7	 6	 50	 68	 352	 32	 191	 63	 3	 50	 1046	 364	 5	 3	 0	 0	 0	 0	 0	 0	 0	 0	 0	 0	 0	 0	 0	
45	 66	 16	 575	 32	 158	 4	 113	 6	 31	 9	 181	 4	 47	 156	 20	 95	 9	 1	 42	 26	 17	 343	 11	 623	 1	 3046	 20	 17	 248	 11	 71	 3	 69	 22	 17	 50	 41	 5	 3	 3	 3	 3	 3	 3	 502	 24	 17	 366	 1230	
23	 44	 465	 4	 1024	 10	 441	 18	 13	 354	 16	 32	 10	 232	 4	 1	 4	 366	 1	 285	 11	 108	 18	 367	 1	 16	 89	 150	 52	 220	 14	 150	 394	 688	 5	 3	 3	 2182	 5	 3	 3	 3	 3	 452	 5	 3	 3	 3	 452	 452	
123	 1293	 63	 13	 16	 47	 4	 99	 30	 707	 11	 52	 616	 56	 78	 11	 14	 616	 707	 15	 110	 11	 110	 10	 14	 123	 165	 1	 2471	 11	 52	 566	 24	 639	 18	 16	 363	 18	 42	 308	 77	 5	 3	 1012	 5	 3	 3	 5	 3	 2143	
110	 10	 62	 196	 16	 32	 419	 3043	 5	 3	 5	 3	 289	 515	 515	 515	 515	 515	 515	 515	 515	 5	 3	 575	 3	 3	 3	 989	 78	 7	 84	 862	 5	 3	 3	 3	 3	 50	 135	 5	 3	 0	 0	 0	 0	 0	 0	 0	 0	 0	
8	 58	 443	 2285	 943	 7	 30	 129	 49	 7	 583	 8	 37	 100	 29	 75	 1	 38	 74	 4	 74	 24	 27	 1	 220	 6	 823	 12	 55	 7	 1381	 1055	 4	 124	 12	 172	 4	 389	 87	 43	 280	 3420	 5	 3	 3	 3	 3	 3	 3	 3	
42	 26	 753	 37	 86	 19	 214	 886	 632	 258	 7	 835	 897	 154	 17	 103	 81	 5	 3	 3	 1	 7	 458	 306	 19	 5	 3	 3	 3	 3	 3	 5	 3	 3	 3	 3	 3	 3	 3	 3	 3	 5	 3	 3	 3	 3	 3	 3	 3	 3	
15	 6	 330	 18	 64	 28	 158	 1	 13	 120	 93	 31	 9	 1	 750	 106	 233	 1	 57	 105	 160	 434	 1081	 139	 1	 236	 17	 1081	 139	 106	 62	 448	 63	 3	 33	 320	 290	 236	 39	 20	 12	 90	 88	 9	 5	 3	 3	 5	 3	 3	
6	 182	 2431	 22	 23	 55	 37	 1074	 4	 8	 24	 45	 76	 97	 99	 36	 740	 8	 10	 23	 357	 5	 3	 3	 3	 2143	 1	 1692	 6	 178	 268	 242	 680	 1123	 3	 0	 0	 0	 0	 0	 0	 0	 0	 0	 0	 0	 0	 0	 0	 0	
2069	 907	 109	 542	 72	 355	 77	 37	 716	 9	 1	 42	 26	 59	 10	 608	 1	 482	 7	 306	 952	 1	 509	 5	 3	 91	 5	 3	 98	 1	 80	 295	 1	 1357	 5	 3	 234	 1	 74	 509	 5	 27	 5	 3	 3	 261	 1349	 3	 3	 3	
13	 483	 718	 4	 32	 1115	 15	 83	 190	 7	 20	 83	 87	 7	 84	 83	 558	 4	 47	 6	 9	 4	 2785	 5	 3	 3	 33	 612	 5	 3	 3	 3	 5	 3	 3	 3	 5	 3	 3	 3	 3	 3	 5	 3	 3	 3	 3	 5	 3	 3	
40	 13	 471	 18	 6	 80	 154	 2347	 110	 380	 17	 1487	 1	 11	 9	 18	 13	 212	 36	 32	 570	 146	 6	 280	 49	 1	 7	 1140	 20	 18	 6	 2144	 28	 15	 17	 357	 18	 49	 36	 305	 7	 326	 8	 10	 6	 1019	 65	 18	 16	 32	
110	 10	 23	 9	 16	 32	 1142	 24	 256	 717	 5	 3	 446	 33	 44	 154	 25	 303	 1033	 142	 10	 14	 165	 5	 3	 3	 3	 3	 5	 3	 5	 3	 3	 5	 3	 3	 5	 3	 3	 5	 3	 3	 5	 3	 3	 5	 3	 452	 5	 3	
40	 8	 48	 265	 1	 430	 1	 1680	 11	 265	 43	 23	 33	 44	 11	 319	 6	 9	 228	 20	 39	 11	 212	 4	 17	 45	 76	 55	 1	 1441	 14	 55	 16	 21	 185	 10	 14	 35	 1	 11	 78	 48	 303	 703	 5	 3	 3	 102	 10	 53	
