312	 4	 32	 266	 4	 68	 23	 9	 1	 75	 90	 87	 9	 18	 112	 25	 206	 8	 5	 0	 0	 0	 0	 0	 0	 0	 0	 0	 0	 0	 0	 0	 0	 0	 0	 0	 0	 0	 0	 0	 0	 0	 0	 0	 0	 0	 0	 0	 0	 0	
17	 760	 1010	 1232	 150	 1	 243	 4	 1430	 1	 1	 7	 476	 1430	 1824	 1	 42	 26	 21	 1430	 1	 2962	 551	 1	 551	 2272	 1	 614	 7	 1	 1	 11	 1037	 5	 0	 0	 0	 0	 0	 0	 0	 0	 0	 0	 0	 0	 0	 0	 0	 0	
40	 212	 1	 23	 33	 44	 4316	 393	 9	 94	 195	 6	 50	 41	 5	 0	 0	 0	 0	 0	 0	 0	 0	 0	 0	 0	 0	 0	 0	 0	 0	 0	 0	 0	 0	 0	 0	 0	 0	 0	 0	 0	 0	 0	 0	 0	 0	 0	 0	 0	
71	 13	 20	 7	 131	 31	 9	 94	 38	 76	 10	 6	 54	 11	 21	 14	 872	 73	 586	 65	 1295	 7	 1180	 185	 63	 0	 0	 0	 0	 0	 0	 0	 0	 0	 0	 0	 0	 0	 0	 0	 0	 0	 0	 0	 0	 0	 0	 0	 0	 0	
12	 1058	 20	 10	 23	 41	 1638	 133	 8	 139	 4	 6	 156	 7	 20	 10	 23	 9	 24	 6	 74	 722	 5	 0	 0	 0	 0	 0	 0	 0	 0	 0	 0	 0	 0	 0	 0	 0	 0	 0	 0	 0	 0	 0	 0	 0	 0	 0	 0	 0	
71	 56	 13	 230	 7	 505	 12	 9	 0	 0	 0	 0	 0	 0	 0	 0	 0	 0	 0	 0	 0	 0	 0	 0	 0	 0	 0	 0	 0	 0	 0	 0	 0	 0	 0	 0	 0	 0	 0	 0	 0	 0	 0	 0	 0	 0	 0	 0	 0	 0	
224	 905	 1	 224	 905	 4358	 0	 0	 0	 0	 0	 0	 0	 0	 0	 0	 0	 0	 0	 0	 0	 0	 0	 0	 0	 0	 0	 0	 0	 0	 0	 0	 0	 0	 0	 0	 0	 0	 0	 0	 0	 0	 0	 0	 0	 0	 0	 0	 0	 0	
13	 16	 86	 89	 1	 386	 1	 11	 916	 1	 65	 1	 7	 30	 884	 21	 95	 466	 10	 234	 1	 7	 2261	 5	 0	 0	 0	 0	 0	 0	 0	 0	 0	 0	 0	 0	 0	 0	 0	 0	 0	 0	 0	 0	 0	 0	 0	 0	 0	 0	
9	 94	 7	 232	 24	 2147	 16	 32	 85	 24	 9	 2646	 82	 6	 475	 57	 55	 1	 19	 30	 96	 1	 11	 18	 28	 1	 26	 181	 4	 326	 21	 17	 627	 73	 6	 735	 5	 0	 0	 0	 0	 0	 0	 0	 0	 0	 0	 0	 0	 0	
40	 12	 81	 28	 61	 17	 284	 1	 13	 61	 16	 20	 12	 31	 9	 4	 47	 1612	 858	 9	 7	 4	 414	 69	 81	 13	 47	 4	 8	 5	 0	 0	 0	 0	 0	 0	 0	 0	 0	 0	 0	 0	 0	 0	 0	 0	 0	 0	 0	 0	
