1447	 6	 183	 1	 843	 5	 18	 551	 17	 634	 1028	 30	 209	 4	 70	 84	 239	 60	 143	 308	 212	 4	 17	 55	 11	 364	 1	 17	 173	 5	 3	 3	 3	 3	 3	 5	 3	 3	 3	 3	 3	 3	 3	 5	 3	 3	 5	 3	 3	 3	
72	 57	 372	 89	 1553	 20	 45	 66	 227	 3	 3	 227	 217	 222	 5	 3	 3	 3	 227	 3	 71	 653	 3	 69	 3	 227	 3	 3	 1	 13	 227	 3	 3	 1	 71	 372	 1	 227	 1	 1	 71	 5	 3	 3	 3	 3	 3	 3	 3	 3	
40	 8	 71	 200	 69	 1383	 10	 14	 117	 10	 21	 11	 71	 92	 7	 35	 69	 8	 315	 4	 85	 12	 31	 9	 5	 3	 3	 98	 1	 6	 59	 8	 1049	 1	 6	 74	 7	 234	 7	 6	 280	 416	 5	 3	 3	 3	 3	 135	 5	 3	
164	 25	 32	 2404	 4	 210	 70	 1135	 11	 409	 1093	 11	 30	 66	 145	 33	 52	 1	 64	 462	 2371	 1	 11	 1931	 700	 6	 35	 1	 1926	 62	 1998	 1180	 16	 32	 19	 34	 42	 416	 5	 3	 290	 289	 5	 3	 3	 3	 5	 3	 5	 3	
72	 2345	 198	 46	 7	 30	 274	 289	 3	 1525	 3	 3	 3	 3	 3	 3	 3	 123	 198	 71	 539	 46	 227	 69	 71	 50	 215	 7	 302	 177	 69	 22	 12	 114	 4	 51	 23	 9	 5	 3	 3	 3	 268	 3	 331	 50	 1046	 7	 1450	 177	
54	 8	 124	 42	 1113	 35	 1	 13	 184	 7	 152	 9	 43	 6	 114	 8	 61	 329	 22	 12	 50	 91	 4	 12	 114	 5	 3	 3	 35	 217	 22	 30	 424	 35	 26	 313	 26	 30	 49	 602	 4	 12	 91	 1	 433	 43	 12	 205	 11	 72	
19	 14	 3345	 123	 96	 42	 26	 4	 152	 12	 362	 29	 19	 127	 1	 362	 163	 318	 1	 777	 35	 1	 343	 1107	 1	 67	 8	 37	 701	 39	 82	 14	 758	 27	 5	 3	 3	 989	 39	 11	 5	 3	 3	 3	 3	 52	 52	 5	 3	 3	
372	 446	 17	 4226	 69	 1	 360	 1	 1322	 36	 32	 158	 4	 1062	 12	 89	 9	 11	 34	 9	 602	 4	 12	 311	 102	 1	 11	 12	 147	 163	 102	 5	 3	 3	 69	 102	 5	 3	 3	 3	 3	 3	 3	 721	 5	 3	 3	 3	 33	 44	
13	 21	 6	 9	 18	 13	 501	 22	 14	 685	 123	 862	 7	 1256	 7	 13	 21	 64	 4	 597	 62	 35	 5	 3	 3	 3	 3	 3	 452	 19	 6	 207	 10	 21	 1	 6	 767	 1147	 5	 3	 3	 408	 19	 6	 207	 10	 126	 7	 97	 96	
54	 8	 68	 62	 35	 1	 8	 16	 32	 687	 4	 47	 90	 88	 9	 29	 356	 1	 98	 1	 65	 59	 11	 234	 10	 796	 5	 3	 27	 3	 1102	 52	 841	 5	 3	 234	 7	 234	 5	 3	 3	 234	 27	 5	 3	 3	 3	 3	 5	 3	
54	 8	 107	 14	 55	 1	 12	 91	 28	 191	 4	 385	 46	 5	 3	 122	 29	 67	 91	 4	 2645	 27	 46	 18	 8	 143	 4	 903	 46	 5	 3	 3	 274	 50	 1046	 7	 1450	 177	 5	 3	 3	 50	 215	 5	 3	 3	 289	 50	 53	 5	
4	 550	 134	 78	 3	 4	 120	 83	 183	 3	 3	 1	 3	 7	 30	 1776	 183	 3	 253	 4	 6	 52	 60	 3	 3	 289	 7	 6	 33	 142	 10	 14	 78	 60	 3	 3	 3	 3	 1624	 52	 56	 1021	 10	 9	 1	 75	 31	 9	 1	 87	
38	 74	 4	 74	 1	 2882	 16	 437	 478	 11	 445	 342	 19	 214	 149	 7	 30	 720	 7	 205	 528	 24	 1714	 5	 3	 1450	 3	 495	 46	 5	 3	 3	 864	 22	 72	 119	 37	 86	 54	 8	 107	 6	 41	 5	 3	 234	 3	 5	 3	 1066	
14	 78	 16	 113	 1156	 478	 11	 30	 167	 67	 13	 57	 25	 339	 4	 153	 6	 1211	 1525	 5	 3	 35	 5	 3	 452	 59	 27	 5	 3	 790	 379	 29	 67	 58	 153	 17	 212	 4	 23	 55	 27	 5	 3	 3	 223	 5	 3	 3	 3	 3	
4360	 30	 649	 1	 13	 47	 175	 22	 77	 10	 6	 90	 88	 9	 10	 190	 106	 6	 213	 10	 233	 5	 3	 3	 3	 173	 56	 1388	 1388	 649	 10	 346	 658	 5	 3	 480	 2543	 1	 717	 5	 3	 5	 3	 3	 3	 3	 5	 3	 3	 3	
13	 21	 6	 9	 8	 116	 4	 32	 310	 6	 178	 347	 10	 63	 3	 115	 1	 1336	 11	 1	 252	 63	 71	 264	 138	 25	 4	 186	 8	 4	 89	 8	 1	 75	 1650	 12	 9	 60	 3	 126	 3	 3	 170	 5	 3	 3	 126	 3	 126	 5	
13	 16	 1275	 23	 33	 44	 38	 74	 4	 74	 1	 13	 36	 21	 14	 46	 4	 1426	 214	 11	 1020	 10	 137	 22	 14	 55	 11	 14	 77	 5	 3	 3	 3406	 211	 5	 3	 3	 3	 3	 3	 50	 2176	 5	 3	 3	 3	 33	 223	 3	 135	
6	 3958	 36	 2270	 3927	 23	 33	 44	 10	 6	 90	 88	 9	 11	 30	 45	 66	 4	 134	 427	 11	 26	 1429	 26	 655	 2497	 11	 300	 19	 103	 5	 3	 797	 5	 3	 33	 172	 5	 3	 5	 3	 4634	 947	 5	 3	 3	 3	 3300	 1012	 5	
490	 88	 9	 94	 26	 248	 10	 6	 202	 152	 18	 6	 41	 198	 17	 80	 102	 1	 17	 50	 341	 537	 9	 1	 15	 67	 8	 391	 70	 161	 59	 11	 91	 1	 67	 8	 341	 1	 28	 25	 477	 4	 6	 477	 118	 59	 5	 3	 3	 3	
23	 9	 28	 86	 4	 275	 80	 864	 7	 4	 124	 146	 80	 87	 1	 160	 881	 4	 47	 83	 202	 5	 3	 3	 479	 135	 7	 124	 21	 10	 14	 35	 5	 3	 3	 3	 1012	 3	 3480	 5	 3	 3	 234	 5	 3	 3	 3	 2360	 5	 3	
621	 39	 456	 82	 17	 3	 141	 55	 352	 48	 17	 1545	 4176	 33	 1023	 19	 6	 50	 7	 911	 10	 23	 44	 5	 3	 3	 142	 5	 3	 3	 3	 3	 5	 3	 3	 3	 3	 3	 3	 717	 5	 3	 3	 5	 3	 3	 5	 3	 3	 5	
79	 194	 197	 20	 130	 9	 13	 51	 5	 3	 3	 3	 29	 19	 125	 9	 197	 27	 7	 72	 13	 58	 21	 7	 132	 12	 31	 49	 5	 3	 75	 150	 9	 29	 575	 5	 27	 3	 406	 126	 1289	 5	 3	 234	 27	 5	 3	 3	 33	 44	
40	 8	 57	 2939	 4	 39	 15	 6	 271	 2991	 3	 1180	 1	 8	 58	 758	 29	 67	 398	 12	 136	 311	 102	 7	 1068	 3589	 1	 346	 648	 1	 2418	 311	 3490	 1	 509	 5	 27	 5	 3	 26	 259	 5	 3	 234	 5	 3	 3	 3	 5	 3	
6	 258	 16	 32	 915	 15	 14	 1744	 18	 465	 4	 1467	 10	 1126	 1146	 58	 521	 48	 4	 1985	 5	 3	 33	 84	 1	 71	 2357	 1399	 626	 24	 685	 11	 30	 2292	 78	 5	 3	 3	 84	 33	 44	 5	 3	 3	 33	 175	 5	 3	 611	 1012	
8	 16	 2352	 39	 4	 551	 8	 43	 23	 357	 5	 3	 1	 443	 12	 870	 7	 662	 2437	 5	 3	 3	 5	 3	 3	 126	 96	 3	 5	 3	 3	 126	 3	 59	 60	 1590	 35	 1	 6	 150	 52	 5	 3	 3	 122	 5	 3	 3	 3	 103	
40	 8	 89	 39	 4	 240	 19	 17	 147	 163	 1	 13	 36	 51	 7	 1171	 18	 65	 59	 19	 83	 299	 65	 59	 5	 3	 346	 35	 989	 64	 10	 70	 308	 81	 5	 3	 334	 19	 980	 5	 3	 52	 4262	 173	 7	 2528	 1624	 955	 5	 3	
175	 4	 360	 988	 3	 121	 3	 3	 1053	 3	 7	 29	 806	 27	 17	 360	 50	 91	 1415	 17	 545	 4	 17	 2575	 4	 6	 911	 10	 17	 50	 997	 5	 3	 3	 10	 3	 1	 6	 1148	 1007	 4325	 1012	 3	 28	 25	 15	 6	 393	 531	 665	
13	 36	 326	 8	 10	 6	 35	 18	 13	 37	 528	 24	 8	 5	 3	 3	 3	 3	 3	 1	 7	 34	 900	 5	 3	 3	 3	 5	 3	 3	 3	 185	 5	 3	 3	 3	 5	 3	 3	 3	 3	 5	 3	 3	 5	 3	 3	 5	 3	 3	
360	 33	 183	 63	 6	 9	 8	 437	 28	 595	 24	 23	 33	 223	 19	 199	 24	 2679	 15	 6	 168	 5	 3	 10	 52	 28	 243	 4	 6	 33	 408	 10	 6	 633	 813	 7	 6	 425	 33	 5	 3	 3	 3	 173	 5	 3	 3	 1023	 5	 3	
13	 16	 51	 31	 9	 38	 8	 82	 30	 35	 8	 758	 11	 108	 18	 13	 113	 8	 15	 14	 1961	 1	 11	 15	 67	 6	 1425	 10	 232	 4	 8	 5	 3	 3	 3	 2683	 241	 15	 12	 81	 5	 3	 3	 52	 3	 5	 3	 3	 3	 5	
6	 1703	 1541	 842	 6	 209	 4	 1220	 3018	 23	 175	 10	 111	 165	 20	 442	 4	 83	 1610	 7	 83	 301	 15	 245	 4	 2057	 193	 748	 894	 19	 266	 1453	 119	 1345	 73	 2543	 7	 1	 79	 711	 4	 83	 193	 4	 148	 2674	 17	 224	 5	 3	
13	 16	 1275	 23	 33	 44	 38	 74	 4	 74	 7	 13	 36	 225	 17	 175	 22	 14	 41	 1	 225	 214	 11	 510	 22	 14	 41	 5	 3	 33	 84	 103	 44	 7	 300	 103	 44	 218	 4	 12	 84	 205	 5	 3	 0	 0	 0	 0	 0	 0	
13	 740	 8	 10	 6	 1684	 10	 606	 6	 840	 10	 12	 31	 9	 7	 525	 9	 4	 32	 1385	 26	 436	 1385	 7	 384	 21	 10	 6	 35	 1	 7	 29	 19	 127	 1	 441	 7	 30	 441	 27	 5	 3	 3	 615	 84	 97	 5	 3	 429	 5	
2137	 16	 21	 2023	 10	 46	 1	 4	 273	 12	 255	 10	 14	 53	 7	 19	 14	 41	 3085	 939	 5	 3	 50	 135	 1026	 172	 1	 201	 14	 87	 1	 7	 157	 5	 3	 0	 0	 0	 0	 0	 0	 0	 0	 0	 0	 0	 0	 0	 0	 0	
2630	 1402	 410	 154	 858	 306	 81	 19	 14	 77	 38	 779	 780	 45	 66	 5	 3	 3	 19	 6	 207	 10	 14	 77	 5	 3	 3	 2329	 5	 3	 3	 3	 3	 5	 3	 60	 3	 3	 517	 5	 3	 7	 920	 5	 3	 3	 3	 3	 3	 3	
46	 57	 25	 391	 90	 88	 9	 29	 875	 22	 12	 91	 27	 54	 8	 107	 78	 11	 287	 390	 5	 3	 0	 0	 0	 0	 0	 0	 0	 0	 0	 0	 0	 0	 0	 0	 0	 0	 0	 0	 0	 0	 0	 0	 0	 0	 0	 0	 0	 0	
222	 37	 110	 797	 10	 4091	 15	 67	 13	 16	 51	 1	 21	 1	 326	 6	 178	 63	 63	 3	 1064	 241	 63	 6	 178	 172	 29	 40	 1847	 1	 560	 1	 180	 29	 802	 27	 7	 6	 2321	 392	 10	 300	 137	 197	 5	 3	 3	 5	 3	 3	
413	 37	 331	 1581	 19	 9	 1612	 5	 3	 3	 68	 3	 4355	 29	 27	 5	 27	 3	 3	 3	 33	 44	 223	 5	 3	 3	 1012	 3	 41	 3	 55	 29	 71	 71	 61	 5	 69	 27	 3	 3	 3	 5	 3	 3	 3	 3	 3	 3	 2263	 5	
17	 122	 28	 17	 2343	 10	 49	 18	 17	 55	 733	 22	 17	 455	 56	 107	 4	 6	 55	 5	 3	 3	 346	 29	 71	 1601	 69	 27	 5	 3	 3	 3	 3	 28	 109	 146	 5	 3	 3	 3	 3	 3	 3	 5	 3	 2329	 10	 6	 1425	 511	
701	 6	 50	 41	 3	 3	 3	 3	 3	 3	 3	 3	 446	 5	 3	 3	 1349	 566	 24	 8	 15	 6	 4	 232	 8	 5	 3	 3	 293	 5	 3	 3	 3	 3	 3	 3	 3	 5	 3	 3	 3	 3	 3	 3	 3	 3	 3	 691	 3	 3	
62	 99	 16	 21	 9	 29	 25	 75	 12	 98	 1	 59	 1	 65	 59	 1	 11	 288	 102	 27	 43	 12	 395	 4	 23	 7	 30	 50	 53	 15	 101	 4	 47	 157	 43	 663	 7	 35	 10	 232	 4	 8	 5	 3	 3	 3	 3	 103	 1581	 3	
1713	 10	 3088	 1	 3	 1966	 940	 3	 1	 3	 2343	 3	 1040	 4447	 3	 1289	 56	 33	 3	 3	 3	 198	 63	 3	 1548	 177	 63	 3	 256	 11	 263	 1818	 3	 1046	 7	 1450	 289	 5	 3	 3	 3	 3	 3	 3	 3	 3	 3	 5	 3	 3	
452	 234	 63	 2740	 2952	 1	 734	 3	 3	 28	 4	 1535	 1251	 4	 4589	 56	 1289	 10	 393	 531	 1	 2759	 15	 534	 20	 6	 498	 498	 721	 10	 526	 10	 31	 9	 15	 30	 569	 1064	 5	 3	 3	 173	 33	 1602	 5	 3	 3	 3	 5	 3	
38	 74	 4	 74	 1	 3187	 16	 239	 111	 1558	 666	 29	 399	 27	 243	 4	 6	 332	 145	 11	 33	 151	 1	 6	 332	 10	 6	 332	 10	 1049	 84	 5	 3	 3	 3	 173	 56	 84	 52	 5	 3	 3	 168	 5	 3	 3	 3	 5	 3	 1180	
64	 28	 306	 4	 8	 260	 4	 152	 7	 210	 1092	 10	 95	 149	 10	 6	 52	 11	 149	 10	 14	 35	 11	 82	 14	 35	 11	 6	 78	 10	 6	 78	 8	 48	 500	 1	 26	 313	 26	 353	 455	 488	 9	 1	 4	 275	 260	 134	 659	 37	
6	 9	 367	 68	 36	 32	 86	 2384	 109	 19	 8	 60	 3	 1	 2061	 826	 126	 1059	 1	 1110	 7	 299	 219	 60	 615	 50	 126	 167	 7	 882	 83	 92	 7	 35	 60	 7	 615	 299	 618	 5	 3	 3	 126	 60	 3	 126	 476	 5	 29	 123	
2574	 1	 13	 16	 21	 141	 97	 144	 4	 21	 42	 46	 4	 642	 39	 15	 1772	 6	 255	 10	 14	 50	 41	 1	 67	 194	 49	 38	 14	 55	 29	 6	 878	 135	 87	 27	 5	 3	 3	 3	 3	 3	 3	 135	 5	 3	 3	 135	 3	 135	
187	 4	 2738	 3	 15	 245	 4	 6	 87	 7	 1337	 146	 82	 6	 212	 36	 808	 168	 24	 6	 564	 128	 1428	 5	 3	 5	 3	 279	 3	 103	 645	 191	 650	 24	 6	 286	 5	 3	 3	 568	 5	 3	 3	 5	 3	 3	 3	 3	 1480	 5	
424	 1722	 37	 63	 3	 3	 1	 982	 446	 1034	 3834	 1	 691	 3	 5	 3	 3	 3	 3	 3	 2079	 446	 721	 3	 1369	 173	 29	 71	 72	 1369	 69	 27	 3	 3	 3	 1	 69	 29	 71	 13	 69	 7	 71	 13	 69	 1	 71	 69	 1	 71	
1	 967	 27	 45	 66	 11	 30	 53	 60	 11	 3	 3779	 28	 502	 15	 6	 1975	 4	 21	 10	 83	 216	 46	 5	 3	 3	 692	 103	 5	 3	 3	 1012	 3	 7	 3	 3	 3	 33	 44	 5	 3	 3	 3	 3	 1012	 5	 3	 3	 3	 5	
12	 922	 20	 62	 149	 37	 613	 24	 6	 33	 44	 10	 6	 173	 236	 64	 5	 3	 3	 36	 1016	 93	 10	 6	 182	 22	 62	 35	 7	 93	 10	 111	 55	 2849	 5	 3	 3	 2674	 1105	 5	 3	 3	 697	 1012	 3	 3	 5	 3	 3	 3	
3	 1	 717	 5	 3	 3	 3	 3	 3	 3	 3	 3	 3	 3	 3	 3	 1	 3	 3	 5	 3	 3	 3	 3	 279	 2865	 5	 3	 1068	 5	 3	 3	 5	 3	 3	 227	 3	 3	 3	 3	 41	 3	 29	 498	 27	 5	 3	 1353	 3	 1034	
19	 9	 43	 89	 9	 42	 26	 71	 246	 1	 69	 533	 392	 69	 278	 60	 6	 9	 146	 22	 6	 41	 1	 42	 26	 1558	 259	 22	 6	 55	 11	 110	 1558	 1	 41	 510	 1	 103	 1	 4037	 1	 11	 30	 2041	 169	 3	 1914	 22	 93	 42	
4745	 11	 752	 19	 18	 366	 11	 28	 191	 24	 6	 173	 56	 364	 22	 67	 8	 58	 68	 185	 11	 125	 182	 230	 22	 14	 50	 53	 5	 3	 3	 3	 3	 3	 3	 3	 185	 10	 14	 84	 2112	 5	 3	 3	 3	 3	 5	 3	 3	 3	
13	 16	 184	 23	 289	 1	 42	 26	 1	 140	 16	 32	 86	 15	 6	 519	 204	 278	 1	 4	 275	 12	 654	 7	 47	 654	 172	 19	 1680	 1	 65	 322	 5	 3	 3	 3	 3	 135	 5	 3	 3	 135	 5	 3	 3	 135	 3	 5	 3	 3	
6	 33	 151	 10	 134	 78	 16	 1326	 1489	 220	 6	 1153	 10	 202	 5	 3	 22	 33	 44	 3	 3	 5	 3	 3	 5	 3	 3	 3	 33	 44	 5	 1007	 1012	 3	 3	 1012	 3	 3	 1012	 55	 5	 3	 3	 33	 44	 5	 3	 3	 3	 1012	
99	 18	 47	 35	 11	 35	 13	 51	 38	 8	 82	 14	 92	 7	 35	 29	 200	 147	 163	 1	 11	 1974	 1107	 27	 5	 3	 3	 3	 3	 52	 27	 5	 3	 3	 2080	 3	 3	 3	 5	 3	 3	 3	 3	 3	 3	 3	 3	 3	 3	 3	
19	 127	 1	 13	 16	 212	 42	 9	 316	 32	 158	 106	 95	 1089	 10	 6	 117	 10	 21	 27	 11	 1063	 4	 39	 73	 34	 74	 5	 3	 3	 3	 33	 44	 5	 3	 1026	 33	 223	 5	 3	 135	 5	 3	 3	 3300	 5	 3	 223	 3170	 5	
13	 36	 326	 8	 10	 34	 416	 137	 29	 98	 1	 65	 59	 1	 6	 257	 8	 47	 1	 6	 234	 7	 74	 8	 68	 14	 55	 27	 5	 3	 33	 44	 116	 278	 11	 54	 8	 225	 34	 261	 11	 263	 508	 4	 6	 234	 8	 21	 6	 263	
1800	 1247	 582	 198	 46	 19	 355	 424	 78	 1	 7	 54	 8	 458	 306	 4	 34	 524	 1	 14	 165	 58	 21	 122	 49	 4	 47	 8	 20	 801	 9	 5	 3	 3	 419	 105	 8	 728	 7	 339	 4	 458	 306	 19	 17	 366	 1035	 5	 3	 3	
1313	 2907	 1395	 20	 1547	 1146	 56	 71	 1060	 69	 7	 217	 1449	 49	 15	 229	 20	 6	 1523	 52	 5	 3	 3	 3	 3	 29	 140	 6	 721	 56	 1230	 165	 145	 27	 1	 527	 653	 7	 527	 392	 250	 7	 579	 250	 105	 705	 26	 119	 415	 15	
19	 265	 43	 14	 33	 142	 1	 79	 89	 14	 863	 10	 777	 63	 3	 3	 1	 3	 70	 1201	 1	 1800	 788	 169	 5	 3	 3	 3	 3	 3	 3	 3	 3	 3	 3	 3	 2466	 1769	 63	 3	 3	 946	 3	 3	 2953	 1	 7	 5	 3	 3	
40	 8	 3757	 73	 14	 41	 18	 782	 17	 334	 11	 108	 166	 17	 527	 212	 11	 108	 17	 1405	 1	 410	 18	 13	 65	 8	 6	 1285	 29	 399	 27	 1	 65	 59	 1	 998	 214	 11	 917	 15	 12	 1225	 74	 5	 3	 3	 3	 346	 3	 3	
105	 8	 58	 210	 1092	 10	 6	 386	 1697	 8	 283	 6	 662	 3018	 15	 93	 10	 6	 53	 8	 953	 1412	 5	 3	 3	 1	 283	 93	 5	 3	 230	 2500	 1066	 227	 5	 3	 29	 565	 27	 444	 5	 3	 929	 5	 3	 5	 3	 3	 126	 5	
196	 61	 21	 292	 9	 15	 6	 178	 519	 63	 3	 46	 1	 329	 46	 1	 420	 177	 67	 16	 153	 12	 91	 172	 29	 6	 71	 46	 69	 27	 5	 3	 234	 10	 12	 172	 7	 12	 261	 172	 5	 3	 234	 10	 74	 7	 12	 234	 5	 3	
173	 112	 25	 1171	 161	 250	 20	 31	 49	 1	 1820	 1	 11	 256	 81	 230	 42	 26	 964	 11	 3531	 5	 3	 3	 268	 3	 74	 60	 11	 3	 767	 5	 3	 1012	 3	 3	 55	 3	 3	 5	 3	 3	 3	 3	 3	 122	 3	 28	 197	 5	
29	 27	 19	 8	 24	 100	 14	 78	 1	 75	 1	 7	 136	 2530	 53	 5	 3	 3	 3	 3	 3	 29	 27	 5	 3	 1012	 3	 289	 26	 350	 275	 41	 255	 5	 3	 3	 289	 1654	 324	 6	 178	 97	 172	 60	 7	 3	 29	 806	 27	 78	
19	 434	 293	 22	 136	 311	 572	 11	 147	 980	 568	 4	 264	 15	 1091	 24	 17	 754	 980	 332	 24	 2681	 1	 15	 6	 179	 103	 3199	 19	 237	 1137	 11	 5	 3	 3	 3	 4939	 3	 5	 3	 3	 5	 3	 3	 1100	 5	 3	 3	 3	 5	
13	 48	 1366	 1161	 374	 103	 427	 15	 329	 4	 314	 18	 93	 9	 585	 4	 39	 84	 5	 3	 5	 3	 0	 0	 0	 0	 0	 0	 0	 0	 0	 0	 0	 0	 0	 0	 0	 0	 0	 0	 0	 0	 0	 0	 0	 0	 0	 0	 0	 0	
136	 7	 63	 3	 3	 1629	 775	 3	 230	 73	 6	 911	 10	 2429	 2729	 1	 140	 54	 17	 80	 28	 70	 300	 122	 289	 28	 86	 4	 273	 5	 3	 3632	 10	 77	 1386	 194	 156	 10	 232	 5	 3	 982	 662	 697	 697	 5	 3	 234	 5	 3	
14	 78	 57	 25	 238	 51	 12	 31	 293	 166	 12	 81	 73	 34	 74	 5	 3	 3	 147	 81	 9	 1	 7	 13	 36	 57	 105	 73	 6	 514	 32	 17	 426	 1219	 52	 24	 178	 101	 645	 5	 3	 3	 568	 5	 3	 3	 683	 5	 3	 3	
176	 1	 13	 483	 8	 4	 224	 6	 33	 44	 10	 34	 41	 8	 107	 5	 3	 33	 44	 7	 41	 56	 33	 151	 333	 100	 25	 898	 6	 9	 5	 3	 3	 3	 242	 41	 5	 3	 3	 3	 3	 3	 3710	 5	 3	 3	 3	 515	 3	 41	
119	 37	 158	 4	 382	 6	 644	 10	 6	 9	 18	 8	 48	 621	 39	 105	 8	 58	 21	 12	 9	 15	 317	 20	 23	 33	 44	 7	 93	 298	 67	 37	 15	 6	 178	 916	 63	 3	 1799	 36	 32	 191	 4	 32	 1085	 38	 93	 1031	 3	 1614	
13	 57	 25	 2066	 7	 690	 1146	 29	 23	 27	 36	 1447	 6	 1854	 785	 19	 6	 55	 1724	 5	 3	 33	 166	 6	 357	 130	 9	 57	 13	 51	 7	 130	 13	 57	 51	 7	 338	 12	 31	 9	 5	 3	 3	 3	 289	 5	 3	 3	 3	 5	
1059	 281	 164	 47	 6	 89	 9	 7	 52	 1508	 24	 716	 6	 31	 29	 237	 1	 17	 212	 4	 1547	 1146	 27	 6	 9	 1168	 20	 83	 753	 11	 250	 5	 3	 658	 145	 753	 1	 250	 7	 83	 98	 5	 3	 234	 3	 5	 3	 234	 22	 74	
