21	 10	 110	 10	 6	 87	 10	 12	 1920	 21	 11	 21	 10	 14	 78	 60	 3	 3	 3	 3172	 3	 74	 28	 6	 71	 1687	 775	 69	 259	 10	 6	 55	 7	 6	 135	 5	 3	 1012	 3	 3	 3	 3	 3	 3	 3	 111	 266	 5	 3	 3	
176	 1	 148	 266	 58	 32	 1148	 1033	 235	 5	 3	 10	 185	 5	 3	 169	 10	 1648	 5	 3	 5	 3	 5	 3	 1648	 5	 3	 5	 3	 3	 279	 3	 4373	 568	 10	 28	 412	 20	 12	 129	 5	 3	 3	 2240	 19	 17	 1317	 1	 2837	 290	
24	 100	 14	 55	 1	 178	 48	 46	 1521	 4	 191	 7	 283	 156	 15	 457	 256	 5	 3	 433	 5	 3	 135	 135	 5	 3	 3	 5	 3	 135	 5	 3	 135	 5	 3	 3	 135	 5	 3	 106	 5	 3	 3	 5	 3	 5	 3	 3	 5	 3	
616	 478	 1	 323	 1	 1	 445	 11	 342	 36	 32	 228	 20	 45	 66	 5	 3	 3	 15	 229	 20	 111	 216	 2020	 486	 1	 418	 1	 478	 1	 7	 30	 342	 5	 3	 3	 1533	 5	 3	 3	 3	 5	 3	 5	 3	 3	 173	 5	 3	 3	
12	 31	 9	 16	 32	 116	 4	 39	 19	 1557	 11	 1194	 97	 116	 24	 39	 7	 83	 1095	 35	 5	 3	 3	 3	 3	 3	 1034	 1250	 10	 169	 5	 3	 3	 3	 3	 3	 41	 11	 1034	 55	 185	 5	 3	 3	 3	 3	 379	 28	 86	 4	
45	 76	 165	 396	 61	 21	 83	 216	 46	 4	 186	 8	 4	 191	 306	 9	 94	 1	 11	 148	 125	 188	 324	 156	 1	 79	 107	 6	 192	 53	 73	 6	 178	 33	 151	 63	 222	 5	 3	 1556	 5	 3	 1040	 33	 44	 5	 3	 3	 3	 1012	
4036	 1	 73	 3	 931	 1	 13	 269	 4	 325	 20	 6	 282	 7	 10	 10	 42	 9	 5	 3	 3	 320	 14	 560	 139	 58	 85	 5	 3	 3	 295	 3	 5	 3	 3	 3	 3	 5	 3	 3	 5	 3	 234	 3	 5	 3	 3	 691	 33	 44	
23	 44	 1179	 72	 12	 31	 9	 28	 94	 38	 398	 241	 18	 37	 485	 4	 77	 1	 7	 130	 9	 119	 926	 119	 16	 32	 86	 24	 23	 33	 44	 73	 14	 84	 33	 44	 5	 3	 142	 19	 14	 476	 142	 5	 3	 135	 5	 3	 3	 4781	
13	 61	 158	 4	 239	 8	 84	 35	 18	 37	 254	 84	 35	 7	 19	 8	 1609	 10	 12	 1286	 1498	 29	 399	 27	 17	 1096	 54	 8	 180	 12	 1258	 5	 3	 3	 1230	 5	 3	 3	 3	 5	 3	 3	 5	 3	 3	 3	 5	 3	 3	 5	
121	 13	 85	 20	 8	 20	 406	 525	 81	 137	 5	 3	 3	 3	 3	 3	 3	 3	 3	 3	 3	 3	 3	 3	 173	 3	 3	 3	 3	 3	 3	 3	 3	 3	 691	 3	 3	 3	 3	 1064	 3	 691	 3	 3	 3	 3	 3	 3	 3	 3	
119	 186	 39	 4	 1240	 12	 1015	 105	 18	 13	 58	 2356	 414	 12	 1925	 7	 1325	 12	 189	 1573	 38	 12	 409	 7	 295	 15	 6	 405	 5	 3	 3	 3	 3	 3	 3	 5	 3	 3	 3	 3	 3	 3	 3	 3	 3	 3	 3	 3	 5	 3	
12	 234	 10	 796	 5	 3	 3	 3	 3	 3	 3	 3	 33	 408	 3	 3	 27	 3	 3	 3	 3	 3	 3	 198	 4	 47	 8	 6	 558	 4	 443	 14	 524	 56	 297	 9	 5	 3	 3	 0	 0	 0	 0	 0	 0	 0	 0	 0	 0	 0	
62	 149	 16	 414	 157	 924	 22	 6	 52	 11	 57	 25	 48	 4	 32	 267	 4	 51	 605	 22	 14	 55	 5	 3	 3	 1012	 50	 211	 19	 14	 77	 5	 3	 3	 142	 5	 3	 3	 3	 3	 3	 3	 3	 3300	 3	 5	 3	 3	 3	 3	
13	 2942	 12	 209	 4	 378	 6	 1456	 10	 31	 9	 18	 13	 501	 38	 8	 11	 208	 5	 3	 3	 33	 346	 3	 5	 3	 3	 0	 0	 0	 0	 0	 0	 0	 0	 0	 0	 0	 0	 0	 0	 0	 0	 0	 0	 0	 0	 0	 0	 0	
13	 36	 326	 8	 10	 137	 15	 6	 330	 10	 17	 962	 10	 103	 5	 3	 128	 33	 44	 358	 38	 74	 4	 74	 160	 175	 26	 17	 638	 10	 6	 452	 234	 10	 23	 223	 5	 3	 3	 3	 3	 3	 5	 3	 3	 3	 721	 5	 3	 3	
29	 611	 27	 490	 88	 9	 5	 3	 3	 207	 10	 21	 11	 199	 10	 31	 9	 18	 28	 94	 279	 54	 8	 21	 14	 92	 11	 35	 1	 113	 6	 108	 4	 39	 54	 8	 240	 54	 8	 793	 1	 240	 1	 793	 1	 11	 21	 14	 35	 5	
38	 74	 4	 74	 13	 16	 113	 8	 241	 7	 599	 18	 16	 32	 10	 232	 4	 8	 5	 3	 3	 3	 414	 10	 8	 1	 241	 1	 214	 92	 7	 35	 1	 866	 214	 720	 1	 7	 184	 720	 5	 3	 3	 1496	 10	 381	 92	 7	 35	 5	
122	 446	 630	 604	 86	 15	 1536	 15	 145	 22	 847	 3	 3	 3	 3	 3	 3	 3	 3	 3	 118	 91	 5	 3	 3	 74	 3	 55	 28	 1439	 220	 17	 350	 74	 5	 3	 3	 3	 919	 515	 3	 667	 5	 3	 3	 135	 5	 3	 3	 135	
433	 125	 43	 46	 7	 12	 172	 222	 63	 3	 518	 97	 7	 133	 64	 4	 32	 518	 4	 12	 84	 205	 24	 403	 12	 189	 135	 29	 6	 662	 1676	 259	 10	 6	 41	 27	 5	 3	 3	 3	 3	 135	 5	 3	 3	 1012	 3	 3	 55	 5	
20	 1042	 46	 63	 3	 33	 379	 3	 673	 1	 91	 37	 231	 22	 17	 114	 125	 1331	 5	 3	 3	 499	 541	 3	 5	 3	 3	 3	 5	 3	 3	 3	 50	 135	 5	 3	 135	 3	 5	 3	 3	 946	 50	 135	 5	 3	 135	 3	 28	 5	
16	 983	 6	 364	 11	 364	 619	 86	 4	 664	 1	 1553	 682	 652	 2165	 38	 45	 76	 46	 1	 42	 26	 46	 1	 7	 4	 152	 6	 2326	 10	 256	 397	 593	 7	 78	 1280	 5	 3	 3	 1923	 19	 6	 80	 5	 3	 3	 19	 125	 293	 5	
8	 16	 61	 1458	 17	 877	 19	 67	 12	 1342	 1543	 1069	 19	 1624	 1624	 678	 1	 26	 313	 26	 6	 10	 12	 320	 5	 3	 3	 2240	 2132	 695	 10	 1294	 5	 3	 3	 3	 1185	 5	 3	 3	 3	 721	 3	 1602	 5	 3	 3	 5	 3	 5	
24	 100	 6	 52	 1	 8	 37	 1727	 4	 14	 33	 142	 15	 6	 719	 10	 14	 55	 5	 3	 234	 8	 217	 22	 3	 122	 289	 60	 3	 46	 16	 273	 67	 8	 703	 5	 3	 3	 3	 3	 3	 3	 3	 3	 3	 3	 3	 3	 3	 3	
3	 22	 17	 179	 169	 145	 77	 58	 194	 1151	 518	 157	 7	 30	 52	 144	 145	 7	 126	 1813	 7	 124	 302	 9	 4	 141	 196	 7	 208	 5	 3	 3	 2787	 5	 3	 3	 3	 3	 3	 3	 3	 822	 5	 3	 3	 3	 3	 3	 841	 5	
8	 58	 887	 6	 21	 10	 46	 24	 855	 6	 230	 10	 12	 118	 91	 5	 3	 3	 5	 3	 3	 176	 5	 3	 3	 5	 3	 3	 5	 3	 3	 3	 3	 114	 5	 3	 3	 3	 3	 3	 3	 3	 3	 5	 3	 3	 3	 3	 3	 3	
13	 11	 14	 694	 1	 52	 144	 1	 11	 592	 236	 35	 20	 39	 1	 741	 15	 229	 20	 342	 11	 418	 761	 7	 150	 761	 7	 30	 990	 92	 128	 35	 528	 22	 14	 41	 5	 3	 3	 3	 3	 564	 3	 5	 3	 3	 3300	 3	 3	 3	
279	 244	 228	 24	 1423	 12	 147	 163	 81	 5	 3	 3	 3	 3	 3	 5	 3	 3	 1369	 60	 3	 3	 3	 3	 60	 3	 3	 3	 3	 3	 5	 3	 3	 3	 3	 3	 934	 5	 3	 3	 3	 3	 3	 3	 5	 3	 3	 3	 3	 3	
62	 177	 16	 32	 992	 24	 39	 15	 14	 136	 203	 11	 24	 12	 2464	 128	 136	 129	 11	 22	 14	 136	 263	 29	 11	 136	 27	 1	 136	 129	 11	 136	 129	 5	 3	 3	 52	 122	 289	 3	 27	 3	 780	 5	 3	 3	 3	 3	 775	 5	
89	 293	 42	 26	 234	 11	 673	 1	 103	 2266	 1	 7	 1590	 60	 7	 30	 9	 5	 3	 3	 3	 3	 3	 3	 3	 1533	 60	 7	 60	 3	 3	 3	 801	 443	 7	 41	 205	 5	 3	 3	 3	 3	 3	 3	 3	 3	 3	 3	 3	 346	
13	 57	 52	 237	 74	 8	 415	 17	 582	 3382	 9	 4	 32	 3224	 24	 669	 377	 5	 3	 377	 9	 3	 91	 86	 11	 231	 73	 6	 55	 5	 3	 3	 3	 152	 28	 73	 6	 946	 10	 5	 3	 3	 3	 3	 135	 3	 135	 3	 5	 3	
110	 53	 7	 35	 16	 61	 482	 284	 9	 43	 12	 107	 4	 14	 53	 1	 7	 4	 141	 97	 177	 29	 200	 12	 193	 320	 27	 5	 3	 3	 289	 289	 5	 3	 801	 320	 19	 227	 16	 32	 518	 304	 97	 38	 42	 97	 27	 5	 3	 135	
689	 1	 2459	 10	 6	 9	 1242	 402	 38	 11	 43	 8	 15	 6	 118	 11	 114	 36	 32	 243	 4	 30	 118	 77	 5	 3	 33	 1480	 5	 3	 3	 3	 1007	 1012	 3	 33	 183	 3	 1321	 5	 3	 3	 3	 3	 3	 3	 3	 3	 3	 3	
6	 3271	 56	 2203	 304	 15	 1968	 785	 19	 89	 9	 116	 106	 6	 3573	 3605	 3	 3	 3	 3220	 1508	 2698	 4	 308	 581	 28	 1166	 4	 93	 10	 6	 1047	 281	 5	 3	 3	 5	 3	 3	 3	 3	 3	 1034	 259	 10	 23	 33	 44	 5	 3	
13	 36	 326	 8	 10	 34	 1625	 137	 24	 423	 6	 1020	 10	 137	 15	 14	 131	 44	 791	 508	 4	 423	 6	 1532	 33	 44	 22	 6	 41	 5	 3	 1814	 2132	 214	 188	 5	 3	 3	 3	 1012	 3	 1814	 5	 3	 3	 5	 3	 3	 3	 5	
2695	 431	 53	 57	 13	 51	 7	 21	 63	 3	 3	 46	 5	 3	 3	 102	 3	 683	 5	 3	 3	 3	 3	 3	 50	 41	 5	 3	 3	 33	 44	 3	 5	 3	 3	 3	 3	 3	 50	 41	 3	 568	 5	 3	 3	 71	 69	 1378	 71	 133	
15	 30	 1354	 1	 13	 16	 607	 23	 223	 73	 34	 74	 24	 134	 137	 5	 3	 33	 175	 5	 3	 346	 543	 5	 3	 44	 543	 5	 3	 3	 3	 44	 5	 3	 3	 3	 5	 3	 3	 5	 3	 3	 3	 33	 44	 15	 6	 5	 3	 3	
3075	 7	 4782	 9	 42	 26	 74	 65	 59	 1	 234	 7	 790	 379	 1	 172	 1	 172	 1	 1	 87	 1	 155	 1	 7	 30	 172	 15	 67	 8	 1587	 376	 404	 441	 42	 26	 16	 32	 2347	 6	 544	 4	 47	 87	 26	 313	 26	 6	 9	 204	
13	 16	 61	 132	 12	 9	 4	 45	 66	 15	 245	 4	 63	 3	 56	 525	 29	 3024	 27	 5	 3	 2010	 56	 55	 784	 3367	 18	 8	 47	 82	 12	 147	 163	 5	 3	 173	 1	 721	 10	 55	 5	 3	 3	 173	 5	 3	 3	 173	 5	 3	
742	 375	 338	 12	 31	 9	 1000	 7	 2279	 5	 3	 3	 1	 1478	 24	 8	 5	 3	 3	 3	 29	 594	 27	 63	 3	 29	 802	 27	 7	 6	 393	 531	 33	 665	 5	 3	 3	 5	 3	 3	 1012	 3	 3	 5	 3	 3	 3	 5	 3	 3	
273	 2606	 87	 7	 137	 4	 6	 115	 60	 3	 3	 11	 1472	 358	 352	 32	 3189	 15	 1479	 4	 1529	 895	 5	 3	 3	 3	 3	 10	 6	 1034	 1464	 1289	 1124	 4	 6	 665	 10	 2347	 5	 3	 3	 3	 3	 33	 5	 3	 3	 5	 3	 0	
862	 37	 1008	 38	 100	 34	 9	 2555	 6	 388	 11	 1493	 408	 2555	 2555	 10	 11	 310	 6	 271	 298	 19	 355	 830	 4	 401	 83	 216	 78	 5	 3	 135	 3	 33	 223	 5	 3	 1084	 2940	 5	 3	 3	 1478	 45	 76	 173	 1293	 5	 3	 3	
13	 21	 23	 9	 4	 47	 8	 20	 350	 7	 125	 801	 35	 75	 4	 394	 6	 207	 10	 1214	 14	 35	 5	 3	 3	 3	 3	 3	 27	 5	 3	 3	 3	 3	 3	 3	 3	 3	 3	 3	 2034	 27	 5	 3	 3	 3	 3	 3	 3	 3	
13	 16	 712	 9	 20	 30	 99	 7	 712	 18	 9	 20	 30	 49	 43	 8	 1	 75	 12	 31	 9	 1	 18	 1050	 9	 43	 12	 255	 20	 6	 35	 22	 6	 561	 5	 3	 3	 3	 122	 27	 5	 3	 3	 2329	 10	 6	 498	 754	 35	 387	
8	 58	 89	 39	 20	 265	 11	 1420	 9	 67	 13	 36	 382	 43	 8	 5	 3	 3	 289	 103	 15	 245	 4	 799	 12	 183	 106	 14	 503	 142	 73	 5	 3	 3	 3	 3	 259	 71	 452	 5	 3	 69	 197	 5	 3	 3	 3	 3	 1708	 5	
13	 61	 21	 12	 31	 9	 19	 685	 2509	 1	 795	 445	 7	 778	 476	 7	 680	 1	 11	 18	 48	 148	 329	 5	 3	 3	 3	 3	 3	 3	 5	 3	 5	 3	 3	 3	 5	 3	 3	 1	 7	 611	 5	 3	 3	 3	 5	 3	 5	 3	
12	 114	 7	 608	 172	 2944	 24	 65	 5	 3	 98	 10	 742	 874	 71	 373	 12	 383	 2140	 69	 4	 8	 1	 140	 36	 32	 412	 20	 6	 3091	 93	 714	 18	 8	 143	 4	 113	 12	 65	 81	 4	 18	 45	 76	 29	 40	 8	 61	 143	 4	
1812	 13	 85	 12	 31	 9	 15	 545	 4	 17	 150	 52	 1508	 11	 472	 543	 20	 6	 1024	 830	 197	 5	 3	 3	 1100	 268	 33	 863	 7	 12	 183	 8	 16	 32	 687	 5	 3	 3	 3	 223	 5	 3	 3	 3	 33	 44	 5	 3	 3	 5	
1007	 2611	 1012	 514	 154	 419	 9	 22	 14	 55	 5	 3	 3	 3	 33	 44	 7	 1302	 1293	 5	 3	 3	 3	 5	 3	 3	 3	 3	 431	 53	 5	 3	 3	 3	 3	 3	 3	 2263	 5	 3	 3	 3	 3	 3	 3	 3	 3	 3	 3	 5	
974	 251	 10	 31	 49	 3	 5	 3	 3	 3	 3	 3	 3	 3	 3	 198	 84	 33	 3	 1602	 3	 3	 1234	 3	 135	 3	 5	 3	 72	 3551	 28	 575	 1614	 5	 3	 3	 3	 5	 3	 3	 3	 3	 56	 1753	 271	 298	 5	 3	 3	 3	
276	 8	 551	 39	 25	 4	 11	 13	 16	 89	 8	 309	 1	 13	 36	 247	 8	 19	 65	 250	 42	 26	 89	 9	 11	 1204	 5	 3	 753	 412	 20	 30	 884	 5	 3	 5	 3	 1	 931	 59	 1	 311	 102	 1	 7	 873	 59	 5	 3	 669	
9	 43	 12	 205	 84	 7	 878	 3	 205	 1	 42	 26	 6	 572	 7	 1660	 10	 174	 4	 6	 41	 5	 3	 234	 60	 284	 536	 7	 407	 9	 3	 102	 60	 3	 1349	 3	 102	 7	 102	 3	 102	 28	 86	 3	 4	 273	 77	 145	 2299	 5	
4966	 637	 149	 7	 35	 1	 75	 1557	 35	 1	 42	 26	 1470	 70	 101	 22	 6	 55	 11	 54	 8	 107	 14	 41	 11	 524	 834	 21	 17	 141	 52	 11	 263	 1	 11	 3	 141	 55	 5	 3	 3	 3	 3	 3	 3	 3	 289	 5	 3	 3	
13	 21	 12	 9	 19	 451	 323	 7	 30	 9	 8	 143	 4	 225	 4	 62	 219	 7	 72	 14	 53	 37	 86	 5	 3	 3	 678	 19	 2360	 1	 14	 35	 5	 3	 3	 3	 3	 2360	 632	 5	 3	 3	 3	 3	 3	 3	 50	 41	 5	 3	
8	 16	 47	 139	 4	 6	 318	 23	 927	 43	 12	 362	 1222	 8	 340	 19	 1624	 7	 994	 15	 6	 623	 15	 101	 4	 239	 8	 1068	 92	 1	 486	 1	 11	 35	 5	 3	 3	 1219	 35	 745	 73	 62	 17	 146	 1799	 4	 8	 5	 3	 3	
8	 16	 61	 108	 773	 1809	 5	 3	 3	 10	 6	 234	 1680	 359	 15	 6	 55	 15	 12	 482	 10	 6	 1730	 81	 5	 3	 341	 15	 84	 635	 5	 3	 3	 2616	 5	 3	 3	 3	 3	 3	 5	 3	 3	 5	 3	 3	 3	 5	 3	 3	
7	 810	 538	 9	 43	 46	 5	 3	 3	 3	 122	 3	 3	 3	 3	 3	 3	 3	 3	 3	 3	 3	 3	 3	 3	 3	 3	 3	 1265	 135	 5	 3	 3	 1265	 2343	 10	 1185	 805	 5	 3	 3	 135	 3	 3	 3	 3	 41	 5	 3	 3	
8	 16	 61	 48	 68	 4	 355	 2392	 416	 84	 1	 225	 22	 87	 82	 72	 208	 51	 249	 65	 11	 348	 15	 17	 547	 11	 418	 1759	 1	 11	 30	 503	 369	 29	 42	 26	 6	 65	 59	 10	 6	 59	 197	 27	 5	 3	 3	 3	 2182	 3	
13	 47	 187	 1004	 53	 4	 67	 31	 9	 36	 521	 32	 228	 20	 30	 77	 10	 6	 41	 11	 312	 19	 349	 4	 6	 2789	 7	 6	 207	 10	 6	 656	 777	 5	 3	 3	 3	 5	 3	 495	 1	 291	 2513	 630	 1395	 1	 7	 6	 656	 7	
15	 30	 916	 1	 13	 16	 47	 70	 2898	 10	 4	 6	 9	 1709	 15	 23	 33	 223	 5	 3	 3	 33	 44	 5	 3	 3	 19	 576	 5	 3	 5	 3	 3	 3	 3	 691	 33	 44	 5	 3	 3	 3	 151	 5	 3	 3	 5	 3	 122	 5	
13	 186	 62	 99	 4	 1937	 7	 1862	 68	 4	 95	 1192	 10	 14	 55	 100	 14	 50	 397	 369	 5	 3	 3	 940	 33	 44	 7	 25	 14	 258	 5	 3	 3	 1307	 5	 3	 27	 452	 5	 3	 205	 7	 236	 9	 22	 14	 216	 78	 5	 3	
13	 16	 47	 187	 11	 87	 4	 14	 41	 15	 67	 8	 16	 32	 944	 5	 3	 5	 3	 3	 3	 33	 5	 3	 3	 3	 142	 5	 3	 3	 3	 3	 44	 5	 3	 3	 3	 3	 691	 33	 44	 5	 3	 3	 3	 5	 3	 3	 3	 3	
190	 56	 33	 3	 751	 192	 370	 1182	 5	 3	 3	 3	 1	 431	 3	 3	 29	 1499	 27	 837	 78	 1	 203	 7	 344	 50	 53	 37	 856	 24	 5	 3	 3	 3300	 595	 5	 3	 3	 3	 3	 3	 3	 3	 3	 3	 3	 5	 3	 3	 3	
13	 37	 25	 221	 19	 34	 1385	 1	 1287	 1	 11	 3213	 11	 251	 5	 3	 1281	 60	 3	 145	 3	 282	 145	 33	 5	 3	 0	 0	 0	 0	 0	 0	 0	 0	 0	 0	 0	 0	 0	 0	 0	 0	 0	 0	 0	 0	 0	 0	 0	 0	
33	 44	 10	 3497	 3	 1	 717	 5	 3	 3	 3	 3	 3	 3	 5	 3	 5	 3	 3	 84	 52	 1180	 5	 3	 3	 10	 3	 3	 3	 3	 263	 3	 3	 1380	 1	 185	 10	 111	 1753	 10	 2423	 5	 3	 3	 3	 3	 3	 3	 5	 3	
13	 36	 216	 1	 7	 1782	 12	 108	 202	 5	 3	 3	 2329	 125	 60	 3	 3	 331	 1284	 2980	 775	 21	 19	 80	 340	 601	 126	 1813	 5	 3	 3	 3	 3	 3	 3	 3	 3	 3	 3	 3	 3	 3	 3	 3	 60	 3	 3	 3	 3	 5	
17	 539	 1627	 16	 373	 39	 4	 2162	 12	 928	 11	 1271	 10	 17	 323	 11	 28	 302	 4	 17	 411	 9	 5	 3	 3	 3	 173	 28	 1013	 477	 4	 12	 129	 5	 3	 122	 2601	 46	 5	 3	 65	 5	 3	 3	 3	 3	 3	 3	 3	 3	
34	 31	 49	 1	 337	 94	 38	 11	 686	 195	 14	 55	 28	 70	 1663	 10	 17	 271	 298	 1	 11	 30	 10	 159	 7	 21	 83	 31	 49	 15	 317	 20	 111	 216	 117	 7	 358	 26	 218	 7	 16	 108	 19	 39	 26	 42	 26	 19	 663	 11	
311	 102	 63	 13	 21	 758	 4	 14	 258	 121	 21	 68	 4	 136	 583	 1	 203	 1	 11	 136	 513	 145	 583	 1	 7	 495	 46	 1	 14	 133	 4	 389	 14	 157	 4	 8	 82	 14	 55	 5	 3	 3	 52	 102	 63	 3	 3	 135	 3	 135	
6	 9	 1477	 15	 62	 952	 16	 32	 94	 1	 86	 1	 7	 228	 5	 3	 3	 268	 3	 268	 4	 133	 19	 841	 268	 1	 7	 26	 17	 150	 5	 3	 3	 1319	 5	 3	 0	 0	 0	 0	 0	 0	 0	 0	 0	 0	 0	 0	 0	 0	
13	 483	 8	 4	 226	 54	 8	 937	 6	 1553	 652	 960	 4	 224	 9	 22	 14	 41	 5	 3	 3	 1503	 333	 236	 12	 31	 9	 5	 3	 3	 1012	 3	 2329	 5	 3	 5	 3	 3	 5	 3	 3	 5	 3	 3	 28	 5	 3	 3	 845	 611	
6	 1431	 1401	 274	 379	 278	 36	 32	 86	 4	 180	 495	 10	 495	 46	 5	 3	 3	 80	 417	 58	 32	 191	 19	 6	 524	 29	 2236	 71	 2236	 71	 69	 27	 28	 106	 148	 1321	 10	 103	 1	 7	 34	 30	 2204	 1654	 1155	 5	 3	 3	 3	
15	 229	 20	 6	 3388	 10	 6	 569	 370	 3	 17	 1976	 1	 13	 16	 47	 6	 753	 7	 131	 59	 5	 3	 38	 753	 5	 69	 279	 71	 50	 215	 69	 5	 3	 3	 379	 845	 71	 539	 1779	 1	 242	 69	 5	 3	 3	 1499	 69	 289	 5	
13	 16	 212	 6	 254	 149	 10	 14	 55	 77	 48	 500	 5	 3	 0	 0	 0	 0	 0	 0	 0	 0	 0	 0	 0	 0	 0	 0	 0	 0	 0	 0	 0	 0	 0	 0	 0	 0	 0	 0	 0	 0	 0	 0	 0	 0	 0	 0	 0	 0	
8	 36	 32	 267	 4	 918	 11	 180	 6	 9	 43	 12	 81	 20	 39	 5	 3	 33	 346	 486	 1	 959	 82	 6	 41	 11	 34	 189	 253	 453	 5	 3	 3	 370	 28	 146	 5	 3	 3	 12	 234	 10	 74	 5	 3	 3	 3	 151	 10	 12	
13	 21	 46	 4	 389	 182	 1	 42	 26	 850	 10	 214	 149	 1	 7	 2377	 253	 78	 16	 21	 12	 257	 9	 5	 3	 3	 112	 25	 902	 8	 249	 182	 5	 3	 3	 3	 5	 3	 3	 3	 3	 3	 3	 3	 3	 3	 3	 3	 5	 3	
