423	 87	 15	 545	 4	 17	 964	 71	 200	 2322	 1146	 36	 194	 17	 947	 10	 857	 19	 986	 105	 24	 1001	 15	 7	 38	 134	 18	 77	 1062	 16	 25	 32	 267	 4	 491	 20	 39	 5	 3	 1605	 19	 5	 3	 3	 3	 3	 5	 3	 3	 1302	
15	 101	 4	 273	 17	 455	 56	 21	 10	 14	 55	 1	 6	 1246	 9	 43	 12	 107	 4	 95	 50	 53	 4	 67	 13	 212	 462	 820	 788	 4	 12	 234	 10	 796	 28	 94	 5	 3	 3	 2263	 60	 3	 3	 50	 135	 3	 5	 3	 3	 3	
13	 61	 21	 2633	 46	 4	 273	 22	 67	 17	 455	 154	 500	 14	 41	 1	 7	 4	 1217	 411	 9	 5	 3	 241	 19	 125	 290	 185	 1920	 1	 42	 26	 6	 46	 145	 135	 1026	 50	 135	 3697	 8	 344	 5	 3	 3	 50	 135	 126	 172	 5	
113	 405	 167	 3	 3	 60	 3	 3	 407	 394	 60	 3	 35	 1	 126	 2615	 1	 441	 7	 150	 394	 412	 20	 92	 29	 75	 1219	 1405	 92	 11	 35	 27	 60	 3	 3	 60	 3	 853	 5	 3	 60	 3	 3	 3	 60	 261	 805	 60	 14	 35	
31	 68	 7	 285	 36	 924	 26	 6	 71	 4719	 534	 69	 135	 15	 6	 1294	 683	 10	 12	 91	 4	 6	 1672	 11	 1917	 10	 12	 3343	 29	 19	 127	 69	 27	 5	 3	 3	 3	 775	 27	 5	 3	 3	 207	 3	 3	 5	 3	 3	 3	 3	
110	 583	 37	 1142	 15	 948	 3374	 7	 6	 1554	 69	 1499	 69	 6	 77	 145	 216	 1147	 10	 6	 78	 5	 3	 3	 5	 3	 3	 5	 3	 3	 3	 3	 5	 3	 3	 3	 5	 3	 3	 5	 3	 3	 5	 3	 3	 5	 3	 3	 3	 5	
110	 92	 11	 35	 58	 32	 626	 24	 30	 77	 5	 3	 3	 3	 5	 3	 3	 5	 3	 1094	 575	 5	 3	 3	 80	 56	 55	 5	 3	 331	 3	 3	 3	 1450	 910	 122	 63	 3	 3	 54	 1470	 17	 122	 145	 5	 3	 154	 5	 3	 5	
9	 159	 177	 200	 46	 22	 14	 50	 41	 112	 25	 391	 63	 3	 46	 1	 12	 91	 310	 6	 44	 1	 11	 67	 57	 25	 273	 135	 56	 749	 1555	 22	 12	 50	 91	 1	 7	 2913	 16	 389	 70	 353	 350	 52	 5	 3	 3	 1654	 696	 5	
17	 71	 122	 69	 28	 17	 426	 9	 231	 24	 6	 50	 91	 7	 231	 22	 12	 499	 541	 5	 3	 3	 499	 541	 3	 5	 3	 3	 1012	 3	 5	 3	 3	 3	 3	 3	 3	 3	 3	 3	 3	 50	 3	 3	 3	 50	 41	 5	 3	 0	
79	 61	 153	 95	 368	 18	 6	 2416	 67	 8	 48	 626	 24	 39	 7	 18	 8	 37	 898	 12	 9	 1	 11	 54	 8	 186	 185	 10	 14	 35	 5	 3	 3	 1524	 22	 6	 291	 263	 1	 263	 202	 9	 5	 3	 3	 1372	 511	 5	 3	 3	
109	 134	 636	 164	 48	 412	 20	 83	 90	 536	 9	 5	 3	 241	 10	 4068	 28	 1619	 100	 12	 31	 9	 109	 106	 62	 448	 5	 3	 1502	 34	 45	 76	 4	 133	 501	 49	 274	 205	 82	 6	 21	 10	 62	 35	 5	 3	 1097	 19	 96	 5	
6	 676	 979	 641	 6	 87	 11	 1490	 22	 6	 235	 1638	 991	 5	 3	 3	 3	 3	 2090	 863	 5	 3	 3	 3	 629	 324	 5	 3	 3	 863	 3	 2266	 5	 3	 3	 0	 0	 0	 0	 0	 0	 0	 0	 0	 0	 0	 0	 0	 0	 0	
72	 58	 372	 68	 11	 180	 444	 31	 9	 227	 3	 3	 3	 3	 3	 3	 3	 3	 3	 3	 3	 3	 3	 3	 3	 227	 3	 3	 3	 3	 3	 3	 3	 3	 3	 3	 3	 3	 3	 3	 3	 3	 279	 279	 900	 29	 27	 527	 653	 63	
930	 10	 190	 7	 13	 247	 77	 121	 327	 83	 473	 11	 771	 56	 139	 4	 378	 2295	 1081	 139	 333	 173	 58	 89	 83	 301	 5	 3	 3	 5	 3	 3	 3	 3	 3	 11	 300	 614	 4	 879	 511	 1495	 296	 5	 3	 28	 2396	 511	 4	 861	
13	 152	 9	 22	 1367	 1031	 4	 583	 18	 6	 524	 28	 106	 6	 254	 191	 10	 369	 22	 14	 55	 5	 3	 3	 5	 3	 234	 1	 17	 133	 664	 4	 12	 172	 5	 3	 3	 3	 3	 5	 3	 3	 989	 39	 19	 434	 518	 97	 5	 3	
34	 408	 11	 480	 49	 282	 335	 18	 12	 31	 11	 302	 33	 142	 86	 15	 23	 1297	 11	 154	 303	 228	 20	 18	 45	 76	 5	 3	 38	 74	 4	 74	 15	 760	 832	 7	 164	 25	 655	 21	 42	 30	 76	 177	 19	 34	 45	 76	 10	 6	
13	 16	 61	 191	 12	 790	 379	 40	 8	 926	 181	 4	 47	 8	 20	 35	 146	 4	 39	 16	 32	 86	 15	 101	 4	 47	 8	 20	 2042	 175	 10	 567	 84	 635	 7	 125	 9	 5	 3	 3	 3	 3	 135	 3	 3	 5	 3	 3	 476	 81	
3426	 56	 16	 437	 84	 11	 2150	 150	 49	 875	 22	 6	 759	 10	 202	 11	 22	 14	 55	 5	 3	 3	 10	 3	 720	 10	 6	 721	 5	 3	 3	 3	 3	 5	 3	 3	 3	 3	 5	 3	 3	 5	 3	 3	 3	 3	 3	 3	 3	 5	
13	 21	 12	 49	 26	 4	 85	 23	 353	 3504	 20	 11	 43	 14	 174	 1	 471	 778	 476	 1	 11	 4	 47	 14	 35	 15	 101	 4	 47	 350	 123	 19	 105	 13	 16	 47	 8	 20	 17	 576	 7	 211	 5	 3	 3	 3	 19	 49	 318	 5	
40	 8	 37	 555	 310	 6	 271	 298	 7	 143	 4	 32	 267	 4	 879	 17	 1997	 18	 154	 359	 303	 4	 32	 10	 6	 3904	 7	 20	 6	 2058	 10	 6	 1	 8	 352	 48	 68	 4	 6	 10	 1009	 9	 18	 154	 303	 910	 15	 12	 508	 81	
79	 283	 23	 33	 44	 779	 5	 3	 779	 994	 78	 5	 3	 33	 33	 346	 5	 3	 3	 878	 159	 379	 5	 3	 33	 145	 5	 3	 3	 2109	 73	 111	 314	 279	 479	 7	 314	 18	 12	 9	 28	 94	 5	 3	 0	 0	 0	 0	 0	 0	
13	 21	 386	 46	 26	 17	 74	 10	 202	 5	 3	 3	 3	 5	 3	 3	 29	 6	 27	 1527	 238	 603	 12	 114	 5	 3	 3	 234	 5	 3	 3	 135	 3	 3	 3	 3	 55	 5	 3	 74	 5	 3	 234	 3	 50	 135	 1185	 5	 3	 234	
1553	 198	 6	 9	 94	 38	 6	 168	 55	 2909	 6	 777	 514	 4	 194	 6	 189	 259	 10	 71	 46	 69	 18	 42	 26	 4	 239	 17	 366	 261	 11	 52	 38	 67	 17	 80	 211	 20	 6	 5	 3	 3	 346	 5	 3	 3	 3	 0	 0	 0	
62	 725	 165	 153	 1	 726	 30	 786	 1	 6	 178	 63	 3	 3636	 11	 695	 6	 1307	 22	 72	 355	 179	 192	 53	 11	 203	 16	 212	 309	 4	 6	 71	 35	 69	 20	 39	 5	 3	 3	 3	 3	 3	 3	 3	 27	 5	 3	 3	 3	 3	
13	 51	 12	 9	 19	 424	 198	 10	 6	 53	 7	 583	 86	 4	 591	 6	 87	 11	 1720	 146	 54	 8	 107	 30	 50	 53	 5	 3	 3	 234	 7	 74	 431	 107	 14	 78	 60	 3	 748	 59	 29	 67	 8	 153	 27	 5	 3	 234	 5	 3	
371	 18	 12	 202	 11	 84	 154	 148	 2556	 64	 154	 303	 739	 1	 79	 186	 175	 10	 6	 137	 4	 12	 81	 19	 31	 73	 6	 55	 5	 3	 3	 5	 3	 3	 2363	 19	 14	 1256	 5	 3	 59	 19	 30	 290	 134	 5	 3	 3	 379	 28	
70	 2898	 22	 95	 1147	 10	 23	 33	 44	 16	 32	 1474	 15	 214	 513	 1	 7	 254	 513	 36	 1183	 875	 22	 6	 401	 10	 12	 9	 5	 3	 3	 290	 630	 22	 5	 3	 3	 135	 3	 135	 5	 3	 3	 5	 3	 135	 3315	 5	 3	 3	
46	 38	 50	 397	 52	 144	 15	 6	 667	 18	 849	 8	 4	 6	 133	 39	 259	 10	 14	 35	 7	 9	 22	 72	 13	 51	 49	 1	 7	 72	 64	 58	 32	 86	 19	 9	 1	 507	 421	 488	 390	 1	 7	 559	 4	 133	 690	 62	 1839	 10	
1690	 27	 457	 65	 219	 16	 32	 86	 4	 4007	 3	 11	 1987	 5	 3	 3	 279	 1649	 19	 80	 397	 4	 133	 17	 80	 232	 5	 3	 74	 5	 3	 3	 3	 5	 3	 3	 3	 1319	 5	 3	 3	 3	 3	 2636	 5	 3	 3	 5	 3	 3	
40	 8	 316	 200	 125	 9	 43	 23	 1060	 7	 4	 344	 12	 320	 43	 25	 881	 23	 9	 86	 24	 62	 99	 1	 217	 222	 5	 3	 669	 242	 135	 63	 3	 3	 3	 1012	 3	 2861	 719	 3	 5	 3	 3	 1399	 5	 3	 1012	 3	 3	 3	
2024	 532	 722	 33	 44	 3	 117	 10	 21	 345	 19	 14	 216	 151	 7	 137	 4	 6	 282	 10	 31	 9	 5	 3	 3	 135	 3	 33	 3	 3	 6	 21	 1	 75	 6	 150	 56	 103	 5	 3	 3	 5	 3	 3	 357	 5	 3	 3	 41	 3	
13	 36	 21	 23	 9	 4	 597	 12	 981	 322	 1	 2903	 1860	 20	 8	 5	 3	 3	 3	 150	 52	 5	 3	 3	 52	 4040	 7	 946	 123	 5	 3	 5	 3	 3	 3	 238	 322	 82	 6	 152	 10	 167	 19	 92	 1	 35	 1	 150	 49	 5	
14	 1101	 4	 190	 56	 33	 3	 36	 808	 15	 14	 2307	 26	 313	 26	 34	 9	 231	 22	 3083	 192	 169	 5	 3	 2025	 948	 26	 2163	 11	 106	 6	 3	 29	 28	 1052	 15	 26	 26	 27	 5	 3	 3	 3	 3	 3	 3	 5	 3	 3	 5	
113	 1019	 65	 5	 3	 3	 3	 3	 3	 3	 3	 3	 3	 1	 111	 48	 228	 1187	 146	 22	 6	 52	 1	 191	 650	 6	 172	 1	 65	 1	 50	 341	 984	 1	 12	 139	 5	 3	 3	 133	 117	 10	 52	 5	 3	 135	 3	 5	 3	 3	
79	 711	 4	 12	 1064	 56	 33	 89	 20	 39	 73	 12	 133	 5	 3	 74	 511	 33	 142	 5	 3	 3	 393	 531	 534	 5	 3	 3	 3	 3	 3	 3	 1388	 41	 566	 5	 3	 3	 3	 3	 1812	 5	 3	 3	 3	 3	 3	 3	 3	 3	
276	 764	 162	 1	 14	 576	 33	 175	 465	 4	 93	 9	 18	 13	 329	 15	 12	 81	 4	 63	 3	 9	 29	 6	 662	 33	 27	 7	 775	 5	 3	 81	 775	 5	 3	 3	 33	 44	 5	 3	 3	 3	 126	 52	 27	 5	 3	 775	 3	 5	
440	 63	 8	 16	 327	 39	 4	 415	 17	 2433	 189	 82	 12	 189	 7	 153	 70	 1175	 2442	 24	 8	 1	 42	 26	 1165	 11	 1337	 5	 3	 205	 265	 5	 3	 172	 5	 3	 234	 5	 3	 3	 234	 18	 8	 37	 701	 39	 5	 3	 3	 3	
176	 1	 148	 36	 32	 1183	 18	 64	 681	 1251	 1	 234	 1	 213	 1	 7	 724	 10	 131	 250	 5	 3	 989	 17	 947	 10	 52	 4	 6	 280	 1487	 1	 7	 12	 1073	 21	 10	 14	 35	 5	 3	 0	 0	 0	 0	 0	 0	 0	 0	 0	
1715	 379	 63	 31	 9	 103	 1	 28	 94	 40	 8	 458	 306	 19	 17	 268	 1411	 19	 774	 11	 774	 96	 5	 3	 3	 3	 3	 279	 3	 3	 5	 3	 5	 3	 3	 3	 3	 5	 3	 3	 3	 3	 3	 5	 3	 3	 3	 3	 5	 3	
19	 127	 1	 6	 2880	 352	 504	 6	 644	 10	 147	 163	 761	 7	 2987	 1	 358	 10	 888	 7	 111	 414	 10	 2457	 19	 150	 52	 5	 3	 3	 3	 3	 670	 5	 3	 5	 3	 3	 3	 5	 3	 3	 3	 3	 5	 3	 3	 3	 3	 5	
15	 229	 20	 6	 87	 7	 35	 10	 2198	 1	 13	 16	 239	 92	 11	 35	 4	 8	 304	 22	 9	 602	 4	 2437	 1	 480	 775	 1	 510	 1	 11	 30	 87	 4	 14	 370	 1	 691	 1	 173	 1	 11	 34	 179	 192	 332	 5	 3	 3	 3	
95	 1040	 53	 16	 25	 664	 939	 11	 48	 303	 1732	 11	 274	 177	 5	 3	 3	 3	 3	 60	 3	 3	 880	 97	 5	 3	 3	 3	 864	 5	 3	 3	 3	 5	 3	 3	 5	 3	 452	 234	 10	 74	 5	 3	 3	 5	 3	 3	 3	 3	
2599	 1	 413	 28	 110	 3847	 6	 3097	 33	 7	 49	 282	 10	 18	 472	 1	 7	 13	 48	 1270	 587	 4	 932	 6	 31	 293	 10	 6	 77	 10	 14	 118	 41	 5	 3	 3	 3	 5	 3	 3	 5	 3	 630	 2402	 50	 41	 5	 3	 3	 5	
13	 483	 8	 4	 283	 6	 33	 151	 10	 12	 7	 861	 368	 10	 14	 50	 41	 5	 3	 3	 173	 3	 33	 1318	 5	 3	 3	 3	 33	 721	 10	 297	 28	 231	 24	 111	 50	 53	 38	 6	 271	 298	 5	 3	 3	 413	 3	 74	 6	 2109	
4	 186	 8	 4	 113	 1036	 4	 833	 9	 43	 732	 4	 277	 11	 378	 17	 394	 108	 19	 6	 87	 60	 3	 1039	 1	 674	 476	 1	 128	 321	 4	 17	 571	 101	 11	 30	 170	 152	 807	 22	 185	 55	 5	 3	 3	 3	 3	 3	 135	 3	
6	 246	 10	 9	 94	 398	 179	 640	 87	 7	 87	 2068	 146	 4	 134	 77	 5	 3	 3	 1349	 7	 292	 80	 33	 5	 3	 234	 22	 74	 7	 74	 5	 3	 331	 4477	 87	 5	 3	 1349	 102	 5	 3	 234	 5	 3	 3	 3	 2636	 5	 3	
741	 13	 36	 985	 15	 97	 22	 14	 517	 18	 37	 248	 10	 14	 78	 5	 3	 3	 3	 3	 3	 3	 3	 5	 3	 3	 5	 3	 5	 3	 5	 3	 3	 3	 3	 5	 3	 3	 3	 5	 3	 5	 3	 3	 3	 3	 3	 135	 5	 3	
40	 6	 91	 112	 25	 852	 2293	 49	 4	 6	 661	 185	 122	 537	 1	 8	 58	 1199	 110	 30	 614	 5	 3	 33	 1123	 1524	 73	 63	 1007	 1012	 5	 1007	 1012	 3	 721	 55	 3	 5	 3	 3	 1012	 3	 63	 3	 721	 1007	 1012	 3	 3	 223	
40	 8	 549	 11	 287	 46	 22	 12	 114	 1	 8	 36	 25	 32	 267	 4	 21	 93	 149	 22	 6	 52	 1	 75	 110	 149	 1	 87	 11	 619	 18	 1335	 6	 149	 1	 200	 42	 26	 6	 91	 364	 8	 1245	 5	 3	 3	 0	 0	 0	 0	
3623	 4491	 10	 1126	 5	 3	 612	 3	 10	 258	 3	 1875	 38	 6	 498	 532	 358	 10	 6	 3128	 10	 23	 7	 159	 1	 21	 1	 7	 159	 10	 18	 49	 5	 3	 3	 3	 3	 3	 3	 3	 55	 3	 3	 1595	 44	 5	 3	 3	 3	 3	
9	 159	 7	 21	 24	 45	 76	 52	 144	 1774	 22	 134	 1763	 78	 37	 243	 4	 1102	 33	 151	 18	 57	 25	 188	 5	 3	 3	 196	 145	 21	 10	 46	 5	 3	 3	 3	 3	 3	 3	 3	 5	 3	 3	 3	 3	 5	 3	 3	 3	 3	
49	 1	 42	 26	 19	 340	 77	 11	 37	 248	 10	 185	 11	 125	 290	 2563	 1	 7	 6	 347	 10	 53	 61	 1	 67	 37	 25	 553	 4	 348	 1	 7	 6	 35	 16	 32	 10	 1425	 4	 1425	 6	 860	 145	 157	 5	 3	 3	 3	 3	 5	
26	 42	 1	 1689	 58	 25	 1452	 12	 31	 9	 22	 6	 653	 10	 131	 11	 24	 454	 29	 276	 10	 1	 684	 406	 27	 5	 3	 3	 3	 3	 1889	 290	 1066	 27	 5	 3	 3	 4344	 3	 3	 3	 3	 5	 3	 3	 5	 3	 3	 3	 5	
95	 513	 58	 32	 191	 4	 903	 46	 5	 3	 3	 495	 1	 75	 46	 1	 58	 32	 4	 903	 93	 46	 5	 3	 71	 33	 69	 5	 3	 69	 5	 3	 3	 5	 3	 3	 5	 3	 3	 5	 3	 5	 3	 3	 1012	 3	 71	 5	 69	 3	
13	 580	 6	 209	 4	 251	 34	 9	 13	 338	 4	 642	 8	 24	 95	 149	 10	 14	 35	 19	 110	 92	 11	 35	 67	 16	 32	 10	 232	 4	 8	 5	 3	 3	 4728	 767	 1	 137	 4	 380	 9	 43	 23	 364	 11	 52	 58	 32	 1051	 5	
1235	 92	 528	 24	 1487	 36	 325	 20	 6	 280	 123	 11	 126	 11	 52	 9	 25	 280	 4	 6	 366	 2041	 1	 637	 7	 126	 5	 3	 3	 81	 28	 146	 38	 39	 5	 3	 3	 3	 268	 3	 1094	 5	 3	 3	 3	 3	 3	 3	 3	 3	
13	 154	 512	 1	 422	 1	 7	 2033	 938	 18	 325	 20	 768	 7	 768	 869	 42	 26	 1023	 15	 6	 393	 531	 2732	 7	 645	 13	 58	 4	 879	 64	 5	 3	 0	 0	 0	 0	 0	 0	 0	 0	 0	 0	 0	 0	 0	 0	 0	 0	 0	
6	 16	 47	 8	 6	 568	 4	 439	 47	 125	 9	 290	 28	 181	 4	 827	 42	 251	 10	 93	 11	 490	 88	 616	 123	 146	 5	 3	 3	 3	 173	 3	 93	 3	 445	 5	 3	 3	 3	 3	 5	 3	 3	 3	 3	 3	 2509	 5	 3	 3	
62	 917	 16	 32	 626	 11	 182	 5	 3	 3	 4577	 24	 6	 80	 10	 6	 169	 1	 304	 22	 12	 922	 5	 3	 3	 3	 3	 135	 5	 3	 3	 3	 3	 5	 3	 3	 3	 3	 3	 3	 135	 5	 3	 3	 1135	 3	 3	 3	 5	 3	
13	 36	 61	 326	 8	 10	 6	 92	 1273	 24	 39	 11	 121	 36	 32	 2805	 4	 47	 8	 20	 857	 49	 892	 12	 558	 4	 21	 5	 3	 3	 556	 5	 3	 3	 3	 3	 1535	 1027	 15	 534	 20	 218	 115	 5	 3	 3	 3	 3	 2263	 229	
54	 13	 2242	 4	 319	 19	 17	 123	 11	 30	 622	 123	 416	 1	 13	 36	 315	 4	 538	 18	 6	 9	 36	 32	 158	 11	 300	 4	 124	 64	 125	 300	 4	 6	 300	 9	 5	 3	 3	 3	 173	 2091	 5	 3	 3	 3	 3	 2099	 5	 3	
190	 164	 521	 247	 456	 4	 698	 17	 340	 310	 10	 6	 444	 2858	 52	 5	 3	 3	 2698	 28	 566	 24	 556	 10	 498	 5	 3	 3	 24	 460	 1034	 402	 90	 88	 9	 5	 3	 3	 3	 227	 3	 3	 5	 3	 3	 5	 3	 3	 5	 3	
9	 142	 7	 645	 37	 555	 22	 294	 555	 310	 6	 633	 813	 7	 5	 3	 3	 863	 5	 3	 150	 2374	 197	 5	 3	 3	 1369	 173	 81	 28	 106	 1027	 4	 314	 6	 103	 7	 805	 10	 6	 31	 9	 5	 3	 3	 3	 234	 5	 3	 3	
1738	 16	 61	 247	 19	 9	 38	 74	 4	 74	 15	 101	 4	 1229	 407	 7	 103	 92	 1	 239	 19	 478	 1	 437	 2208	 7	 30	 322	 5	 3	 3	 5	 3	 3	 5	 3	 3	 3	 3	 3	 1533	 5	 3	 3	 3	 1533	 1107	 173	 7	 6	
6	 562	 169	 782	 355	 2750	 4	 45	 76	 50	 53	 5	 3	 3	 452	 33	 44	 465	 4	 14	 77	 5	 3	 3	 169	 169	 488	 784	 5	 3	 3	 1012	 3	 3	 50	 41	 5	 3	 3	 3	 452	 5	 3	 3	 3	 3	 3	 3	 3	 3	
45	 76	 187	 63	 2004	 696	 24	 2622	 1	 15	 1119	 20	 50	 1718	 1	 70	 161	 59	 4	 133	 39	 344	 62	 488	 4	 14	 174	 843	 5	 2713	 38	 23	 173	 82	 6	 50	 135	 11	 70	 263	 5	 3	 3	 3	 3	 334	 3	 3	 135	 3	
110	 179	 640	 35	 61	 58	 727	 6	 230	 10	 83	 77	 15	 83	 189	 1	 32	 687	 24	 5	 3	 664	 19	 81	 80	 678	 7	 35	 5	 3	 331	 947	 5	 3	 3	 3	 3	 286	 3	 1064	 5	 3	 3	 3	 3	 3	 3	 3	 3	 3	
2967	 16	 21	 6	 428	 9	 8	 47	 4	 47	 8	 20	 157	 1	 342	 1	 11	 1038	 87	 7	 87	 10	 232	 4	 8	 29	 30	 1895	 192	 52	 27	 16	 1	 15	 101	 4	 47	 1038	 157	 43	 663	 7	 35	 18	 36	 32	 280	 4	 6	 1095	
1504	 293	 4	 14	 340	 77	 121	 217	 83	 213	 1	 140	 61	 36	 643	 32	 412	 20	 83	 794	 7	 244	 5	 3	 81	 3	 28	 978	 5	 3	 3	 3	 5	 3	 3	 123	 5	 3	 3	 1026	 59	 5	 3	 1072	 3	 5	 3	 1012	 5	 3	
292	 9	 28	 9	 1344	 19	 127	 24	 24	 435	 100	 6	 1090	 99	 29	 845	 71	 71	 92	 69	 27	 1	 92	 7	 35	 18	 6	 35	 11	 281	 82	 6	 78	 5	 3	 3	 169	 3	 3	 3	 3	 3	 3	 3	 3	 3	 3	 3	 3	 3	
72	 13	 58	 21	 12	 9	 3	 3	 3	 3	 3	 3	 3	 802	 3	 3	 3	 3	 1378	 472	 7	 14	 126	 1813	 63	 71	 452	 234	 15	 229	 20	 12	 395	 4	 14	 55	 60	 72	 8	 1010	 22	 67	 28	 1010	 22	 6	 55	 56	 55	 1	
741	 13	 315	 4	 325	 20	 1398	 1	 571	 617	 1	 11	 30	 170	 152	 54	 13	 354	 13	 16	 305	 6	 199	 128	 199	 10	 31	 49	 5	 3	 3	 1281	 5	 3	 3	 299	 173	 5	 3	 3	 3	 5	 3	 3	 33	 44	 5	 3	 3	 5	
578	 12	 601	 129	 364	 154	 17	 670	 4	 3206	 18	 2304	 1	 82	 30	 218	 2998	 35	 1	 8	 61	 698	 570	 146	 18	 119	 354	 37	 2032	 1164	 15	 6	 1694	 41	 5	 3	 3	 1503	 3	 1100	 5	 3	 3	 1129	 1012	 3	 3	 5	 3	 3	
6	 347	 10	 9	 13	 16	 51	 153	 570	 6	 74	 8	 89	 20	 134	 780	 5	 3	 3	 31	 9	 5	 3	 234	 7	 74	 5	 3	 234	 73	 6	 135	 10	 6	 234	 10	 12	 1006	 43	 1	 6	 1035	 10	 68	 1	 12	 1185	 462	 626	 1	
29	 611	 27	 21	 10	 90	 88	 9	 27	 29	 843	 5	 243	 4	 6	 33	 44	 27	 465	 4	 6	 159	 7	 21	 10	 23	 9	 15	 6	 178	 487	 63	 3	 2282	 734	 3	 1651	 278	 5	 3	 3	 33	 44	 50	 135	 28	 243	 4	 70	 1812	
