40	 6	 1081	 10	 6	 2342	 765	 28	 267	 4	 2592	 152	 57	 81	 1	 15	 323	 21	 6	 493	 5	 0	 0	 0	 0	 0	 0	 0	 0	 0	 0	 0	 0	 0	 0	 0	 0	 0	 0	 0	 0	 0	 0	 0	 0	 0	 0	 0	 0	 0	
13	 61	 1960	 30	 3747	 22	 23	 135	 21	 299	 884	 5	 0	 0	 0	 0	 0	 0	 0	 0	 0	 0	 0	 0	 0	 0	 0	 0	 0	 0	 0	 0	 0	 0	 0	 0	 0	 0	 0	 0	 0	 0	 0	 0	 0	 0	 0	 0	 0	 0	
71	 359	 1581	 10	 64	 28	 1016	 559	 119	 866	 743	 9	 5	 0	 0	 0	 0	 0	 0	 0	 0	 0	 0	 0	 0	 0	 0	 0	 0	 0	 0	 0	 0	 0	 0	 0	 0	 0	 0	 0	 0	 0	 0	 0	 0	 0	 0	 0	 0	 0	
449	 235	 7	 2142	 0	 0	 0	 0	 0	 0	 0	 0	 0	 0	 0	 0	 0	 0	 0	 0	 0	 0	 0	 0	 0	 0	 0	 0	 0	 0	 0	 0	 0	 0	 0	 0	 0	 0	 0	 0	 0	 0	 0	 0	 0	 0	 0	 0	 0	 0	
1697	 10	 23	 33	 44	 128	 111	 1824	 2386	 15	 6	 3044	 5	 0	 0	 0	 0	 0	 0	 0	 0	 0	 0	 0	 0	 0	 0	 0	 0	 0	 0	 0	 0	 0	 0	 0	 0	 0	 0	 0	 0	 0	 0	 0	 0	 0	 0	 0	 0	 0	
13	 988	 2752	 1	 11	 11	 1078	 698	 140	 204	 7	 1983	 46	 1	 4	 494	 128	 2069	 175	 5	 0	 0	 0	 0	 0	 0	 0	 0	 0	 0	 0	 0	 0	 0	 0	 0	 0	 0	 0	 0	 0	 0	 0	 0	 0	 0	 0	 0	 0	 0	
64	 112	 25	 2178	 1241	 18	 646	 1	 7	 189	 319	 1	 25	 7	 1	 1443	 7	 347	 1	 7	 4	 58	 3660	 234	 1	 3222	 1	 7	 5	 0	 0	 0	 0	 0	 0	 0	 0	 0	 0	 0	 0	 0	 0	 0	 0	 0	 0	 0	 0	 0	
15	 110	 457	 1	 80	 747	 7	 65	 249	 894	 467	 67	 13	 1275	 157	 5	 0	 0	 0	 0	 0	 0	 0	 0	 0	 0	 0	 0	 0	 0	 0	 0	 0	 0	 0	 0	 0	 0	 0	 0	 0	 0	 0	 0	 0	 0	 0	 0	 0	 0	
451	 480	 1138	 1	 7	 1429	 4	 17	 1262	 384	 1	 1	 922	 1	 1	 1	 7	 1	 7	 210	 428	 4	 2971	 38	 3869	 167	 2192	 5	 0	 0	 0	 0	 0	 0	 0	 0	 0	 0	 0	 0	 0	 0	 0	 0	 0	 0	 0	 0	 0	 0	
6	 51	 1	 929	 319	 12	 101	 1	 7	 2244	 26	 5	 0	 0	 0	 0	 0	 0	 0	 0	 0	 0	 0	 0	 0	 0	 0	 0	 0	 0	 0	 0	 0	 0	 0	 0	 0	 0	 0	 0	 0	 0	 0	 0	 0	 0	 0	 0	 0	 0	
