3532	 1	 13	 16	 799	 1488	 73	 34	 74	 8	 143	 4	 468	 12	 31	 9	 8	 143	 4	 104	 38	 45	 66	 7	 16	 285	 6	 52	 8	 104	 38	 45	 52	 144	 7	 104	 6	 178	 561	 178	 6	 400	 50	 215	 57	 25	 283	 7	 898	 6	
3532	 1	 13	 16	 799	 746	 4	 799	 374	 427	 4	 799	 374	 614	 4	 762	 497	 8	 17	 527	 682	 334	 29	 17	 1169	 52	 4	 17	 627	 627	 1064	 67	 16	 184	 6	 31	 9	 8	 143	 4	 104	 38	 346	 1702	 2100	 1	 346	 3281	 7	 299	
3532	 1	 13	 16	 799	 374	 894	 221	 4	 891	 7	 879	 12	 1271	 10	 12	 167	 7	 527	 653	 7	 380	 422	 167	 7	 14	 78	 7	 369	 7	 369	 7	 369	 18	 153	 6	 178	 1735	 608	 35	 1	 536	 7	 157	 18	 16	 153	 6	 234	 7	
3532	 1	 13	 16	 799	 374	 894	 4	 762	 380	 622	 312	 4	 104	 312	 22	 14	 53	 7	 236	 369	 7	 369	 4	 326	 8	 54	 8	 104	 23	 9	 38	 14	 165	 7	 30	 52	 144	 7	 497	 8	 6	 544	 4	 104	 2712	 38	 34	 527	 7	
3532	 1	 13	 16	 799	 374	 894	 4	 762	 497	 8	 14	 369	 7	 369	 4	 285	 23	 52	 810	 4	 133	 39	 326	 8	 104	 440	 7	 30	 299	 1036	 7	 104	 284	 342	 7	 52	 1036	 57	 105	 57	 105	 7	 326	 8	 40	 8	 186	 39	 4	
4526	 16	 799	 746	 4	 224	 6	 178	 33	 44	 4	 740	 8	 18	 178	 6	 178	 285	 110	 10	 6	 178	 45	 66	 4	 762	 380	 95	 299	 599	 7	 16	 143	 6	 178	 1979	 8	 16	 104	 6	 178	 561	 63	 419	 38	 3470	 1704	 7	 497	 7	
3532	 1	 13	 16	 799	 1488	 73	 34	 74	 8	 143	 4	 104	 6	 178	 1271	 1036	 38	 497	 17	 656	 7	 178	 492	 7	 1470	 6	 178	 323	 63	 1	 6	 178	 894	 16	 285	 6	 178	 285	 7	 527	 250	 7	 527	 250	 7	 6	 3093	 1814	 167	
3532	 1	 13	 16	 799	 746	 4	 799	 374	 645	 4	 932	 6	 1989	 181	 1067	 4	 104	 95	 167	 38	 52	 4	 104	 7	 104	 312	 7	 536	 9	 38	 45	 66	 7	 16	 153	 6	 400	 50	 215	 7	 50	 215	 4	 51	 6	 178	 1979	 4	 6	
3532	 1	 13	 16	 799	 374	 894	 4	 762	 380	 95	 347	 10	 9	 8	 104	 1	 741	 13	 16	 153	 6	 178	 448	 1	 7	 104	 312	 7	 497	 8	 445	 7	 497	 312	 16	 153	 497	 312	 4	 8	 104	 6	 2593	 7	 30	 52	 7	 497	 4	
3532	 1	 13	 16	 799	 374	 894	 4	 762	 497	 8	 6	 52	 7	 326	 8	 54	 8	 143	 4	 104	 6	 656	 7	 527	 250	 7	 67	 16	 153	 6	 178	 187	 8	 104	 38	 14	 55	 7	 6	 187	 8	 104	 6	 178	 612	 8	 16	 104	 38	
3532	 1	 13	 16	 799	 374	 894	 4	 762	 380	 8	 4	 104	 17	 479	 622	 7	 622	 645	 7	 645	 4	 762	 6	 7	 104	 669	 927	 8	 143	 4	 104	 6	 4375	 1	 14	 527	 7	 153	 6	 1687	 660	 7	 6	 1917	 7	 527	 59	 1	 7	
4526	 16	 799	 1488	 20	 45	 66	 4	 799	 6	 209	 4	 799	 1983	 22	 6	 209	 7	 2760	 143	 4	 1062	 1	 1062	 7	 143	 4	 85	 6	 87	 2143	 20	 6	 1901	 656	 7	 6	 52	 7	 52	 341	 7	 20	 6	 524	 7	 457	 894	 22	 6	
4559	 10	 4820	 112	 25	 186	 6	 351	 4	 799	 11	 799	 1488	 209	 4	 799	 6	 209	 4	 287	 6	 31	 9	 8	 143	 4	 85	 20	 45	 66	 19	 6	 831	 7	 768	 1979	 57	 16	 799	 6	 209	 4	 799	 6	 209	 10	 6	 31	 9	 8	
3532	 1	 13	 16	 799	 374	 894	 511	 4	 468	 12	 31	 9	 8	 104	 38	 45	 66	 105	 16	 153	 6	 178	 561	 7	 497	 8	 326	 8	 16	 153	 6	 50	 215	 7	 50	 215	 7	 30	 50	 215	 153	 6	 2268	 8	 16	 57	 105	 73	 6	
3532	 1	 13	 16	 799	 374	 894	 4	 468	 6	 31	 9	 8	 153	 63	 7	 339	 4	 762	 497	 8	 457	 656	 7	 6	 35	 7	 110	 78	 16	 153	 6	 178	 656	 250	 1	 261	 1571	 7	 445	 7	 1577	 7	 6	 3093	 1814	 29	 1030	 27	 7	
3532	 1	 13	 16	 799	 374	 894	 4	 762	 380	 23	 1257	 38	 39	 4	 104	 6	 178	 656	 1055	 7	 193	 645	 7	 1302	 157	 18	 16	 153	 6	 178	 53	 8	 16	 104	 6	 178	 17	 1551	 29	 178	 6	 2064	 8	 16	 104	 39	 38	 497	 497	
3532	 1	 13	 16	 799	 374	 894	 4	 762	 380	 46	 38	 497	 6	 661	 656	 7	 52	 144	 4	 104	 14	 656	 7	 445	 7	 445	 4	 67	 391	 6	 178	 187	 8	 16	 104	 38	 39	 7	 30	 45	 66	 7	 16	 153	 6	 300	 152	 7	 674	
3532	 1	 13	 16	 799	 374	 894	 4	 762	 380	 1507	 9	 38	 457	 894	 7	 38	 6	 178	 894	 1507	 307	 24	 855	 7	 855	 6	 230	 905	 116	 39	 20	 52	 369	 7	 369	 7	 50	 215	 16	 153	 6	 234	 7	 74	 8	 104	 219	 7	 527	
3532	 1	 3532	 1216	 16	 762	 380	 380	 45	 66	 38	 716	 9	 38	 45	 66	 121	 16	 104	 6	 656	 7	 16	 153	 6	 656	 1055	 1	 7	 236	 17	 976	 22	 6	 656	 7	 656	 1055	 7	 236	 17	 3062	 656	 22	 6	 400	 656	 1055	 4	 6	
3532	 1	 13	 16	 799	 374	 894	 511	 4	 891	 1	 7	 741	 153	 6	 178	 369	 4	 891	 7	 382	 457	 374	 511	 511	 7	 1264	 1061	 7	 51	 2318	 369	 7	 289	 29	 741	 1746	 6	 301	 4	 891	 7	 1082	 4	 14	 53	 7	 16	 21	 6	
3532	 1	 13	 16	 799	 1488	 73	 110	 661	 250	 7	 57	 25	 104	 17	 877	 10	 12	 31	 9	 8	 437	 22	 14	 595	 53	 16	 57	 105	 7	 13	 16	 153	 6	 178	 561	 7	 178	 9	 8	 16	 57	 105	 24	 178	 1983	 1477	 22	 6	 178	
3532	 1	 13	 16	 799	 1488	 33	 645	 10	 45	 66	 4	 799	 6	 209	 4	 799	 6	 209	 4	 799	 7	 193	 492	 22	 72	 4	 799	 6	 209	 4	 468	 12	 31	 9	 8	 143	 4	 104	 22	 6	 400	 50	 53	 7	 6	 50	 53	 7	 22	
3532	 1	 13	 16	 799	 374	 894	 4	 762	 380	 7	 104	 12	 301	 56	 656	 38	 14	 656	 7	 178	 6	 449	 492	 116	 4	 104	 656	 7	 30	 52	 38	 17	 1368	 29	 140	 13	 16	 104	 6	 473	 346	 346	 346	 369	 7	 30	 346	 1677	 18	
3532	 1	 13	 16	 799	 374	 894	 4	 762	 497	 8	 6	 418	 7	 346	 505	 2886	 505	 9	 1	 245	 1	 199	 7	 484	 545	 4	 9	 13	 104	 38	 45	 66	 7	 16	 153	 6	 473	 7	 527	 645	 7	 457	 512	 645	 7	 30	 716	 7	 1103	
3532	 1	 3532	 1	 13	 16	 799	 1488	 73	 74	 8	 57	 481	 799	 34	 209	 4	 762	 38	 497	 8	 6	 178	 656	 7	 30	 519	 38	 67	 13	 16	 153	 6	 178	 492	 67	 16	 153	 6	 178	 63	 63	 1889	 193	 3470	 1484	 7	 497	 6	 656	
3532	 1	 13	 16	 799	 374	 894	 4	 762	 380	 93	 347	 10	 9	 8	 104	 38	 62	 52	 144	 7	 38	 45	 66	 7	 16	 153	 6	 178	 1979	 8	 16	 104	 6	 178	 561	 1	 26	 1077	 1	 6	 473	 346	 7	 656	 7	 30	 78	 16	 153	
3532	 1	 13	 16	 799	 2153	 209	 4	 1088	 700	 1157	 46	 22	 12	 91	 22	 7	 153	 50	 215	 7	 50	 215	 4	 153	 50	 215	 67	 16	 153	 6	 87	 8	 143	 4	 104	 6	 178	 307	 10	 6	 178	 122	 230	 7	 16	 153	 6	 50	 656	
3532	 1	 13	 16	 799	 374	 894	 4	 762	 236	 622	 9	 4	 14	 77	 121	 16	 104	 6	 178	 250	 7	 6	 180	 656	 1055	 4	 104	 38	 326	 7	 497	 8	 1103	 622	 1577	 7	 419	 2615	 10	 50	 369	 7	 35	 7	 445	 7	 445	 7	 497	
3532	 1	 13	 16	 799	 746	 4	 891	 1713	 10	 588	 335	 7	 16	 799	 110	 448	 15	 67	 16	 799	 374	 645	 7	 115	 18	 16	 57	 105	 799	 374	 614	 1	 75	 374	 614	 4	 799	 374	 614	 511	 468	 12	 31	 9	 8	 143	 4	 104	 38	
3532	 1	 13	 16	 799	 1488	 33	 645	 1206	 645	 19	 457	 622	 894	 4	 932	 6	 644	 8	 104	 6	 656	 7	 57	 25	 104	 131	 167	 20	 14	 52	 7	 16	 153	 6	 400	 50	 53	 7	 50	 215	 51	 23	 22	 50	 215	 4	 275	 7	 275	
3532	 1	 13	 16	 799	 1488	 115	 1158	 4	 799	 12	 209	 4	 799	 7	 799	 374	 645	 7	 16	 799	 374	 7	 511	 511	 868	 6	 178	 1979	 4	 799	 832	 7	 468	 1135	 9	 8	 143	 4	 104	 22	 45	 66	 7	 16	 153	 6	 45	 66	 121	
3532	 1	 13	 16	 799	 374	 894	 4	 762	 380	 1257	 38	 497	 8	 622	 312	 7	 104	 167	 38	 39	 1	 7	 13	 16	 153	 6	 178	 135	 894	 7	 645	 13	 16	 153	 6	 178	 1735	 927	 448	 4	 468	 656	 1055	 38	 497	 7	 342	 22	 14	
4559	 10	 4820	 112	 25	 2066	 7	 16	 799	 6	 209	 4	 799	 6	 209	 24	 423	 87	 1598	 29	 30	 50	 53	 27	 7	 6	 1598	 815	 112	 4	 762	 6	 1319	 10	 70	 3100	 634	 7	 299	 4	 45	 66	 4	 348	 15	 6	 1995	 346	 19	 6	
3532	 1	 13	 16	 799	 374	 894	 4	 762	 380	 457	 622	 219	 7	 1257	 38	 95	 45	 66	 4	 85	 6	 400	 50	 53	 7	 52	 144	 7	 16	 153	 6	 400	 50	 53	 7	 52	 7	 7	 6	 35	 7	 52	 18	 16	 153	 6	 50	 215	 7	
3532	 1	 13	 16	 799	 374	 894	 4	 762	 380	 8	 4	 104	 219	 38	 45	 66	 7	 13	 16	 104	 6	 1271	 10	 12	 1271	 10	 31	 9	 8	 143	 4	 104	 38	 45	 66	 4	 104	 6	 261	 7	 52	 367	 6	 178	 6	 202	 152	 7	 326	
3532	 1	 13	 16	 799	 374	 894	 4	 468	 326	 8	 40	 8	 143	 4	 104	 17	 545	 4	 12	 568	 4	 468	 6	 178	 31	 9	 8	 143	 4	 104	 6	 74	 7	 497	 17	 527	 323	 4	 762	 497	 8	 6	 656	 7	 22	 14	 53	 7	 30	
3532	 1	 13	 16	 799	 1488	 73	 110	 661	 948	 52	 144	 52	 144	 7	 16	 57	 105	 24	 1401	 91	 364	 73	 110	 50	 215	 7	 57	 104	 6	 178	 2158	 419	 44	 4	 844	 6	 178	 212	 4	 110	 50	 53	 7	 110	 35	 16	 153	 6	 178	
3532	 1	 13	 16	 799	 374	 894	 4	 762	 497	 8	 6	 505	 448	 7	 19	 127	 1	 445	 7	 369	 1302	 281	 16	 104	 6	 656	 1055	 7	 4244	 7	 84	 1453	 35	 16	 153	 6	 178	 250	 7	 250	 116	 6	 970	 7	 656	 1055	 1	 497	 6	
3532	 1	 13	 16	 799	 374	 894	 4	 762	 380	 380	 93	 312	 7	 445	 7	 236	 6	 307	 19	 2110	 7	 622	 312	 521	 16	 153	 6	 178	 1368	 187	 7	 30	 187	 38	 14	 53	 7	 16	 153	 6	 52	 7	 95	 1735	 330	 29	 75	 1337	 7	
3532	 1	 13	 16	 799	 374	 894	 4	 762	 380	 62	 167	 38	 6	 52	 7	 193	 73	 14	 104	 131	 7	 178	 519	 8	 16	 104	 2337	 1055	 38	 14	 656	 1055	 38	 380	 380	 299	 167	 38	 14	 52	 7	 16	 998	 6	 178	 364	 368	 7	 157	
3532	 1	 13	 16	 799	 374	 894	 4	 762	 380	 497	 17	 762	 422	 323	 140	 57	 481	 762	 497	 17	 1556	 4	 8	 20	 497	 17	 351	 323	 4	 85	 12	 2653	 89	 20	 45	 66	 4	 762	 380	 30	 312	 38	 6	 400	 50	 53	 7	 50	 215	
4559	 10	 4820	 112	 25	 2066	 7	 112	 25	 2066	 22	 141	 53	 16	 799	 6	 209	 4	 799	 12	 209	 4	 799	 6	 209	 4	 799	 95	 149	 7	 95	 519	 16	 799	 6	 209	 4	 799	 12	 209	 4	 468	 12	 31	 9	 8	 143	 4	 104	 95	
4526	 16	 153	 6	 2085	 7	 221	 52	 8	 143	 4	 85	 6	 400	 50	 53	 7	 87	 144	 20	 45	 66	 121	 16	 153	 6	 50	 215	 7	 6	 187	 7	 50	 215	 116	 6	 400	 50	 53	 7	 30	 50	 53	 16	 21	 6	 400	 50	 215	 51	
3532	 1	 13	 16	 799	 374	 894	 4	 762	 380	 12	 1271	 10	 95	 167	 38	 14	 52	 151	 7	 645	 7	 16	 153	 6	 178	 50	 215	 7	 1149	 6	 3098	 7	 1149	 6	 52	 4	 762	 497	 17	 219	 38	 14	 52	 4	 6	 52	 8	 16	 104	
3532	 1	 13	 16	 799	 746	 4	 891	 7	 879	 12	 31	 9	 8	 437	 376	 14	 52	 7	 16	 153	 6	 178	 561	 63	 110	 16	 153	 6	 234	 7	 74	 8	 143	 6	 790	 379	 7	 527	 250	 16	 153	 6	 234	 7	 74	 10	 12	 131	 250	
3532	 1	 13	 16	 799	 374	 894	 4	 762	 497	 8	 1194	 445	 7	 78	 16	 153	 6	 193	 152	 7	 449	 68	 46	 7	 50	 215	 7	 34	 312	 8	 104	 38	 39	 16	 153	 6	 234	 7	 74	 8	 468	 6	 219	 1	 50	 215	 7	 215	 7	
3532	 1	 13	 16	 799	 1488	 511	 300	 115	 7	 4	 799	 374	 894	 10	 716	 1	 903	 7	 799	 374	 645	 7	 645	 716	 1	 1067	 7	 285	 12	 31	 9	 8	 143	 4	 104	 22	 45	 66	 7	 4	 799	 6	 209	 4	 85	 6	 9	 8	 143	
3532	 1	 13	 16	 799	 374	 894	 221	 4	 891	 93	 1616	 608	 7	 2594	 2749	 2191	 20	 45	 66	 4	 799	 14	 209	 4	 85	 23	 9	 20	 45	 66	 19	 6	 831	 55	 7	 16	 85	 6	 527	 250	 8	 143	 4	 104	 22	 14	 53	 7	 16	
3532	 1	 13	 16	 799	 374	 894	 221	 4	 468	 6	 178	 527	 250	 7	 527	 250	 7	 527	 645	 7	 932	 23	 595	 123	 7	 374	 622	 427	 7	 645	 7	 369	 4	 932	 7	 133	 39	 891	 7	 879	 1039	 1	 7	 550	 14	 151	 7	 6	 618	
3532	 1	 13	 16	 799	 374	 894	 4	 762	 380	 3502	 518	 157	 38	 661	 7	 57	 105	 7	 4	 762	 380	 6	 656	 1055	 4	 326	 8	 38	 74	 4	 57	 105	 7	 326	 8	 714	 38	 497	 17	 656	 1055	 7	 497	 17	 656	 7	 497	 17	 1437	
3532	 1	 400	 16	 799	 374	 894	 4	 762	 380	 7	 104	 34	 9	 8	 143	 4	 104	 38	 45	 66	 7	 16	 153	 6	 52	 7	 52	 144	 16	 85	 6	 52	 7	 6	 52	 144	 16	 104	 6	 527	 7	 16	 153	 6	 1687	 906	 518	 97	 7	
3532	 1	 13	 16	 799	 374	 894	 4	 762	 380	 12	 65	 7	 527	 250	 7	 6	 178	 1979	 714	 38	 39	 4	 762	 497	 8	 6	 656	 29	 22	 14	 527	 250	 1	 855	 656	 250	 7	 50	 215	 7	 6	 3093	 1814	 3219	 60	 1200	 50	 215	 7	
3532	 1	 13	 16	 799	 374	 894	 4	 762	 497	 8	 6	 167	 7	 52	 144	 16	 104	 6	 178	 561	 448	 7	 38	 45	 66	 7	 16	 153	 6	 52	 7	 52	 8	 16	 104	 38	 39	 16	 104	 6	 178	 561	 7	 38	 497	 8	 6	 178	 1983	
3532	 1	 13	 16	 799	 374	 894	 511	 4	 153	 497	 8	 34	 622	 894	 22	 14	 78	 7	 6	 87	 7	 30	 78	 8	 104	 38	 45	 66	 7	 16	 153	 6	 178	 561	 4	 224	 7	 6	 178	 561	 7	 9	 43	 6	 400	 50	 53	 7	 6	
3532	 1	 13	 16	 799	 374	 894	 4	 468	 12	 31	 9	 8	 143	 4	 104	 38	 45	 66	 7	 16	 153	 6	 52	 7	 667	 98	 7	 50	 215	 7	 667	 250	 38	 6	 667	 7	 667	 98	 10	 6	 667	 8	 116	 20	 52	 144	 7	 6	 118	
3532	 1	 13	 16	 799	 1488	 22	 355	 448	 57	 105	 7	 40	 1783	 2066	 7	 28	 221	 19	 6	 178	 31	 9	 8	 143	 4	 104	 38	 45	 66	 63	 6	 16	 153	 6	 178	 561	 8	 16	 143	 4	 104	 299	 9	 38	 45	 66	 60	 7	 16	
4559	 10	 4820	 112	 25	 1466	 23	 351	 998	 4	 224	 6	 178	 87	 1152	 22	 1513	 29	 194	 97	 592	 7	 30	 45	 66	 78	 16	 799	 6	 209	 4	 799	 62	 193	 645	 24	 6	 141	 592	 121	 16	 799	 95	 299	 618	 7	 95	 87	 369	 7	
3532	 1	 13	 16	 799	 1986	 300	 427	 4	 1460	 6	 31	 9	 8	 143	 4	 104	 38	 45	 66	 4	 740	 39	 10	 6	 152	 7	 19	 6	 178	 1354	 8	 16	 104	 3828	 38	 17	 168	 667	 38	 74	 4	 74	 105	 24	 2626	 7	 6	 469	 20	
3532	 1	 13	 16	 799	 374	 894	 4	 762	 380	 497	 8	 622	 219	 1	 7	 13	 16	 57	 105	 24	 221	 19	 622	 219	 7	 527	 250	 7	 1407	 224	 6	 400	 50	 53	 7	 51	 6	 178	 9	 4	 762	 236	 35	 7	 6	 53	 1	 7	 6	
3532	 1	 13	 16	 799	 374	 894	 4	 762	 380	 95	 347	 10	 167	 38	 7	 29	 741	 2471	 57	 481	 104	 6	 656	 7	 30	 2593	 1577	 38	 14	 52	 7	 16	 153	 6	 178	 1983	 7	 1847	 6	 193	 152	 7	 1847	 6	 656	 18	 20	 346	 1811	
3532	 1	 13	 16	 799	 374	 894	 4	 762	 497	 8	 6	 52	 7	 57	 25	 57	 105	 7	 221	 19	 221	 666	 7	 622	 151	 7	 130	 177	 57	 481	 153	 6	 178	 1983	 86	 24	 6	 652	 7	 50	 215	 7	 6	 118	 52	 144	 1	 7	 30	
3532	 1	 13	 16	 799	 374	 894	 4	 762	 380	 62	 347	 540	 7	 178	 6	 178	 285	 6	 178	 1979	 4	 285	 12	 31	 9	 8	 143	 4	 104	 6	 178	 369	 7	 143	 6	 178	 52	 19	 67	 13	 16	 104	 38	 45	 66	 7	 6	 52	 144	
3532	 1	 13	 16	 799	 374	 894	 511	 4	 153	 497	 8	 17	 50	 215	 7	 464	 39	 4	 1370	 6	 618	 10	 14	 52	 7	 50	 53	 153	 6	 3093	 1200	 50	 41	 7	 118	 52	 144	 4	 85	 6	 488	 20	 14	 77	 7	 6	 618	 10	 111	
4559	 10	 4820	 16	 799	 1488	 756	 511	 4	 799	 6	 209	 10	 3409	 4	 799	 29	 565	 27	 1149	 6	 301	 56	 301	 29	 7	 154	 887	 93	 27	 887	 4	 887	 6	 1522	 289	 224	 345	 7	 48	 3719	 887	 4	 887	 6	 87	 19	 890	 7	 682	
