8	 58	 833	 46	 38	 24	 30	 99	 5	 3	 370	 3	 3	 3	 486	 5	 3	 3	 486	 3	 314	 8	 933	 48	 303	 1049	 4	 239	 5	 3	 21	 5	 3	 0	 0	 0	 0	 0	 0	 0	 0	 0	 0	 0	 0	 0	 0	 0	 0	 0	
23	 16	 3739	 171	 14	 281	 16	 108	 17	 95	 1009	 840	 4	 6	 473	 11	 771	 641	 17	 1986	 797	 10	 14	 35	 5	 3	 33	 1509	 38	 6	 474	 11	 480	 146	 171	 173	 58	 350	 275	 12	 322	 5	 3	 3	 2329	 5	 3	 3	 480	 103	
4	 433	 43	 72	 8	 58	 1	 11	 124	 17	 180	 73	 34	 74	 1	 79	 89	 63	 3	 73	 5	 3	 3	 407	 721	 5	 3	 3	 41	 72	 1034	 258	 279	 1786	 35	 5	 3	 1302	 193	 656	 33	 5	 3	 3	 123	 721	 5	 3	 3	 5	
14	 165	 16	 21	 46	 7	 50	 87	 289	 19	 83	 216	 52	 1	 42	 26	 2335	 1	 674	 150	 52	 7	 4	 47	 367	 35	 5	 3	 3	 1446	 476	 5	 3	 3	 3	 150	 211	 5	 3	 3	 3	 5	 3	 3	 3	 27	 5	 3	 5	 3	
13	 16	 21	 2710	 257	 9	 29	 75	 129	 675	 19	 136	 11	 136	 129	 27	 4	 152	 6	 101	 7	 741	 15	 101	 4	 1014	 7	 47	 2042	 175	 4	 110	 10	 14	 1955	 263	 249	 261	 5	 3	 3	 135	 27	 5	 3	 3	 381	 255	 411	 172	
6	 44	 834	 465	 4	 93	 10	 14	 636	 11	 208	 10	 6	 651	 10	 121	 8	 37	 1	 42	 26	 256	 431	 1	 14	 694	 5	 3	 1870	 135	 7	 14	 35	 1	 26	 17	 638	 10	 110	 11	 667	 42	 26	 2433	 87	 5	 3	 331	 1026	 289	
15	 366	 1	 2992	 198	 567	 386	 46	 5	 3	 1	 55	 268	 5	 1	 802	 2132	 2231	 1	 1034	 652	 268	 5	 3	 71	 169	 52	 69	 27	 5	 3	 198	 386	 572	 29	 67	 1951	 238	 17	 560	 80	 27	 75	 236	 2227	 73	 17	 1620	 2133	 7	
13	 16	 85	 12	 31	 9	 1	 220	 4294	 56	 1	 11	 20	 111	 473	 1380	 1	 2104	 1	 7	 111	 704	 16	 48	 424	 347	 10	 9	 181	 4	 47	 8	 20	 6	 35	 5	 3	 3	 35	 5	 3	 103	 5	 3	 1814	 19	 96	 5	 3	 3	
23	 9	 825	 39	 1436	 4	 314	 18	 12	 211	 10	 14	 35	 37	 268	 4	 130	 9	 28	 254	 1621	 1	 130	 55	 1	 80	 211	 7	 130	 1024	 8	 338	 4	 39	 5	 3	 331	 642	 12	 274	 10	 6	 618	 10	 1772	 87	 5	 3	 3	 1964	
15	 34	 552	 1	 371	 380	 12	 139	 4	 95	 45	 76	 166	 6	 52	 1	 6	 351	 36	 32	 1197	 38	 439	 10	 6	 131	 83	 1157	 1066	 105	 18	 13	 58	 239	 8	 19	 6	 108	 10	 83	 1849	 5	 3	 3	 3	 695	 914	 5	 3	 3	
72	 13	 21	 46	 3	 3	 3	 3	 3	 3	 3	 3	 3	 3	 3	 3	 3	 3	 3	 71	 630	 69	 3	 1951	 39	 3	 1156	 182	 279	 373	 39	 344	 4	 133	 373	 350	 990	 306	 1	 283	 1	 7	 285	 14	 84	 97	 7	 30	 289	 86	
2330	 16	 184	 95	 296	 220	 17	 136	 129	 75	 4238	 169	 11	 136	 263	 29	 399	 27	 11	 16	 143	 4	 184	 875	 22	 6	 2658	 10	 12	 129	 5	 3	 3	 3	 3	 3	 5	 3	 3	 3	 522	 5	 3	 3	 3	 3	 3	 3	 3	 3	
15	 110	 461	 1	 13	 16	 25	 32	 267	 4	 468	 12	 9	 1	 15	 67	 552	 13	 16	 186	 8	 4	 191	 12	 31	 9	 5	 3	 3	 556	 279	 407	 1026	 266	 803	 4	 314	 18	 12	 9	 28	 238	 94	 54	 8	 340	 22	 70	 747	 5	
56	 33	 44	 28	 243	 4	 2783	 1	 734	 22	 14	 665	 10	 297	 5	 3	 3	 3	 268	 2953	 1	 2917	 1	 5	 3	 3	 5	 3	 227	 3	 3	 3	 691	 1380	 5	 3	 3	 3	 3	 3	 3	 2396	 3	 5	 3	 3	 3	 3	 3	 3	
13	 21	 23	 9	 4	 491	 20	 8	 1	 4	 325	 20	 83	 2514	 87	 7	 151	 1	 7	 4	 89	 8	 166	 123	 205	 5	 3	 3	 3	 3	 3	 3	 3	 3	 3	 5	 3	 3	 3	 3	 3	 5	 3	 3	 5	 3	 3	 3	 3	 3	
28	 6	 49	 1764	 19	 6	 207	 10	 6	 55	 171	 49	 28	 745	 38	 7	 686	 73	 946	 74	 7	 6	 55	 19	 12	 55	 58	 410	 124	 1184	 20	 1616	 1048	 5	 3	 1012	 5	 3	 3	 5	 3	 3	 845	 721	 5	 3	 3	 3	 4382	 5	
8	 37	 3239	 14	 1577	 11	 24	 423	 17	 224	 4	 14	 35	 160	 46	 5	 3	 2329	 5	 3	 3	 3	 3	 3	 41	 3	 71	 50	 135	 446	 2132	 69	 27	 5	 3	 3	 5	 3	 3	 452	 135	 5	 3	 3	 3	 3	 721	 5	 3	 3	
8	 164	 32	 365	 18	 424	 659	 7	 151	 1316	 18	 21	 1	 188	 10	 1	 7	 4	 31	 9	 8	 225	 11	 852	 82	 6	 1490	 22	 23	 55	 11	 24	 855	 9	 32	 838	 38	 6	 45	 76	 52	 11	 82	 6	 145	 117	 10	 52	 5	 3	
112	 2516	 51	 9	 38	 190	 106	 233	 227	 3	 3	 22	 811	 947	 3	 10	 6	 159	 10	 9	 24	 103	 3	 2214	 7	 210	 148	 947	 10	 427	 4	 206	 134	 77	 5	 3	 3	 831	 3	 3	 3	 3	 3	 1148	 1033	 4634	 5	 3	 3	 3	
782	 492	 787	 15	 78	 585	 4	 11	 73	 6	 55	 5	 3	 3	 3	 379	 259	 1	 171	 3	 28	 655	 1908	 4	 186	 156	 4	 778	 111	 92	 1130	 38	 6	 232	 10	 634	 5	 3	 3	 3	 3518	 5	 3	 3	 5	 3	 3	 5	 3	 3	
2087	 402	 31	 49	 756	 64	 154	 303	 228	 15	 6	 271	 298	 7	 1332	 745	 4	 6	 271	 298	 26	 1126	 11	 71	 166	 31	 49	 69	 7	 20	 6	 498	 2340	 335	 69	 5	 3	 3	 1084	 5	 3	 3	 52	 243	 63	 3	 5	 3	 3	 3	
31	 536	 9	 1	 30	 411	 9	 1	 16	 32	 1050	 20	 30	 9	 38	 30	 78	 1	 42	 26	 291	 1	 11	 217	 22	 17	 212	 38	 18	 179	 192	 53	 5	 3	 3	 2329	 3	 3	 3	 3	 3	 3	 3	 5	 3	 3	 3	 3	 295	 3	
196	 16	 61	 329	 46	 22	 12	 91	 5	 3	 3	 289	 3	 1097	 22	 12	 654	 775	 10	 6	 654	 864	 5	 3	 3	 234	 22	 12	 50	 135	 125	 5	 3	 3	 1692	 114	 5	 3	 3	 242	 169	 97	 172	 5	 3	 3	 50	 41	 5	 3	
6	 9	 367	 16	 32	 153	 293	 19	 2590	 29	 2427	 7	 947	 27	 60	 3	 259	 1346	 1	 259	 952	 10	 33	 60	 7	 2541	 2433	 68	 5	 3	 3	 3	 3	 470	 3	 50	 41	 5	 3	 3	 3	 3	 3	 3	 3	 3	 53	 3	 3	 3	
79	 226	 18	 24	 100	 1	 8	 252	 18	 13	 36	 47	 12	 31	 9	 1	 75	 140	 25	 268	 4	 12	 98	 1	 527	 59	 1	 311	 102	 1	 7	 12	 136	 311	 102	 5	 3	 3	 3	 581	 5	 3	 3	 3	 5	 3	 3	 234	 5	 3	
171	 280	 7	 46	 16	 32	 1050	 20	 2433	 35	 7	 3724	 37	 220	 451	 1	 8	 58	 724	 194	 14	 254	 280	 182	 5	 3	 3	 995	 5	 3	 3	 35	 19	 14	 77	 5	 3	 3	 3	 52	 488	 784	 10	 14	 77	 4	 206	 1439	 17	 280	
6	 804	 36	 859	 300	 2465	 7	 1321	 67	 319	 4	 45	 66	 24	 6	 1355	 11	 469	 121	 16	 888	 20	 1513	 16	 21	 12	 31	 11	 302	 9	 15	 317	 20	 23	 223	 26	 237	 552	 2272	 5	 3	 3	 10	 173	 3	 84	 4859	 5	 3	 0	
40	 8	 132	 9	 4	 39	 195	 6	 41	 1	 13	 575	 51	 9	 4	 8	 5	 3	 3	 3	 192	 268	 33	 44	 250	 5	 3	 3	 525	 33	 44	 1524	 82	 12	 91	 5	 3	 3	 3	 122	 537	 5	 3	 3	 3	 3	 169	 5	 3	 3	
2574	 1	 8	 58	 1414	 6	 4813	 8	 396	 124	 22	 14	 41	 58	 210	 614	 4	 68	 12	 9	 5	 3	 3	 235	 480	 5	 3	 3	 103	 24	 307	 4	 67	 8	 58	 25	 493	 5	 3	 3	 28	 5	 3	 3	 3	 3	 5	 3	 3	 5	
612	 166	 510	 4	 33	 44	 3	 265	 3	 3	 3	 33	 44	 3	 3	 198	 3	 3	 3	 3	 3	 3	 55	 3	 3	 3	 3	 3	 3	 3	 3	 3	 3	 3	 1657	 3	 402	 3	 3	 402	 90	 88	 9	 38	 12	 1002	 20	 39	 54	 8	
13	 47	 8	 6	 558	 4	 224	 110	 10	 14	 35	 7	 255	 784	 4	 194	 72	 12	 9	 16	 32	 280	 4	 8	 1	 29	 806	 27	 15	 62	 448	 5	 3	 3	 5	 3	 3	 3	 3	 3	 5	 3	 3	 3	 630	 717	 5	 3	 5	 3	
6	 2099	 10	 14	 157	 28	 1074	 4	 14	 1059	 11	 14	 196	 133	 694	 275	 6	 1271	 10	 18	 246	 10	 91	 5	 3	 3	 0	 0	 0	 0	 0	 0	 0	 0	 0	 0	 0	 0	 0	 0	 0	 0	 0	 0	 0	 0	 0	 0	 0	 0	
62	 157	 16	 924	 22	 30	 3717	 50	 53	 1	 693	 17	 1156	 242	 16	 924	 26	 16	 32	 413	 5	 3	 414	 919	 1	 122	 128	 17	 223	 26	 12	 91	 246	 60	 176	 1	 196	 16	 329	 17	 122	 4	 12	 114	 40	 8	 143	 4	 143	 4	
19	 127	 1	 13	 16	 338	 70	 226	 693	 1441	 13	 36	 152	 12	 84	 2190	 1	 23	 1087	 1	 11	 21	 12	 790	 379	 4	 133	 8	 47	 39	 20	 12	 9	 22	 14	 41	 5	 3	 3	 33	 44	 2310	 6	 55	 117	 218	 4	 12	 55	 5	
13	 85	 23	 9	 20	 30	 99	 42	 26	 605	 1	 144	 10	 14	 397	 7	 670	 144	 7	 196	 4	 1	 7	 615	 488	 220	 14	 78	 1	 220	 6	 345	 5	 3	 3	 3	 3	 3	 3	 3	 3	 3	 3	 3	 5	 3	 3	 7	 452	 5	
8	 36	 727	 42	 297	 7	 159	 10	 12	 31	 49	 11	 21	 14	 2315	 1332	 5	 3	 3	 3	 3	 3	 33	 44	 3	 5	 3	 3	 3	 3	 3	 3	 691	 33	 5	 3	 3	 175	 5	 3	 3	 3	 3	 5	 3	 3	 691	 5	 3	 3	
40	 8	 316	 200	 125	 9	 43	 23	 1060	 7	 4	 344	 12	 320	 43	 25	 881	 23	 9	 86	 24	 62	 99	 1	 217	 222	 5	 3	 1012	 3	 3	 3	 3	 3	 33	 44	 60	 3	 3	 126	 142	 5	 3	 3	 3	 3	 3	 135	 3	 3	
8	 16	 285	 12	 81	 9	 73	 34	 74	 24	 1001	 15	 7	 100	 6	 444	 55	 1666	 5	 3	 568	 10	 444	 189	 212	 5	 3	 3	 3	 135	 5	 3	 3	 719	 3	 3	 3	 3	 3	 3	 346	 5	 3	 3	 3	 5	 3	 3	 3	 3	
134	 1924	 7	 22	 2004	 36	 319	 83	 906	 1109	 20	 156	 5	 3	 11	 742	 81	 753	 1	 753	 1	 753	 7	 286	 98	 276	 119	 48	 913	 1049	 4	 83	 139	 276	 6	 150	 24	 6	 315	 4	 47	 17	 95	 90	 536	 9	 43	 83	 1590	 5	
13	 36	 326	 8	 10	 6	 35	 18	 8	 11	 340	 20	 3	 11	 419	 9	 24	 497	 70	 422	 323	 817	 24	 307	 10	 12	 108	 5	 3	 3	 1100	 3	 3859	 1185	 5	 3	 3	 3	 3	 3	 3	 5	 3	 3	 3	 3	 3	 1100	 5	 3	
909	 1	 12	 31	 9	 16	 32	 86	 40	 8	 819	 4	 326	 134	 77	 460	 16	 491	 20	 30	 77	 5	 3	 3	 738	 306	 19	 6	 432	 96	 5	 3	 3	 3	 611	 611	 5	 3	 3	 3	 5	 3	 3	 1450	 5	 3	 3	 5	 3	 3	
13	 21	 141	 97	 99	 4	 414	 182	 1	 1325	 7	 414	 10	 97	 22	 14	 41	 7	 208	 57	 25	 885	 49	 94	 38	 62	 45	 66	 5	 3	 3	 1388	 92	 1	 35	 1	 369	 1	 182	 1	 241	 1	 11	 414	 1577	 5	 3	 3	 3	 3	
79	 32	 2200	 18	 13	 1306	 4	 210	 374	 614	 4	 314	 18	 12	 33	 28	 631	 5	 3	 5	 3	 1012	 4691	 5	 3	 3	 3	 289	 5	 3	 3	 3	 3	 50	 5	 3	 3	 911	 173	 5	 3	 3	 33	 534	 152	 5	 3	 1066	 3	 5	
40	 8	 57	 25	 339	 4	 104	 312	 38	 39	 1	 8	 16	 32	 267	 4	 551	 39	 17	 261	 11	 52	 239	 8	 58	 108	 150	 52	 5	 3	 3	 3	 3	 1396	 5	 3	 3	 3	 60	 3	 3	 5	 3	 3	 3	 3	 3	 3	 3	 3	
12	 114	 108	 16	 32	 425	 4	 17	 2207	 2041	 7	 754	 1641	 1213	 346	 5	 3	 3	 3	 3	 26	 70	 239	 18	 363	 12	 456	 5	 3	 3	 3	 3	 3	 11	 456	 5	 3	 3	 3	 3	 3	 3	 5	 3	 3	 5	 3	 3	 5	 3	
15	 110	 916	 1	 13	 16	 25	 32	 267	 4	 47	 8	 20	 6	 801	 211	 22	 110	 11	 6	 78	 5	 3	 3	 3	 77	 5	 3	 3	 2674	 3	 805	 5	 3	 3	 2329	 10	 95	 50	 53	 5	 3	 3	 3	 3	 3	 3	 3	 3	 1137	
62	 46	 16	 61	 32	 86	 4	 604	 4809	 10	 95	 149	 10	 14	 55	 1221	 28	 181	 19	 101	 1107	 4	 57	 105	 5	 3	 3	 495	 5	 3	 434	 3	 1034	 777	 1395	 5	 3	 29	 71	 1497	 69	 71	 1680	 22	 69	 27	 5	 3	 3	 52	
34	 9	 8	 1132	 43	 12	 200	 1337	 761	 1	 36	 32	 739	 38	 6	 261	 5	 3	 234	 10	 12	 172	 5	 3	 3	 511	 234	 5	 3	 1349	 5	 3	 3	 3	 122	 5	 3	 568	 5	 3	 3	 234	 5	 3	 3	 50	 135	 5	 3	 3	
430	 1	 15	 760	 832	 18	 8	 37	 17	 340	 3	 14	 52	 7	 4	 68	 3302	 7	 1132	 192	 68	 7	 890	 145	 65	 219	 5	 3	 3	 3	 3	 3	 3	 3	 3	 71	 287	 775	 3	 69	 3	 3	 3	 3	 3	 2981	 3	 3	 3938	 3	
79	 2216	 18	 13	 57	 25	 216	 44	 38	 34	 80	 10	 6	 41	 11	 14	 35	 5	 3	 3	 3	 33	 863	 5	 3	 3	 148	 3	 5	 3	 3	 3	 3	 5	 3	 5	 3	 3	 3	 3	 3	 3	 3	 3	 3	 691	 5	 3	 3	 452	
13	 61	 57	 25	 2242	 19	 190	 56	 68	 4	 6	 400	 50	 53	 361	 26	 191	 650	 15	 6	 33	 44	 15	 14	 53	 11	 24	 701	 39	 5	 3	 3	 1919	 81	 1484	 5	 3	 3	 3	 3	 5	 3	 3	 198	 204	 197	 5	 3	 3	 3	
15	 110	 461	 1	 13	 16	 47	 292	 49	 43	 8	 1	 42	 26	 12	 213	 1	 3953	 1	 480	 7	 480	 9	 1	 40	 218	 5	 3	 3	 2363	 5	 3	 198	 15	 6	 334	 279	 15	 95	 657	 5	 3	 3	 5	 3	 3	 3	 3	 3	 3	
1445	 1596	 198	 46	 4	 201	 111	 92	 7	 35	 5	 3	 3	 801	 211	 15	 6	 97	 7	 41	 955	 5	 3	 3	 55	 3	 41	 3	 3	 3	 3	 3	 3	 3	 3	 3	 55	 3	 3	 3	 3	 3	 3	 55	 3	 41	 5	 3	 3	 3	
42	 1491	 741	 21	 83	 216	 46	 4	 273	 6	 759	 10	 237	 80	 121	 119	 36	 32	 3380	 4	 14	 87	 5	 3	 3	 52	 1580	 1094	 1	 135	 1373	 7	 103	 5	 3	 10	 3864	 192	 1094	 5	 3	 5	 3	 2132	 4693	 165	 5	 3	 5	 3	
176	 1	 276	 8	 385	 46	 1	 8	 16	 25	 193	 5	 3	 27	 3	 5	 3	 1035	 10	 46	 231	 15	 14	 122	 5	 3	 122	 1973	 5	 3	 3	 2240	 3	 24	 14	 258	 5	 3	 172	 5	 3	 3	 3	 135	 3	 5	 3	 3	 3	 1905	
1161	 146	 144	 4	 47	 6	 432	 947	 10	 282	 19	 31	 49	 1	 42	 26	 17	 362	 163	 1	 101	 318	 7	 429	 1281	 5	 3	 3	 3983	 41	 5	 3	 3	 3	 1318	 2091	 24	 6	 49	 332	 4	 6	 672	 5	 3	 3	 49	 33	 1480	 5	
29	 194	 197	 27	 19	 797	 96	 5	 27	 3	 3	 122	 417	 7	 942	 5	 3	 398	 172	 3	 27	 5	 3	 3	 4781	 125	 801	 92	 5	 3	 3	 1012	 3	 3	 5	 3	 3	 3	 173	 50	 92	 5	 3	 3	 3	 3	 3	 3	 3	 3	
110	 298	 424	 659	 16	 319	 371	 42	 1375	 24	 2546	 115	 11	 67	 16	 1863	 199	 10	 12	 31	 9	 11	 424	 170	 1187	 5	 3	 29	 27	 5	 3	 480	 329	 29	 1503	 27	 60	 3	 29	 1503	 10	 2466	 27	 5	 3	 3	 5	 3	 5	 3	
8	 16	 25	 32	 267	 4	 277	 11	 21	 95	 149	 22	 6	 35	 1	 75	 884	 18	 16	 32	 528	 22	 24	 45	 66	 5	 3	 3	 3	 3	 3	 3	 5	 3	 3	 3	 3	 5	 3	 3	 3	 3	 3	 5	 3	 3	 3	 3	 3	 3	
543	 218	 4	 6	 9	 13	 51	 1	 13	 16	 61	 47	 150	 52	 24	 1437	 24	 6	 498	 721	 10	 1076	 166	 6	 393	 531	 33	 665	 5	 3	 3	 3	 24	 1939	 12	 49	 5	 3	 0	 0	 0	 0	 0	 0	 0	 0	 0	 0	 0	 0	
40	 8	 316	 200	 125	 9	 43	 2635	 58	 25	 32	 86	 4	 32	 86	 1	 58	 77	 58	 32	 1197	 10	 18	 45	 76	 97	 7	 256	 56	 344	 43	 8	 3	 75	 12	 546	 5	 3	 3	 3	 3	 3	 55	 3	 5	 3	 3	 3	 135	 29	
62	 46	 37	 86	 4	 471	 6	 4752	 200	 3897	 1	 7	 171	 14	 77	 16	 507	 125	 9	 5	 3	 993	 5	 3	 5	 3	 2596	 495	 46	 5	 3	 3	 3	 3	 3	 3	 3	 192	 5	 3	 3	 3	 3	 3	 3	 2240	 5	 3	 3	 3	
1072	 168	 7	 523	 192	 3	 5	 3	 3	 24	 3417	 6	 1328	 596	 3	 16	 1231	 191	 306	 678	 18	 28	 82	 6	 35	 1	 6	 804	 56	 406	 7	 110	 248	 195	 6	 89	 9	 195	 6	 187	 197	 5	 3	 1349	 10	 6	 917	 5	 3	 5	
15	 986	 105	 1	 968	 157	 763	 6	 118	 1	 16	 21	 17	 122	 4	 604	 110	 11	 25	 248	 10	 17	 41	 22	 34	 50	 41	 1	 42	 26	 17	 80	 1010	 22	 5	 3	 3	 135	 172	 5	 3	 3	 3	 3	 3	 3	 3	 3	 135	 5	
10	 31	 49	 42	 26	 49	 94	 22	 6	 55	 7	 45	 66	 16	 690	 1874	 10	 111	 216	 272	 5	 3	 3	 1641	 2878	 234	 5	 3	 3	 3	 3	 3	 3	 3	 3	 3	 3	 10	 49	 5	 3	 3	 4382	 1	 198	 7	 525	 35	 5	 3	
8	 47	 254	 42	 9	 40	 64	 28	 1112	 5	 3	 3	 3997	 5	 3	 234	 320	 5	 3	 3	 3	 234	 3	 3	 3	 2743	 3	 8	 58	 12	 81	 5	 3	 3	 234	 5	 3	 3	 3	 3	 3	 146	 5	 3	 3	 1945	 5	 3	 3	 3	
18	 13	 36	 132	 6	 599	 8	 47	 4	 6	 41	 109	 19	 6	 207	 10	 236	 8	 20	 68	 4	 6	 1530	 8	 21	 5	 3	 3	 3	 3	 7	 685	 1097	 5	 3	 495	 1026	 1040	 873	 52	 144	 5	 3	 169	 97	 2263	 29	 71	 3567	 5	
72	 57	 372	 68	 7	 180	 444	 172	 227	 3	 3	 3	 3	 3	 3	 3	 3	 227	 3	 227	 227	 3	 3	 227	 3	 1	 84	 3	 227	 103	 227	 3	 227	 3	 227	 217	 22	 71	 444	 653	 1	 444	 28	 444	 357	 227	 71	 1302	 182	 346	
302	 4	 6	 96	 191	 650	 278	 1	 3573	 3605	 4876	 1068	 50	 41	 352	 32	 682	 4	 1426	 6	 137	 4	 6	 135	 71	 69	 71	 621	 69	 29	 71	 69	 27	 5	 3	 3	 3	 3	 173	 53	 71	 69	 5	 3	 84	 5	 3	 3	 5	 3	
40	 8	 316	 200	 125	 9	 43	 62	 657	 1	 79	 217	 222	 5	 3	 5	 3	 3	 393	 531	 3	 3	 279	 33	 3	 5	 3	 3	 2132	 1503	 33	 5	 3	 568	 5	 3	 3	 55	 3	 3	 55	 5	 3	 3	 33	 1066	 5	 3	 3	 3	
97	 446	 4414	 21	 46	 57	 109	 328	 83	 182	 11	 865	 83	 242	 29	 140	 25	 6	 822	 16	 194	 6	 46	 22	 12	 114	 24	 573	 71	 69	 27	 15	 6	 41	 18	 464	 6	 242	 169	 5	 3	 3	 3	 691	 55	 5	 3	 3	 3	 3	
19	 127	 1	 40	 8	 823	 6	 323	 4	 1605	 4	 64	 1	 8	 1681	 4	 6	 52	 1	 551	 8	 25	 4	 104	 156	 3	 7	 38	 134	 1774	 26	 15	 6	 271	 298	 1	 54	 8	 1062	 12	 98	 5	 3	 3	 3	 3	 279	 902	 5	 3	
130	 347	 10	 9	 13	 51	 43	 8	 16	 21	 11	 132	 64	 3	 3	 82	 18	 13	 47	 1	 726	 30	 347	 10	 9	 11	 82	 14	 203	 18	 13	 838	 26	 146	 19	 8	 82	 21	 10	 6	 35	 5	 3	 3	 3	 3	 3	 3	 3	 3	
6	 608	 52	 144	 37	 555	 73	 1	 1322	 5	 3	 2991	 5	 3	 3	 214	 886	 1282	 241	 5	 3	 33	 44	 1623	 492	 7	 217	 222	 4	 350	 865	 14	 393	 531	 33	 665	 217	 222	 5	 3	 175	 5	 3	 3	 3	 5	 3	 3	 33	 135	
62	 157	 16	 32	 518	 4	 8	 304	 22	 9	 116	 24	 8	 26	 248	 10	 71	 46	 69	 4	 51	 95	 49	 238	 24	 95	 45	 76	 177	 5	 3	 3	 3087	 3710	 3087	 5	 3	 3	 379	 1	 288	 102	 27	 5	 3	 169	 3	 3	 3	 3	
