9	 8	 677	 132	 4	 39	 60	 3	 3	 3	 417	 3	 417	 11	 417	 102	 60	 34	 234	 10	 441	 8	 104	 54	 1891	 185	 81	 309	 227	 3	 27	 3	 3	 5	 3	 3	 775	 3	 102	 27	 5	 3	 3	 3	 3	 3	 3	 3	 3	 3	
1993	 4	 2892	 22	 416	 485	 24	 62	 78	 28	 1057	 15	 12	 345	 1	 105	 8	 164	 1268	 18	 49	 56	 33	 335	 19	 6	 1202	 10	 6	 125	 290	 12	 794	 1	 11	 24	 1498	 2056	 10	 74	 10	 6	 49	 915	 5	 3	 1155	 2902	 191	 719	
54	 8	 21	 14	 35	 1	 12	 9	 28	 231	 15	 14	 294	 5	 3	 3	 1332	 845	 71	 49	 1408	 5	 69	 3	 568	 137	 5	 3	 3	 5	 3	 33	 175	 7	 6	 90	 536	 9	 18	 8	 262	 4	 39	 5	 3	 3	 26	 353	 26	 17	
97	 11	 126	 2083	 24	 1334	 1	 3	 26	 16	 32	 737	 11	 602	 4	 2205	 11	 208	 60	 7	 3	 3	 29	 1686	 10	 6	 2480	 27	 5	 3	 3	 3	 3	 146	 5	 3	 3	 5	 3	 3	 3	 3	 5	 3	 3	 3	 135	 5	 3	 3	
3	 1123	 279	 4805	 28	 190	 106	 6	 213	 10	 233	 37	 1186	 4	 21	 6	 53	 145	 190	 585	 4	 1360	 106	 1027	 697	 10	 213	 32	 1948	 697	 10	 213	 5	 3	 611	 697	 26	 2181	 24	 6	 80	 227	 54	 8	 37	 106	 6	 213	 10	 1027	
1547	 36	 25	 132	 9	 15	 101	 4	 690	 11	 443	 6	 52	 5	 3	 3	 3	 1	 431	 11	 111	 165	 5	 3	 3	 268	 5	 3	 3	 3	 3	 5	 3	 3	 3	 5	 3	 3	 3	 5	 3	 3	 3	 3	 5	 3	 3	 5	 3	 3	
8	 58	 887	 4	 21	 62	 46	 371	 1423	 17	 418	 5	 3	 3	 1	 8	 16	 819	 4	 54	 13	 48	 438	 95	 90	 88	 9	 43	 8	 276	 8	 143	 4	 85	 64	 20	 39	 5	 3	 3	 3	 3	 3	 268	 5	 3	 3	 3	 3	 5	
2264	 112	 25	 21	 676	 7	 1998	 103	 427	 4	 932	 49	 436	 349	 5	 3	 28	 25	 14	 1619	 620	 682	 10	 1220	 1	 1235	 1	 68	 1	 68	 1	 277	 1	 600	 11	 2240	 5	 3	 3	 3	 3	 3	 3	 3	 3	 5	 3	 3	 3	 3	
4	 433	 125	 43	 256	 397	 46	 1	 79	 1268	 156	 5	 3	 3	 3	 5	 3	 227	 1503	 268	 3	 227	 189	 227	 3	 5	 3	 3	 1302	 52	 1450	 177	 227	 1058	 106	 12	 169	 97	 1188	 880	 97	 35	 5	 3	 652	 289	 3	 71	 1388	 754	
4	 133	 314	 18	 2006	 28	 125	 1000	 1	 2279	 1	 130	 207	 13	 57	 481	 1436	 4	 48	 303	 1146	 3	 512	 89	 150	 60	 3	 3	 84	 593	 60	 17	 122	 28	 86	 4	 120	 732	 5	 3	 3	 417	 5	 3	 3	 2132	 3	 5	 3	 3	
2583	 1189	 2563	 1	 1180	 2583	 1189	 2563	 1	 1180	 5	 3	 1	 1369	 3	 2563	 1	 717	 5	 3	 3	 3	 3	 3	 691	 3	 50	 173	 3	 5	 3	 3	 3	 3	 1034	 2840	 5	 3	 3	 3	 495	 29	 27	 2621	 3	 29	 71	 69	 27	 71	
539	 628	 29	 50	 4558	 1669	 27	 3	 186	 50	 41	 4	 395	 905	 763	 6	 41	 5	 3	 3	 3	 3	 3	 5	 3	 3	 3	 3	 3	 3	 3	 3	 3	 3	 3	 3	 3	 3	 1654	 5	 3	 3	 5	 3	 3	 3	 3	 3	 3	 5	
29	 611	 27	 3216	 10	 6	 87	 15	 67	 6	 1598	 37	 4251	 29	 75	 1027	 27	 5	 3	 29	 1027	 27	 69	 27	 5	 3	 3	 364	 5	 3	 3	 5	 3	 5	 3	 3	 5	 3	 3	 5	 3	 3	 5	 3	 3	 5	 3	 3	 5	 3	
254	 50	 155	 37	 1152	 22	 17	 766	 759	 24	 1059	 121	 48	 68	 37	 590	 168	 9	 5	 3	 135	 5	 3	 1349	 10	 50	 5	 3	 3	 3	 3	 50	 41	 5	 3	 3	 173	 5	 3	 3	 537	 5	 3	 3	 3	 5	 3	 3	 5	 3	
413	 28	 3665	 4	 14	 392	 11	 170	 1037	 54	 13	 315	 4	 85	 12	 9	 7	 13	 48	 17	 123	 315	 4	 305	 7	 1279	 429	 11	 4	 6	 366	 1084	 935	 11	 30	 569	 1084	 2940	 5	 3	 3	 170	 752	 60	 3	 11	 289	 448	 5	 3	
13	 603	 18	 8	 216	 128	 17	 766	 18	 1547	 28	 587	 4	 120	 93	 10	 12	 9	 28	 1264	 2545	 520	 4	 327	 39	 9	 43	 8	 5	 3	 3	 5	 3	 1012	 3	 19	 8	 5	 3	 3	 3	 3	 5	 3	 2329	 22	 1575	 10	 18	 9	
495	 46	 186	 39	 4	 338	 273	 10	 12	 205	 22	 17	 50	 41	 80	 211	 5	 3	 3	 55	 397	 3	 476	 5	 3	 234	 10	 74	 5	 3	 234	 67	 74	 12	 50	 91	 1338	 333	 12	 107	 17	 135	 7	 107	 6	 41	 5	 3	 3	 3	
951	 1	 8	 16	 32	 687	 4	 47	 479	 9	 42	 26	 12	 98	 7	 873	 59	 5	 3	 5	 3	 3	 3	 293	 10	 6	 366	 296	 18	 8	 124	 5	 3	 3	 3	 5	 3	 3	 234	 5	 3	 3	 850	 5	 3	 3	 102	 5	 3	 3	
6	 35	 37	 116	 15	 1119	 20	 6	 1901	 50	 41	 15	 101	 4	 999	 6	 767	 10	 6	 50	 135	 5	 3	 2227	 22	 6	 315	 10	 773	 26	 1530	 26	 313	 26	 4	 727	 6	 41	 5	 3	 3053	 5	 3	 3	 3	 1529	 115	 5	 3	 3	
17	 1355	 4447	 28	 86	 4	 51	 9	 18	 28	 86	 4	 206	 8	 54	 8	 240	 1	 11	 240	 4	 21	 6	 1955	 263	 1	 42	 26	 6	 3411	 225	 656	 1	 7	 26	 248	 10	 6	 1759	 1187	 19	 8	 5	 3	 3	 3	 3	 3	 3	 3	
6	 46	 453	 6	 71	 4288	 69	 453	 4	 329	 172	 1	 7	 411	 172	 18	 1239	 329	 337	 15	 6	 41	 140	 37	 25	 477	 4	 9	 18	 112	 25	 309	 206	 8	 5	 3	 3	 656	 3	 1533	 5	 3	 3	 2698	 3	 5	 3	 3	 3	 1012	
42	 496	 16	 32	 555	 310	 10	 6	 895	 10	 42	 1725	 15	 1757	 5	 3	 3	 1185	 1187	 10	 6	 243	 10	 6	 180	 15	 6	 159	 10	 49	 15	 6	 334	 10	 6	 280	 11	 146	 5	 3	 3	 5	 3	 10	 10	 1472	 5	 3	 5	 3	
1279	 7	 305	 429	 11	 1483	 1	 384	 68	 11	 373	 1113	 68	 4	 14	 41	 1	 205	 7	 34	 296	 60	 3	 3	 3	 3	 3	 3	 30	 103	 5	 3	 3	 692	 5	 3	 3	 692	 5	 3	 3	 3	 3	 692	 5	 3	 3	 5	 3	 3	
1005	 10	 31	 49	 3	 3518	 3	 3	 3	 2180	 3	 3	 462	 383	 3	 3	 3	 3	 3	 4007	 5	 3	 3	 3	 3	 19	 534	 20	 6	 477	 259	 5	 3	 3	 5	 3	 3	 3	 3	 3	 259	 27	 5	 3	 3	 3	 5	 3	 3	 3	
242	 470	 63	 13	 16	 1014	 11	 302	 704	 29	 30	 736	 27	 7	 816	 18	 8	 19	 83	 92	 7	 35	 22	 237	 185	 11	 125	 10	 14	 78	 5	 3	 3	 3	 1378	 50	 135	 5	 3	 3	 3	 5	 3	 3	 3	 3	 968	 1034	 5	 3	
2011	 28	 6	 49	 1764	 10	 12	 474	 171	 218	 63	 3	 2266	 28	 86	 15	 6	 271	 298	 1	 171	 23	 357	 555	 310	 6	 271	 298	 145	 5	 3	 669	 19	 282	 19	 6	 96	 15	 2146	 6	 1009	 835	 897	 5	 27	 5	 3	 3	 5	 3	
13	 16	 712	 12	 9	 20	 9	 13	 51	 38	 30	 99	 20	 9	 13	 51	 309	 38	 8	 5	 3	 3	 173	 9	 13	 51	 26	 313	 26	 9	 43	 12	 68	 4	 12	 31	 9	 5	 3	 3	 3	 3	 3	 632	 35	 27	 5	 3	 3	 102	
2894	 464	 8	 4	 4489	 7	 85	 2142	 87	 15	 111	 1409	 22	 17	 800	 10	 50	 53	 7	 141	 1094	 5	 3	 3	 35	 2360	 5	 3	 2496	 5	 3	 3	 1826	 5	 3	 3	 3	 2360	 207	 5	 3	 3	 3	 5	 3	 3	 3	 41	 3	 192	
6	 667	 7	 161	 59	 28	 2592	 86	 4	 68	 129	 255	 5	 3	 3	 28	 191	 650	 278	 5	 3	 3	 102	 10	 174	 2779	 82	 14	 50	 294	 11	 263	 364	 86	 4	 104	 343	 1675	 5	 3	 3	 217	 135	 3	 5	 3	 3	 50	 1046	 7	
567	 13	 1	 7	 6	 469	 16	 983	 123	 862	 1	 51	 1	 1247	 1	 7	 124	 21	 10	 6	 35	 204	 15	 23	 33	 44	 5	 3	 3	 3	 5	 3	 5	 3	 5	 3	 3	 5	 3	 3	 5	 3	 3	 5	 3	 3	 5	 3	 3	 5	
13	 36	 504	 42	 9	 26	 705	 26	 12	 81	 28	 1111	 11	 26	 846	 4	 47	 8	 35	 5	 3	 3	 3	 19	 126	 96	 5	 3	 3	 52	 3	 5	 3	 3	 52	 19	 126	 96	 5	 3	 3	 3	 3	 3	 3	 3	 3	 41	 5	 3	
13	 48	 1366	 103	 427	 13	 1267	 374	 7	 300	 4	 120	 450	 6	 624	 1	 789	 11	 969	 10	 6	 9	 106	 14	 188	 337	 6	 1281	 10	 17	 55	 82	 14	 118	 7	 582	 5	 3	 3	 0	 0	 0	 0	 0	 0	 0	 0	 0	 0	 0	
909	 1	 93	 4170	 7	 2465	 787	 15	 6	 2512	 753	 1065	 93	 87	 485	 22	 6	 1356	 2050	 7	 2178	 6	 1356	 370	 37	 6	 2154	 15	 6	 1102	 117	 10	 52	 5	 3	 1040	 3	 117	 10	 21	 5	 3	 33	 5	 3	 3	 3	 3192	 863	 10	
72	 13	 338	 9	 43	 64	 2735	 304	 15	 6	 366	 207	 7	 9	 304	 22	 6	 2658	 10	 6	 695	 67	 8	 48	 340	 5	 3	 3	 3	 3	 3	 3	 3	 3	 3	 3	 3	 3	 3	 3	 3	 3	 3	 3	 3	 3	 3	 3	 3	 3	
400	 112	 25	 47	 12	 31	 9	 4	 34	 45	 66	 1	 75	 12	 65	 59	 5	 3	 3	 1084	 3	 1026	 498	 1100	 5	 3	 0	 0	 0	 0	 0	 0	 0	 0	 0	 0	 0	 0	 0	 0	 0	 0	 0	 0	 0	 0	 0	 0	 0	 0	
2364	 1824	 3183	 6	 1995	 665	 19	 93	 138	 10	 182	 105	 18	 13	 58	 2159	 17	 421	 841	 10	 55	 841	 19	 12	 1202	 5	 3	 0	 0	 0	 0	 0	 0	 0	 0	 0	 0	 0	 0	 0	 0	 0	 0	 0	 0	 0	 0	 0	 0	 0	
109	 17	 307	 4	 273	 67	 368	 37	 10	 6	 347	 10	 241	 4	 6	 50	 1	 105	 6	 50	 1415	 70	 1211	 1038	 211	 5	 3	 3	 234	 10	 50	 135	 5	 3	 234	 5	 3	 3	 3	 3	 145	 135	 5	 3	 135	 5	 3	 3	 3	 55	
23	 28	 1512	 371	 17	 758	 18	 8	 48	 1085	 5	 3	 235	 1638	 991	 29	 27	 19	 676	 29	 235	 1638	 991	 27	 5	 3	 3	 55	 1524	 3	 654	 5	 3	 3	 5	 3	 3	 3	 3	 780	 780	 15	 12	 721	 10	 55	 29	 40	 8	 143	
13	 816	 18	 281	 109	 6	 1431	 66	 164	 1268	 18	 12	 48	 1565	 83	 33	 44	 5	 3	 3	 5	 3	 1623	 307	 15	 606	 12	 33	 5	 3	 1007	 1012	 5	 3	 393	 531	 3	 2149	 5	 3	 3	 3	 699	 5	 3	 4037	 5	 3	 3	 1012	
20	 45	 76	 46	 3	 16	 32	 158	 19	 8	 4	 68	 62	 149	 15	 1119	 20	 185	 10	 14	 78	 5	 3	 135	 1026	 136	 33	 44	 7	 30	 302	 9	 22	 12	 129	 5	 3	 3	 1544	 3	 3	 3	 3	 1302	 217	 52	 5	 3	 1012	 3	
63	 3	 1	 2203	 3	 1	 3	 5	 3	 331	 1	 3	 1	 2917	 1	 1369	 3	 3	 1	 5	 3	 173	 3	 3	 1369	 7	 154	 858	 3	 422	 1076	 29	 71	 1741	 69	 27	 1	 78	 37	 15	 6	 63	 3	 3	 1369	 253	 1942	 5	 3	 3	
578	 13	 57	 481	 132	 12	 31	 9	 4	 62	 99	 1	 57	 6	 78	 19	 83	 216	 150	 9	 276	 8	 143	 4	 47	 92	 11	 35	 20	 67	 8	 316	 200	 5	 3	 3	 3	 3	 3	 3	 3	 3	 5	 3	 3	 3	 3	 3	 3	 3	
4	 891	 34	 1024	 10	 12	 441	 3	 1	 15	 17	 357	 18	 5	 3	 3	 3	 3	 3	 3	 3	 3	 3	 3	 3	 3	 3	 3	 3	 3	 3	 3	 3	 3	 5	 3	 3	 3	 3	 3	 3	 3	 3	 3	 3	 3	 3	 3	 3	 3	
29	 17	 27	 90	 536	 9	 1604	 24	 8	 29	 75	 70	 1558	 1	 2717	 19	 17	 547	 1	 472	 1	 472	 1	 11	 262	 480	 480	 60	 3	 9	 27	 60	 3	 605	 60	 3	 850	 1	 167	 29	 3434	 729	 1	 582	 11	 582	 2541	 27	 60	 3	
13	 21	 411	 9	 43	 97	 4	 8	 7	 208	 4	 275	 130	 77	 37	 100	 83	 97	 7	 126	 312	 5	 3	 3	 147	 864	 19	 14	 258	 145	 21	 5	 3	 3	 3	 3	 3	 593	 3	 5	 3	 3	 534	 3	 1012	 3	 1023	 24	 14	 150	
130	 3440	 112	 372	 124	 43	 227	 3	 3	 3	 227	 3	 3	 7	 1005	 3	 5	 3	 3	 3	 3	 227	 3	 3	 3	 3	 3	 3	 3	 3	 3	 3	 1314	 3	 3	 3	 3	 3	 346	 3	 3	 3	 3	 3	 3	 3	 3	 3	 3	 3	
323	 1	 546	 7	 1974	 1145	 1	 26	 174	 16	 808	 106	 6	 286	 56	 49	 436	 1018	 11	 739	 5	 3	 5	 3	 74	 5	 3	 28	 253	 4	 7	 1500	 4	 6	 218	 33	 44	 5	 3	 3	 1185	 103	 44	 5	 3	 3	 5	 3	 3	 5	
26	 70	 127	 1	 13	 16	 25	 32	 267	 4	 68	 12	 1735	 296	 22	 14	 41	 20	 30	 728	 281	 10	 21	 10	 14	 35	 4	 373	 141	 87	 5	 3	 3	 495	 46	 5	 3	 3	 495	 122	 5	 3	 864	 22	 12	 114	 105	 18	 13	 58	
64	 16	 32	 511	 19	 199	 450	 11	 699	 93	 183	 4	 3536	 6	 172	 7	 142	 10	 751	 192	 370	 19	 21	 10	 6	 41	 5	 3	 3	 3	 3	 3	 1654	 5	 3	 3	 5	 3	 3	 5	 3	 3	 3	 1	 5	 3	 3	 3	 3	 5	
44	 22	 291	 155	 3	 725	 72	 281	 16	 85	 6	 2626	 81	 9	 1	 7	 968	 284	 906	 657	 5	 3	 3	 3	 35	 5	 3	 234	 7	 74	 60	 3	 1040	 78	 5	 3	 3	 3	 3	 3	 3	 3	 5	 3	 3	 3	 5	 3	 3	 3	
50	 215	 186	 8	 4	 21	 31	 29	 145	 11	 847	 27	 15	 1119	 20	 46	 29	 741	 845	 1819	 628	 11	 27	 5	 3	 27	 3	 135	 29	 17	 286	 114	 27	 6	 50	 3060	 274	 177	 22	 12	 114	 5	 3	 1	 173	 16	 557	 55	 488	 22	
38	 3169	 13	 16	 47	 187	 4	 45	 76	 78	 1	 67	 36	 32	 6	 432	 97	 2273	 1498	 22	 185	 10	 6	 432	 432	 78	 5	 3	 3	 5	 3	 3	 3	 452	 5	 3	 126	 165	 133	 196	 133	 39	 918	 6	 87	 10	 6	 78	 5	 3	
11	 1198	 744	 43	 380	 2586	 241	 3	 92	 11	 35	 3	 3	 3	 3	 3	 3	 3	 3	 3	 721	 1	 3	 1034	 150	 52	 721	 3	 721	 3	 3	 5	 3	 3	 721	 3	 3	 721	 3	 135	 721	 3	 135	 3	 3	 135	 3	 28	 598	 5	
13	 36	 326	 8	 10	 62	 510	 7	 241	 11	 35	 1	 11	 320	 43	 62	 198	 6	 645	 15	 329	 4	 373	 1891	 22	 62	 427	 7	 67	 13	 48	 300	 5	 3	 3	 5	 3	 3	 33	 5	 3	 5	 3	 3	 5	 3	 3	 5	 3	 3	
13	 16	 21	 9	 94	 15	 229	 20	 46	 4	 389	 518	 87	 1	 42	 26	 87	 1	 97	 11	 30	 35	 1	 42	 26	 440	 1	 343	 117	 1	 419	 11	 419	 250	 1	 273	 441	 7	 542	 41	 205	 5	 3	 3	 0	 0	 0	 0	 0	 0	
23	 1646	 12	 744	 43	 14	 33	 142	 7	 6	 320	 8	 58	 124	 5	 3	 1	 33	 392	 3	 568	 878	 135	 38	 590	 6	 55	 38	 12	 678	 5	 3	 3	 33	 5	 3	 3	 55	 5	 3	 3	 3	 3	 3	 5	 3	 3	 3	 691	 41	
72	 13	 51	 42	 50	 9	 3	 3	 3	 3	 3	 3	 3	 3	 3	 3	 3	 3	 3	 539	 3	 539	 3	 241	 145	 50	 294	 1	 942	 13	 37	 502	 4	 57	 105	 1	 942	 19	 18	 207	 1	 7	 14	 669	 50	 3559	 1813	 7	 1076	 279	
15	 245	 1	 8	 16	 143	 4	 414	 6	 178	 291	 9	 26	 70	 71	 4288	 69	 334	 5	 3	 3	 2476	 1	 260	 1	 509	 5	 3	 337	 67	 36	 32	 1166	 4	 39	 1	 36	 32	 2224	 4	 12	 31	 9	 731	 22	 6	 1237	 35	 5	 3	
26	 13	 254	 23	 1101	 28	 13	 1267	 4	 32	 1	 4314	 20	 70	 2558	 211	 10	 14	 55	 1	 2454	 10	 4262	 7	 397	 874	 14	 80	 7	 6	 10	 6	 155	 626	 4139	 220	 14	 53	 5	 3	 3	 3	 3	 3	 3	 3	 3	 3	 3	 3	
176	 1	 95	 904	 10	 14	 52	 28	 25	 625	 4	 32	 17	 1642	 4	 6	 1368	 5	 3	 3	 864	 787	 15	 6	 41	 56	 457	 1037	 5	 3	 3	 2363	 22	 6	 234	 10	 18	 46	 5	 3	 3	 5	 3	 3	 683	 5	 3	 3	 2240	 818	
137	 4	 6	 33	 44	 3	 929	 3	 3	 3	 3	 3	 934	 1040	 68	 5	 3	 3	 1294	 1294	 27	 3	 683	 5	 3	 3	 452	 5	 3	 7	 1294	 1294	 5	 3	 3	 452	 5	 3	 5	 3	 3	 1769	 5	 3	 3	 3	 5	 3	 3	 3	
62	 78	 16	 1642	 44	 56	 49	 33	 142	 11	 48	 284	 117	 7	 358	 191	 650	 15	 23	 33	 44	 5	 3	 7	 392	 10	 83	 33	 142	 5	 3	 1789	 3	 150	 1211	 9	 166	 255	 7	 205	 10	 190	 5	 3	 1094	 67	 154	 303	 1058	 11	
8	 36	 48	 6	 520	 73	 34	 74	 5	 3	 33	 1	 7	 13	 58	 47	 12	 31	 49	 7	 126	 172	 43	 14	 52	 1	 13	 16	 21	 12	 90	 88	 9	 20	 14	 165	 5	 3	 3	 35	 4	 133	 39	 275	 12	 1235	 668	 5	 3	 3	
14	 33	 151	 166	 65	 37	 25	 1461	 14	 81	 1	 7	 13	 37	 25	 2068	 235	 6	 209	 4	 791	 454	 1435	 4	 17	 682	 5	 3	 3	 5	 3	 5	 3	 3	 5	 3	 3	 3	 5	 3	 3	 5	 3	 3	 5	 3	 3	 5	 3	 5	
130	 43	 103	 427	 3	 3	 3	 3	 3	 3	 3	 446	 3	 227	 3	 227	 3	 3	 1378	 227	 3	 3	 3	 3	 5	 3	 3	 3	 3	 3	 3	 3	 5	 3	 1	 1472	 446	 1421	 5	 3	 3	 3	 446	 3	 452	 1027	 3	 3	 3	 3	
8	 58	 193	 73	 34	 74	 24	 1413	 4	 6	 189	 135	 10	 12	 189	 1	 403	 4292	 11	 699	 68	 4	 12	 189	 38	 6	 178	 3196	 5	 3	 33	 657	 3	 1007	 1012	 3	 3	 60	 3	 3	 5	 3	 3	 5	 3	 3	 5	 3	 1369	 5	
55	 187	 37	 1008	 38	 74	 4	 74	 24	 403	 6	 41	 404	 111	 21	 5	 3	 3	 1230	 3	 5	 3	 3	 3	 3	 5	 3	 3	 3	 5	 3	 3	 3	 3	 2720	 5	 3	 3	 142	 5	 3	 3	 3300	 1012	 3	 2080	 5	 3	 408	 5	
15	 62	 916	 1	 13	 16	 47	 6	 174	 4	 95	 182	 22	 14	 78	 11	 123	 165	 18	 21	 17	 45	 76	 50	 997	 5	 3	 3	 50	 41	 5	 3	 3	 3	 3	 1923	 453	 5	 3	 3	 1211	 5	 3	 3	 3	 3	 135	 3	 3	 135	
8	 58	 1088	 700	 46	 145	 24	 2194	 6	 103	 230	 15	 12	 91	 5	 3	 3	 486	 5	 3	 3	 152	 152	 5	 3	 3	 3	 3	 55	 3	 486	 5	 3	 3	 55	 3	 3	 5	 3	 227	 3	 3	 1317	 50	 5	 3	 3	 3	 1012	 50	
64	 28	 14	 1060	 4	 338	 490	 88	 9	 18	 28	 15	 14	 203	 7	 35	 5	 3	 3	 0	 0	 0	 0	 0	 0	 0	 0	 0	 0	 0	 0	 0	 0	 0	 0	 0	 0	 0	 0	 0	 0	 0	 0	 0	 0	 0	 0	 0	 0	 0	
182	 375	 1013	 48	 17	 1549	 4	 191	 306	 70	 2225	 122	 5	 3	 3	 515	 515	 515	 5	 3	 135	 22	 12	 114	 54	 12	 242	 16	 32	 238	 15	 12	 91	 5	 3	 3	 3	 5	 3	 5	 3	 3	 5	 3	 3	 3	 289	 99	 113	 70	
202	 5	 234	 10	 796	 3	 4199	 11	 3650	 1164	 24	 751	 192	 370	 3	 3	 3	 3	 3	 3	 3	 3	 3	 3	 3	 3	 3	 3	 3	 3	 3	 3	 3	 3	 3	 3	 3	 3	 3	 3	 3	 3	 3	 3	 3	 1814	 452	 234	 352	 32	
3590	 2029	 16	 439	 104	 1455	 306	 73	 6	 1271	 10	 237	 131	 18	 28	 1172	 17	 392	 10	 134	 1020	 293	 5	 3	 3	 28	 1172	 98	 5	 3	 931	 59	 3	 3	 1034	 286	 5	 3	 3	 3	 1207	 308	 5	 3	 3	 3	 455	 38	 5	 3	
13	 57	 25	 273	 753	 10	 281	 145	 1750	 18	 13	 73	 34	 74	 10	 202	 5	 3	 3	 3	 3	 3	 3	 3	 1697	 5	 3	 3	 3	 3	 3	 5	 3	 3	 3	 3	 3	 656	 3	 241	 1378	 890	 125	 33	 1066	 7	 269	 5	 3	 3	
8	 316	 25	 32	 1172	 26	 4	 12	 244	 5	 3	 0	 0	 0	 0	 0	 0	 0	 0	 0	 0	 0	 0	 0	 0	 0	 0	 0	 0	 0	 0	 0	 0	 0	 0	 0	 0	 0	 0	 0	 0	 0	 0	 0	 0	 0	 0	 0	 0	 0	
