13	 16	 295	 1	 7	 86	 42	 9	 21	 208	 1	 19	 67	 17	 80	 10	 6	 55	 28	 1079	 109	 7	 21	 460	 13	 36	 131	 9	 4	 318	 4	 3457	 5	 0	 0	 0	 0	 0	 0	 0	 0	 0	 0	 0	 0	 0	 0	 0	 0	 0	
113	 69	 65	 4	 34	 10	 6	 80	 1	 6	 303	 52	 22	 2177	 114	 11	 30	 321	 28	 25	 6	 49	 352	 195	 14	 55	 5	 0	 0	 0	 0	 0	 0	 0	 0	 0	 0	 0	 0	 0	 0	 0	 0	 0	 0	 0	 0	 0	 0	 0	
283	 43	 6	 33	 44	 167	 130	 9	 13	 52	 1	 921	 13	 48	 12	 31	 9	 85	 4	 200	 14	 50	 54	 7	 4	 780	 4	 8	 133	 527	 43	 190	 7	 13	 312	 4	 89	 14	 152	 9	 291	 5	 0	 0	 0	 0	 0	 0	 0	 0	
534	 13	 104	 12	 9	 1	 64	 28	 14	 564	 26	 4	 67	 12	 31	 49	 28	 681	 5	 0	 0	 0	 0	 0	 0	 0	 0	 0	 0	 0	 0	 0	 0	 0	 0	 0	 0	 0	 0	 0	 0	 0	 0	 0	 0	 0	 0	 0	 0	 0	
7	 1440	 397	 1	 42	 26	 12	 1690	 57	 98	 7	 132	 59	 4	 6	 59	 331	 29	 398	 27	 53	 8	 793	 4	 6	 41	 60	 11	 29	 6	 72	 2104	 70	 197	 27	 5	 0	 0	 0	 0	 0	 0	 0	 0	 0	 0	 0	 0	 0	 0	
50	 221	 37	 25	 85	 19	 359	 96	 1	 141	 62	 37	 25	 312	 4	 379	 76	 53	 17	 80	 382	 28	 972	 5	 0	 0	 0	 0	 0	 0	 0	 0	 0	 0	 0	 0	 0	 0	 0	 0	 0	 0	 0	 0	 0	 0	 0	 0	 0	 0	
35	 2387	 24	 190	 1	 75	 574	 1893	 54	 1	 19	 6	 207	 10	 2625	 437	 7	 6	 521	 7	 89	 76	 10	 6	 176	 84	 5	 0	 0	 0	 0	 0	 0	 0	 0	 0	 0	 0	 0	 0	 0	 0	 0	 0	 0	 0	 0	 0	 0	 0	
79	 226	 18	 13	 56	 25	 189	 6	 33	 142	 10	 62	 30	 50	 54	 1	 7	 8	 166	 283	 6	 33	 44	 10	 238	 41	 18	 710	 6	 41	 5	 0	 0	 0	 0	 0	 0	 0	 0	 0	 0	 0	 0	 0	 0	 0	 0	 0	 0	 0	
148	 163	 9	 106	 6	 102	 10	 68	 5	 0	 0	 0	 0	 0	 0	 0	 0	 0	 0	 0	 0	 0	 0	 0	 0	 0	 0	 0	 0	 0	 0	 0	 0	 0	 0	 0	 0	 0	 0	 0	 0	 0	 0	 0	 0	 0	 0	 0	 0	 0	
92	 196	 202	 197	 37	 109	 169	 621	 6	 517	 12	 9	 24	 6	 173	 5	 0	 0	 0	 0	 0	 0	 0	 0	 0	 0	 0	 0	 0	 0	 0	 0	 0	 0	 0	 0	 0	 0	 0	 0	 0	 0	 0	 0	 0	 0	 0	 0	 0	 0	
1795	 63	 63	 173	 0	 0	 0	 0	 0	 0	 0	 0	 0	 0	 0	 0	 0	 0	 0	 0	 0	 0	 0	 0	 0	 0	 0	 0	 0	 0	 0	 0	 0	 0	 0	 0	 0	 0	 0	 0	 0	 0	 0	 0	 0	 0	 0	 0	 0	 0	
723	 23	 81	 0	 0	 0	 0	 0	 0	 0	 0	 0	 0	 0	 0	 0	 0	 0	 0	 0	 0	 0	 0	 0	 0	 0	 0	 0	 0	 0	 0	 0	 0	 0	 0	 0	 0	 0	 0	 0	 0	 0	 0	 0	 0	 0	 0	 0	 0	 0	
451	 112	 25	 86	 12	 65	 249	 11	 30	 9	 254	 4	 1710	 7	 111	 1290	 1609	 15	 12	 542	 5	 0	 0	 0	 0	 0	 0	 0	 0	 0	 0	 0	 0	 0	 0	 0	 0	 0	 0	 0	 0	 0	 0	 0	 0	 0	 0	 0	 0	 0	
40	 8	 113	 39	 148	 163	 9	 1	 13	 36	 20	 64	 4	 556	 14	 148	 1606	 5	 0	 0	 0	 0	 0	 0	 0	 0	 0	 0	 0	 0	 0	 0	 0	 0	 0	 0	 0	 0	 0	 0	 0	 0	 0	 0	 0	 0	 0	 0	 0	 0	
169	 12	 9	 28	 94	 11	 229	 21	 17	 45	 77	 1	 6	 173	 28	 25	 243	 4	 6	 140	 33	 151	 11	 142	 10	 133	 45	 77	 5	 0	 0	 0	 0	 0	 0	 0	 0	 0	 0	 0	 0	 0	 0	 0	 0	 0	 0	 0	 0	 0	
13	 56	 25	 389	 90	 541	 9	 4	 208	 5	 0	 0	 0	 0	 0	 0	 0	 0	 0	 0	 0	 0	 0	 0	 0	 0	 0	 0	 0	 0	 0	 0	 0	 0	 0	 0	 0	 0	 0	 0	 0	 0	 0	 0	 0	 0	 0	 0	 0	 0	
12	 297	 22	 6	 321	 740	 319	 6	 1017	 1091	 165	 1	 7	 29	 804	 27	 1	 97	 128	 30	 176	 88	 752	 22	 6	 55	 29	 42	 26	 80	 88	 752	 1	 38	 23	 213	 1	 11	 34	 30	 88	 486	 166	 25	 47	 12	 90	 87	 9	 4	
257	 795	 11	 1026	 9	 7	 31	 9	 0	 0	 0	 0	 0	 0	 0	 0	 0	 0	 0	 0	 0	 0	 0	 0	 0	 0	 0	 0	 0	 0	 0	 0	 0	 0	 0	 0	 0	 0	 0	 0	 0	 0	 0	 0	 0	 0	 0	 0	 0	 0	
40	 8	 144	 4	 1009	 12	 533	 59	 15	 101	 4	 679	 23	 51	 1	 12	 132	 59	 9	 4	 481	 443	 18	 8	 48	 364	 5	 0	 0	 0	 0	 0	 0	 0	 0	 0	 0	 0	 0	 0	 0	 0	 0	 0	 0	 0	 0	 0	 0	 0	
13	 183	 31	 7	 743	 9	 10	 92	 617	 480	 9	 53	 8	 1309	 93	 11	 35	 1	 11	 153	 12	 9	 1027	 38	 14	 466	 5	 0	 0	 0	 0	 0	 0	 0	 0	 0	 0	 0	 0	 0	 0	 0	 0	 0	 0	 0	 0	 0	 0	 0	
6	 179	 9	 28	 237	 94	 1	 26	 364	 278	 63	 1	 7	 6	 49	 38	 67	 2262	 28	 243	 4	 1243	 10	 6	 3354	 452	 1	 81	 596	 11	 47	 81	 297	 5	 0	 0	 0	 0	 0	 0	 0	 0	 0	 0	 0	 0	 0	 0	 0	 0	
109	 6	 1105	 58	 4	 225	 1	 287	 1	 560	 11	 287	 31	 49	 18	 153	 94	 507	 4	 236	 6	 364	 9	 368	 403	 11	 1267	 64	 31	 49	 7	 36	 162	 32	 215	 19	 62	 45	 77	 49	 282	 5	 0	 0	 0	 0	 0	 0	 0	 0	
113	 23	 172	 1	 29	 1	 1	 11	 27	 60	 0	 0	 0	 0	 0	 0	 0	 0	 0	 0	 0	 0	 0	 0	 0	 0	 0	 0	 0	 0	 0	 0	 0	 0	 0	 0	 0	 0	 0	 0	 0	 0	 0	 0	 0	 0	 0	 0	 0	 0	
40	 34	 30	 180	 4	 23	 213	 1	 13	 36	 223	 17	 1654	 172	 22	 6	 793	 165	 5	 0	 0	 0	 0	 0	 0	 0	 0	 0	 0	 0	 0	 0	 0	 0	 0	 0	 0	 0	 0	 0	 0	 0	 0	 0	 0	 0	 0	 0	 0	 0	
6	 41	 241	 76	 618	 22	 17	 798	 10	 1443	 35	 1	 42	 26	 24	 2484	 138	 1	 7	 720	 780	 257	 1188	 7	 6	 257	 1273	 432	 82	 17	 45	 77	 29	 19	 127	 1	 6	 3116	 973	 1	 7	 72	 45	 77	 70	 27	 5	 0	 0	 0	
978	 167	 80	 933	 37	 2058	 24	 1287	 76	 29	 72	 188	 70	 27	 5	 0	 0	 0	 0	 0	 0	 0	 0	 0	 0	 0	 0	 0	 0	 0	 0	 0	 0	 0	 0	 0	 0	 0	 0	 0	 0	 0	 0	 0	 0	 0	 0	 0	 0	 0	
12	 20	 10	 6	 51	 1638	 12	 346	 593	 8	 7	 111	 126	 164	 29	 75	 199	 27	 4	 8	 5	 0	 0	 0	 0	 0	 0	 0	 0	 0	 0	 0	 0	 0	 0	 0	 0	 0	 0	 0	 0	 0	 0	 0	 0	 0	 0	 0	 0	 0	
383	 422	 63	 0	 0	 0	 0	 0	 0	 0	 0	 0	 0	 0	 0	 0	 0	 0	 0	 0	 0	 0	 0	 0	 0	 0	 0	 0	 0	 0	 0	 0	 0	 0	 0	 0	 0	 0	 0	 0	 0	 0	 0	 0	 0	 0	 0	 0	 0	 0	
812	 10	 23	 247	 10	 31	 9	 28	 94	 7	 85	 24	 1640	 1	 722	 5	 0	 0	 0	 0	 0	 0	 0	 0	 0	 0	 0	 0	 0	 0	 0	 0	 0	 0	 0	 0	 0	 0	 0	 0	 0	 0	 0	 0	 0	 0	 0	 0	 0	 0	
14	 55	 237	 400	 9	 1	 75	 6	 453	 57	 114	 900	 1	 4	 1195	 698	 55	 18	 17	 91	 1311	 3146	 7	 107	 5	 0	 0	 0	 0	 0	 0	 0	 0	 0	 0	 0	 0	 0	 0	 0	 0	 0	 0	 0	 0	 0	 0	 0	 0	 0	
40	 12	 91	 1789	 36	 180	 12	 91	 4	 403	 46	 408	 21	 238	 10	 14	 51	 40	 8	 48	 193	 650	 1	 67	 58	 305	 38	 224	 46	 38	 12	 114	 5	 0	 0	 0	 0	 0	 0	 0	 0	 0	 0	 0	 0	 0	 0	 0	 0	 0	
6	 179	 33	 44	 147	 573	 468	 63	 31	 9	 28	 94	 24	 14	 2762	 174	 24	 1020	 7	 6	 1020	 10	 14	 54	 5	 0	 0	 0	 0	 0	 0	 0	 0	 0	 0	 0	 0	 0	 0	 0	 0	 0	 0	 0	 0	 0	 0	 0	 0	 0	
1208	 1921	 164	 7	 268	 22	 30	 3591	 18	 37	 734	 19	 14	 51	 684	 51	 1	 14	 300	 99	 1	 7	 83	 300	 315	 18	 187	 157	 4	 395	 88	 251	 4	 17	 369	 257	 22	 14	 55	 11	 14	 120	 164	 21	 83	 1097	 268	 5	 0	 0	
1859	 223	 37	 588	 4	 92	 10	 6	 33	 651	 10	 6	 140	 143	 236	 31	 9	 106	 6	 338	 5	 0	 0	 0	 0	 0	 0	 0	 0	 0	 0	 0	 0	 0	 0	 0	 0	 0	 0	 0	 0	 0	 0	 0	 0	 0	 0	 0	 0	 0	
13	 20	 14	 201	 9	 7	 30	 9	 4	 206	 6	 671	 181	 1625	 19	 685	 257	 7	 35	 309	 1	 67	 16	 155	 1220	 10	 6	 51	 7	 201	 1015	 21	 67	 8	 48	 302	 1752	 5	 0	 0	 0	 0	 0	 0	 0	 0	 0	 0	 0	 0	
13	 56	 1	 177	 1	 52	 9	 43	 8	 18	 28	 90	 87	 203	 12	 491	 7	 383	 98	 1	 12	 98	 7	 132	 59	 5	 0	 0	 0	 0	 0	 0	 0	 0	 0	 0	 0	 0	 0	 0	 0	 0	 0	 0	 0	 0	 0	 0	 0	 0	
64	 61	 462	 6	 833	 4	 914	 950	 280	 185	 38	 7	 38	 45	 66	 5	 0	 0	 0	 0	 0	 0	 0	 0	 0	 0	 0	 0	 0	 0	 0	 0	 0	 0	 0	 0	 0	 0	 0	 0	 0	 0	 0	 0	 0	 0	 0	 0	 0	 0	
8	 58	 521	 33	 133	 38	 12	 114	 24	 1047	 138	 38	 100	 9	 22	 1360	 6	 97	 15	 6	 1092	 10	 6	 51	 29	 45	 77	 88	 838	 22	 67	 154	 27	 5	 0	 0	 0	 0	 0	 0	 0	 0	 0	 0	 0	 0	 0	 0	 0	 0	
15	 101	 4	 134	 595	 12	 277	 1	 8	 376	 336	 12	 98	 2033	 7	 576	 9	 7	 150	 1428	 84	 19	 2384	 5	 0	 0	 0	 0	 0	 0	 0	 0	 0	 0	 0	 0	 0	 0	 0	 0	 0	 0	 0	 0	 0	 0	 0	 0	 0	 0	
270	 174	 29	 75	 419	 46	 27	 7	 30	 174	 7	 174	 18	 1	 11	 62	 99	 1	 1	 45	 77	 199	 11	 960	 1	 75	 133	 122	 52	 95	 9	 43	 8	 22	 14	 41	 1	 49	 156	 29	 194	 49	 156	 1	 221	 1	 7	 30	 255	 49	
6	 41	 196	 72	 46	 70	 452	 4	 272	 9	 774	 6	 50	 5	 0	 0	 0	 0	 0	 0	 0	 0	 0	 0	 0	 0	 0	 0	 0	 0	 0	 0	 0	 0	 0	 0	 0	 0	 0	 0	 0	 0	 0	 0	 0	 0	 0	 0	 0	 0	
14	 55	 28	 61	 19	 17	 663	 7	 449	 235	 1332	 15	 6	 243	 4	 33	 1081	 5	 0	 0	 0	 0	 0	 0	 0	 0	 0	 0	 0	 0	 0	 0	 0	 0	 0	 0	 0	 0	 0	 0	 0	 0	 0	 0	 0	 0	 0	 0	 0	 0	
13	 992	 30	 99	 19	 6	 207	 10	 599	 7	 103	 5	 0	 0	 0	 0	 0	 0	 0	 0	 0	 0	 0	 0	 0	 0	 0	 0	 0	 0	 0	 0	 0	 0	 0	 0	 0	 0	 0	 0	 0	 0	 0	 0	 0	 0	 0	 0	 0	 0	
4915	 1	 5	 0	 0	 0	 0	 0	 0	 0	 0	 0	 0	 0	 0	 0	 0	 0	 0	 0	 0	 0	 0	 0	 0	 0	 0	 0	 0	 0	 0	 0	 0	 0	 0	 0	 0	 0	 0	 0	 0	 0	 0	 0	 0	 0	 0	 0	 0	 0	
8	 37	 25	 158	 4	 47	 34	 364	 9	 53	 8	 20	 6	 117	 5	 0	 0	 0	 0	 0	 0	 0	 0	 0	 0	 0	 0	 0	 0	 0	 0	 0	 0	 0	 0	 0	 0	 0	 0	 0	 0	 0	 0	 0	 0	 0	 0	 0	 0	 0	
60	 7	 0	 0	 0	 0	 0	 0	 0	 0	 0	 0	 0	 0	 0	 0	 0	 0	 0	 0	 0	 0	 0	 0	 0	 0	 0	 0	 0	 0	 0	 0	 0	 0	 0	 0	 0	 0	 0	 0	 0	 0	 0	 0	 0	 0	 0	 0	 0	 0	
355	 15	 62	 711	 1	 8	 58	 32	 1072	 67	 8	 264	 138	 1	 67	 16	 155	 12	 98	 1	 59	 1	 7	 285	 102	 5	 0	 0	 0	 0	 0	 0	 0	 0	 0	 0	 0	 0	 0	 0	 0	 0	 0	 0	 0	 0	 0	 0	 0	 0	
177	 1	 23	 84	 33	 44	 48	 1042	 4	 26	 17	 284	 7	 92	 10	 6	 273	 298	 669	 5	 0	 0	 0	 0	 0	 0	 0	 0	 0	 0	 0	 0	 0	 0	 0	 0	 0	 0	 0	 0	 0	 0	 0	 0	 0	 0	 0	 0	 0	 0	
40	 8	 144	 4	 552	 46	 1	 8	 36	 733	 48	 68	 4	 12	 258	 7	 980	 39	 4	 56	 23	 1	 177	 1	 18	 36	 25	 989	 45	 77	 46	 51	 143	 7	 581	 56	 25	 150	 11	 297	 297	 5	 0	 0	 0	 0	 0	 0	 0	 0	
1593	 36	 25	 104	 126	 168	 38	 30	 76	 276	 6	 49	 709	 38	 6	 51	 109	 216	 6	 532	 57	 1830	 51	 5	 0	 0	 0	 0	 0	 0	 0	 0	 0	 0	 0	 0	 0	 0	 0	 0	 0	 0	 0	 0	 0	 0	 0	 0	 0	 0	
6	 20	 10	 1160	 1939	 11	 17	 152	 28	 1268	 24	 92	 308	 5	 0	 0	 0	 0	 0	 0	 0	 0	 0	 0	 0	 0	 0	 0	 0	 0	 0	 0	 0	 0	 0	 0	 0	 0	 0	 0	 0	 0	 0	 0	 0	 0	 0	 0	 0	 0	
4225	 789	 19	 1608	 528	 21	 111	 116	 10	 20	 1	 198	 7	 33	 282	 115	 10	 34	 769	 128	 542	 330	 10	 1105	 115	 5	 0	 0	 0	 0	 0	 0	 0	 0	 0	 0	 0	 0	 0	 0	 0	 0	 0	 0	 0	 0	 0	 0	 0	 0	
6	 116	 7	 347	 791	 15	 23	 44	 1	 1142	 378	 279	 2580	 22	 6	 41	 1	 37	 6	 1704	 2747	 4533	 605	 24	 499	 3709	 182	 15	 6	 176	 1670	 5	 0	 0	 0	 0	 0	 0	 0	 0	 0	 0	 0	 0	 0	 0	 0	 0	 0	 0	
40	 8	 147	 573	 339	 4	 104	 62	 168	 24	 14	 126	 164	 1	 79	 89	 6	 152	 51	 1518	 5	 0	 0	 0	 0	 0	 0	 0	 0	 0	 0	 0	 0	 0	 0	 0	 0	 0	 0	 0	 0	 0	 0	 0	 0	 0	 0	 0	 0	 0	
53	 17	 80	 322	 90	 87	 9	 1	 64	 564	 1	 11	 785	 15	 62	 454	 7	 28	 147	 573	 1171	 4	 90	 87	 9	 5	 0	 0	 0	 0	 0	 0	 0	 0	 0	 0	 0	 0	 0	 0	 0	 0	 0	 0	 0	 0	 0	 0	 0	 0	
53	 7	 71	 13	 20	 12	 31	 9	 13	 52	 82	 30	 640	 35	 1	 13	 36	 113	 157	 4	 8	 15	 83	 1655	 285	 81	 67	 28	 903	 15	 6	 135	 186	 5	 0	 0	 0	 0	 0	 0	 0	 0	 0	 0	 0	 0	 0	 0	 0	 0	
855	 153	 1606	 21	 310	 253	 1352	 30	 45	 66	 4	 868	 88	 11	 93	 18	 16	 32	 902	 602	 22	 14	 54	 5	 0	 0	 0	 0	 0	 0	 0	 0	 0	 0	 0	 0	 0	 0	 0	 0	 0	 0	 0	 0	 0	 0	 0	 0	 0	 0	
29	 594	 27	 23	 112	 25	 90	 206	 304	 80	 4	 206	 369	 498	 29	 42	 26	 98	 1	 59	 1	 311	 11	 1201	 102	 27	 1	 141	 13	 464	 684	 65	 59	 38	 1	 11	 43	 14	 1736	 5	 0	 0	 0	 0	 0	 0	 0	 0	 0	 0	
15	 6	 328	 10	 34	 180	 1	 13	 36	 210	 6	 622	 4	 287	 7	 560	 6	 31	 9	 5	 0	 0	 0	 0	 0	 0	 0	 0	 0	 0	 0	 0	 0	 0	 0	 0	 0	 0	 0	 0	 0	 0	 0	 0	 0	 0	 0	 0	 0	 0	
3087	 852	 6	 209	 1	 26	 158	 24	 115	 476	 7	 1066	 535	 5	 0	 0	 0	 0	 0	 0	 0	 0	 0	 0	 0	 0	 0	 0	 0	 0	 0	 0	 0	 0	 0	 0	 0	 0	 0	 0	 0	 0	 0	 0	 0	 0	 0	 0	 0	 0	
13	 36	 25	 32	 266	 4	 513	 9	 43	 8	 15	 6	 401	 1	 75	 12	 98	 7	 65	 59	 5	 0	 0	 0	 0	 0	 0	 0	 0	 0	 0	 0	 0	 0	 0	 0	 0	 0	 0	 0	 0	 0	 0	 0	 0	 0	 0	 0	 0	 0	
8	 16	 936	 827	 9	 38	 45	 77	 51	 143	 19	 83	 126	 96	 5	 0	 0	 0	 0	 0	 0	 0	 0	 0	 0	 0	 0	 0	 0	 0	 0	 0	 0	 0	 0	 0	 0	 0	 0	 0	 0	 0	 0	 0	 0	 0	 0	 0	 0	 0	
3201	 18	 42	 498	 37	 1423	 15	 17	 1760	 7	 397	 1092	 10	 23	 41	 1	 11	 2527	 25	 20	 1	 1763	 11	 31	 242	 5	 0	 0	 0	 0	 0	 0	 0	 0	 0	 0	 0	 0	 0	 0	 0	 0	 0	 0	 0	 0	 0	 0	 0	 0	
24	 100	 14	 35	 7	 236	 31	 9	 4	 451	 1	 8	 139	 4	 6	 156	 7	 316	 10	 49	 26	 202	 15	 23	 262	 5	 0	 0	 0	 0	 0	 0	 0	 0	 0	 0	 0	 0	 0	 0	 0	 0	 0	 0	 0	 0	 0	 0	 0	 0	
