79	 187	 1833	 4	 3940	 22	 38	 7	 5	 5	 5	 29	 565	 27	 5	 7	 831	 5	 279	 5	 5	 5	 128	 5	 5	 5	 5	 1	 7	 5	 5	 5	 7	 5	 5	 5	 5	 5	 5	 5	 5	 5	 5	 5	 5	 5	 5	 5	 5	 5	
330	 7	 61	 1	 7	 171	 639	 4	 108	 18	 63	 29	 21	 1	 11	 27	 5	 60	 1421	 678	 1	 5	 5	 7	 284	 29	 243	 5	 5	 1099	 1	 5	 1	 7	 1	 5	 27	 5	 5	 163	 5	 5	 5	 5	 22	 14	 41	 5	 5	 5	
15	 92	 1	 7	 1137	 1014	 2627	 350	 5	 51	 29	 11	 1	 5	 27	 1	 7	 670	 5	 831	 1	 1	 5	 7	 2138	 70	 5	 5	 652	 29	 27	 5	 446	 29	 7	 27	 5	 6	 2080	 1	 5	 5	 5	 5	 5	 5	 1	 7	 5	 5	
6	 1	 1	 1	 28	 1	 1	 1	 1	 1	 1	 1	 1	 1	 1	 128	 5	 1	 1	 1	 1	 5	 1	 1	 7	 1	 5	 1	 7	 1	 5	 5	 1	 7	 1	 5	 1	 5	 1	 1	 5	 1	 1	 1	 1	 1	 1	 7	 1	 5	
6	 1	 11	 3179	 37	 851	 4	 22	 23	 145	 7	 50	 1	 5	 5	 65	 7	 50	 41	 5	 5	 5	 7	 5	 5	 5	 5	 22	 5	 5	 5	 5	 5	 1	 7	 5	 5	 5	 5	 5	 6	 338	 5	 5	 5	 1	 5	 5	 5	 5	
23	 44	 7	 109	 540	 540	 633	 18	 63	 53	 1415	 523	 7	 523	 5	 5	 5	 5	 84	 5	 1	 5	 5	 1	 1	 7	 1379	 5	 1	 5	 7	 5	 5	 5	 1	 5	 1	 7	 1	 5	 5	 1	 5	 1	 1	 1	 7	 1	 5	 5	
294	 1	 7	 1	 11	 145	 5	 5	 7	 652	 11	 50	 41	 5	 5	 5	 11	 5	 5	 1	 7	 1	 5	 11	 5	 5	 1	 5	 5	 1	 1	 5	 1	 5	 1	 1	 5	 5	 1	 5	 5	 5	 1	 7	 5	 5	 1	 5	 1	 1	
13	 16	 61	 462	 199	 1	 1	 1	 1	 1	 1	 7	 1	 7	 1	 1	 7	 1	 7	 1	 5	 5	 5	 5	 5	 5	 63	 284	 165	 831	 1	 5	 5	 1	 7	 1	 5	 1	 1	 5	 1	 1	 5	 5	 5	 5	 1	 5	 1	 1	
2796	 112	 25	 106	 6	 463	 350	 5	 350	 5	 5	 5	 7	 5	 1	 1	 1	 1	 1	 1	 1	 5	 1	 7	 1	 5	 5	 5	 5	 5	 5	 5	 5	 5	 5	 1	 5	 11	 5	 5	 1	 5	 5	 5	 5	 5	 5	 5	 5	 1	
198	 63	 2886	 192	 267	 1	 267	 7	 2281	 0	 0	 0	 0	 0	 0	 0	 0	 0	 0	 0	 0	 0	 0	 0	 0	 0	 0	 0	 0	 0	 0	 0	 0	 0	 0	 0	 0	 0	 0	 0	 0	 0	 0	 0	 0	 0	 0	 0	 0	 0	
