13	 36	 25	 4	 2146	 31	 9	 84	 5	 448	 84	 5	 2238	 5	 1917	 5	 5	 5	 5	 1917	 7	 5	 5	 235	 5	 5	 5	 5	 5	 5	 5	 5	 41	 5	 5	 284	 831	 5	 7	 5	 5	 5	 5	 5	 5	 5	 41	 5	 5	 5	
55	 959	 7	 267	 5	 84	 5	 1344	 33	 1344	 21	 4624	 0	 0	 0	 0	 0	 0	 0	 0	 0	 0	 0	 0	 0	 0	 0	 0	 0	 0	 0	 0	 0	 0	 0	 0	 0	 0	 0	 0	 0	 0	 0	 0	 0	 0	 0	 0	 0	 0	
24	 100	 11	 1165	 216	 6	 574	 1	 1	 574	 1	 1	 1	 1	 1	 1	 1	 5	 909	 1131	 5	 5	 0	 0	 0	 0	 0	 0	 0	 0	 0	 0	 0	 0	 0	 0	 0	 0	 0	 0	 0	 0	 0	 0	 0	 0	 0	 0	 0	 0	
13	 16	 52	 2197	 10	 701	 22	 6	 145	 338	 5	 1808	 53	 1860	 21	 5	 284	 11	 5	 5	 5	 5	 49	 5	 5	 5	 5	 7	 5	 5	 5	 0	 0	 0	 0	 0	 0	 0	 0	 0	 0	 0	 0	 0	 0	 0	 0	 0	 0	 0	
49	 23	 16	 26	 28	 24	 147	 1	 1	 5	 1	 1	 7	 5	 7	 5	 5	 7	 5	 5	 5	 5	 5	 5	 5	 0	 0	 0	 0	 0	 0	 0	 0	 0	 0	 0	 0	 0	 0	 0	 0	 0	 0	 0	 0	 0	 0	 0	 0	 0	
95	 672	 16	 578	 5	 16	 26	 15	 811	 5	 1	 7	 1	 5	 7	 1181	 5	 41	 5	 1131	 5	 5	 5	 163	 5	 7	 1	 5	 7	 5	 5	 5	 2697	 5	 5	 60	 7	 109	 60	 5	 7	 5	 831	 1	 5	 7	 5	 7	 5	 7	
2209	 57	 1319	 1	 1	 7	 1	 1	 1	 1	 1	 7	 1	 1	 5	 7	 7	 1	 5	 0	 0	 0	 0	 0	 0	 0	 0	 0	 0	 0	 0	 0	 0	 0	 0	 0	 0	 0	 0	 0	 0	 0	 0	 0	 0	 0	 0	 0	 0	 0	
53	 42	 154	 37	 578	 904	 24	 5	 7	 1	 18	 58	 25	 811	 10	 5	 5	 5	 5	 5	 5	 5	 5	 5	 5	 5	 5	 5	 5	 5	 5	 5	 5	 5	 5	 5	 5	 5	 5	 5	 5	 5	 5	 5	 5	 907	 5	 5	 7	 5	
4	 3006	 12	 455	 1	 5	 838	 278	 1	 5	 1138	 5	 5	 5	 60	 29	 5	 27	 5	 7	 5	 5	 5	 5	 5	 5	 5	 5	 5	 5	 5	 5	 5	 5	 5	 5	 5	 5	 5	 5	 5	 5	 5	 5	 5	 5	 5	 5	 5	 5	
15	 101	 4	 1	 7	 1	 1	 7	 1	 7	 5	 279	 5	 4323	 4	 92	 7	 171	 7	 50	 41	 4	 385	 38	 89	 7	 284	 5	 284	 5	 5	 5	 5	 5	 5	 5	 5	 5	 5	 5	 5	 7	 5	 5	 7	 5	 5	 0	 0	 0	
