23	 9	 16	 32	 86	 7	 1181	 24	 39	 4	 47	 8	 312	 1	 342	 1442	 92	 1	 11	 778	 92	 11	 35	 8	 16	 32	 944	 5	 3	 3	 5	 3	 3	 3	 3	 3	 2636	 534	 5	 3	 3	 719	 3	 3	 534	 543	 5	 3	 3	 3	
279	 150	 1916	 472	 666	 3	 1207	 3585	 793	 4	 47	 29	 11	 601	 288	 26	 17	 249	 74	 10	 288	 27	 349	 4	 6	 45	 76	 19	 931	 1	 7	 24	 178	 548	 3	 33	 223	 5	 3	 3	 3	 3	 3	 55	 3	 3	 3	 3	 3	 5	
106	 148	 448	 57	 13	 1857	 17	 1857	 1200	 508	 4	 508	 545	 4	 6	 797	 10	 6	 65	 59	 5	 3	 3	 3	 3	 3	 173	 5	 3	 3	 1180	 5	 3	 3	 3	 691	 5	 3	 3	 691	 691	 5	 3	 5	 3	 3	 3	 5	 3	 3	
136	 7	 1557	 35	 3	 5	 3	 3	 3	 515	 515	 515	 515	 515	 515	 515	 515	 515	 515	 515	 515	 515	 515	 515	 515	 515	 515	 3	 515	 515	 3	 515	 5	 3	 3	 3	 3	 3	 3	 3	 515	 3	 3	 5	 3	 3	 5	 3	 3	 3	
333	 236	 31	 9	 4	 62	 45	 66	 1	 13	 36	 326	 8	 10	 6	 2268	 10	 34	 520	 11	 297	 10	 12	 31	 9	 37	 1008	 82	 1	 19	 127	 1	 497	 8	 17	 682	 81	 5	 3	 3	 392	 5	 3	 3	 3	 2290	 5	 3	 3	 3	
578	 10	 3847	 15	 72	 50	 112	 489	 1	 509	 5	 27	 1	 343	 1893	 860	 682	 10	 1220	 1	 11	 22	 14	 50	 377	 22	 6	 41	 1	 176	 79	 32	 365	 54	 403	 110	 155	 10	 6	 50	 5	 3	 3	 543	 5	 3	 3	 543	 5	 3	
28	 181	 4	 328	 49	 94	 38	 39	 1	 42	 26	 1772	 6	 55	 7	 14	 35	 1	 149	 7	 149	 1	 42	 26	 236	 174	 145	 92	 7	 35	 5	 3	 3	 1339	 78	 5	 3	 3	 486	 5	 3	 3	 3	 3	 3	 3	 3	 3	 3	 3	
13	 1	 7	 14	 52	 144	 1	 21	 215	 1	 50	 215	 1	 7	 539	 628	 1	 741	 845	 1819	 628	 18	 373	 14	 165	 4	 1370	 77	 121	 48	 500	 18	 135	 5	 3	 135	 5	 3	 3	 135	 5	 3	 135	 5	 3	 135	 3	 1525	 3	 346	
154	 303	 1906	 459	 56	 33	 1399	 2018	 18	 23	 33	 44	 7	 142	 48	 303	 1329	 24	 459	 19	 534	 20	 459	 56	 346	 543	 75	 1815	 1	 1861	 5	 7	 520	 5	 3	 1349	 645	 7	 15	 6	 519	 191	 650	 278	 5	 3	 3	 33	 5	 3	
279	 2222	 102	 1	 4199	 7	 474	 10	 1443	 1	 7	 101	 1266	 312	 37	 63	 3	 3	 1	 611	 611	 279	 802	 5	 3	 1834	 3	 3	 3	 3	 3	 60	 3	 3	 3	 3	 3	 3	 3	 3	 3	 3	 3	 2143	 3	 3	 3	 192	 5	 3	
13	 283	 23	 33	 44	 38	 74	 4	 74	 105	 13	 483	 8	 4	 538	 23	 44	 1407	 5	 3	 3	 1503	 334	 27	 5	 3	 452	 234	 10	 6	 452	 234	 1	 7	 452	 234	 5	 3	 3	 3	 3	 3	 3	 3	 452	 3	 5	 3	 3	 234	
110	 10	 6	 9	 1050	 20	 62	 369	 16	 32	 94	 11	 86	 24	 30	 174	 4	 62	 30	 53	 1	 92	 11	 35	 16	 32	 116	 15	 14	 2745	 544	 4	 2168	 479	 1187	 5	 3	 3	 452	 1012	 5	 3	 3	 169	 192	 5	 3	 3	 3	 3300	
578	 10	 6	 817	 10	 42	 45	 76	 297	 12	 9	 20	 2030	 1977	 36	 32	 1359	 4	 326	 8	 43	 42	 198	 7	 16	 243	 4	 23	 33	 44	 5	 3	 3	 175	 5	 3	 3	 568	 5	 3	 3	 5	 3	 3	 2227	 5	 3	 3	 193	 5	
159	 7	 21	 10	 9	 82	 46	 3	 78	 1	 50	 215	 7	 30	 177	 75	 12	 161	 59	 7	 411	 9	 5	 3	 3	 234	 10	 50	 135	 500	 60	 3	 234	 7	 74	 10	 157	 626	 82	 23	 41	 5	 3	 3	 41	 56	 3	 3600	 5	 3	
909	 1	 13	 396	 51	 284	 31	 9	 38	 8	 15	 248	 11	 43	 30	 84	 561	 5	 3	 3	 535	 955	 5	 3	 3	 358	 1007	 2034	 1012	 253	 4	 12	 189	 135	 5	 3	 0	 0	 0	 0	 0	 0	 0	 0	 0	 0	 0	 0	 0	 0	
159	 7	 21	 10	 12	 9	 3	 3	 3	 4125	 3	 3	 1072	 1	 59	 7	 30	 198	 10	 17	 766	 10	 52	 1150	 60	 3	 3	 3	 192	 3	 3	 3	 3	 3	 3	 3	 3	 3	 759	 3	 3	 1729	 693	 452	 5	 3	 29	 71	 2357	 69	
15	 254	 1038	 513	 1	 8	 16	 180	 23	 767	 24	 178	 187	 8	 107	 5	 3	 3	 55	 595	 24	 14	 33	 44	 5	 3	 5	 3	 1012	 55	 1293	 38	 12	 91	 5	 3	 3	 2203	 135	 5	 3	 3	 3	 3	 41	 3	 3	 10	 55	 5	
21	 10	 420	 46	 37	 191	 10	 6	 122	 19	 17	 2480	 818	 10	 74	 1222	 12	 107	 48	 303	 739	 38	 93	 46	 371	 8	 107	 3470	 5	 3	 5	 3	 3	 982	 3	 3	 5	 3	 3	 1869	 3	 5	 3	 3	 331	 5	 3	 3	 5	 3	
46	 22	 12	 91	 58	 32	 1051	 22	 12	 114	 56	 499	 541	 11	 210	 554	 1085	 82	 17	 50	 41	 11	 30	 55	 5	 3	 3	 185	 50	 41	 5	 3	 2650	 840	 379	 5	 3	 3	 234	 10	 74	 6	 114	 28	 626	 5	 3	 1349	 10	 6	
72	 824	 198	 1401	 1401	 159	 10	 9	 3	 3	 3	 3	 3	 3	 3	 3	 3	 3	 3	 3	 3	 3	 3	 3	 3	 3	 3	 357	 965	 20	 23	 2720	 3	 3	 3	 3	 3	 3	 3	 3	 3	 3	 3	 3	 3	 3	 3	 3	 3	 3	
200	 2425	 46	 1	 420	 46	 37	 4461	 26	 426	 554	 22	 46	 22	 12	 114	 56	 499	 541	 37	 436	 86	 1222	 119	 37	 4098	 38	 6	 41	 18	 37	 590	 6	 31	 9	 231	 15	 14	 50	 41	 149	 5	 3	 0	 0	 0	 0	 0	 0	 0	
190	 106	 6	 213	 10	 233	 3	 3	 3	 3	 3	 3	 3	 398	 187	 4	 53	 42	 26	 50	 53	 696	 26	 70	 1884	 29	 1715	 27	 5	 3	 3	 5	 3	 3	 33	 223	 5	 3	 3	 3	 3	 5	 3	 3	 3	 3	 3	 3	 3	 3	
40	 8	 316	 200	 4	 224	 1	 560	 1	 180	 11	 287	 12	 81	 1	 224	 7	 560	 1242	 56	 1	 1375	 1	 11	 48	 905	 94	 90	 88	 9	 1	 79	 584	 6	 1018	 189	 172	 11	 143	 4	 264	 138	 10	 100	 12	 89	 9	 1	 19	 6	
54	 8	 21	 706	 35	 1	 134	 99	 1	 67	 186	 8	 4	 491	 20	 30	 77	 29	 260	 11	 25	 134	 2821	 28	 94	 20	 156	 27	 5	 3	 3	 3	 3	 3	 3	 1137	 60	 7	 3	 256	 35	 27	 5	 3	 3	 3	 3	 3	 3	 3	
62	 157	 16	 924	 22	 6	 157	 1074	 24	 8	 5	 3	 3	 515	 515	 515	 515	 515	 515	 135	 10	 6	 1020	 10	 46	 5	 3	 0	 0	 0	 0	 0	 0	 0	 0	 0	 0	 0	 0	 0	 0	 0	 0	 0	 0	 0	 0	 0	 0	 0	
911	 10	 23	 102	 10	 14	 77	 60	 3	 2137	 36	 21	 23	 55	 54	 8	 262	 9	 38	 14	 55	 20	 17	 3	 5	 3	 3	 5	 3	 3	 721	 17	 173	 4	 1211	 27	 4	 201	 12	 211	 5	 3	 3	 346	 5	 3	 3	 3	 1137	 5	
8	 16	 799	 12	 209	 4	 607	 11	 287	 64	 5	 3	 75	 45	 76	 1001	 376	 6	 35	 60	 7	 3	 657	 19	 855	 7	 1017	 12	 31	 9	 5	 3	 3	 3	 5	 3	 2363	 1035	 434	 290	 352	 181	 5	 3	 3	 817	 5	 3	 358	 5	
30	 9	 7	 87	 116	 404	 6	 159	 3	 3	 3	 3	 102	 3	 3	 28	 146	 4	 8	 18	 8	 48	 1010	 11	 94	 82	 23	 52	 5	 3	 3	 2034	 3	 3	 2360	 10	 6	 50	 41	 5	 3	 3	 3	 3	 173	 3	 3	 3	 294	 5	
40	 8	 124	 17	 277	 1	 13	 16	 61	 247	 17	 181	 4	 240	 20	 39	 11	 21	 11	 251	 10	 12	 9	 20	 1242	 5	 3	 3	 3	 234	 7	 150	 5	 3	 3	 207	 5	 3	 3	 3	 3	 3	 5	 3	 5	 3	 3	 3	 5	 3	
6	 9	 8	 116	 22	 6	 41	 28	 625	 770	 26	 8	 130	 58	 3739	 7	 171	 6	 9	 86	 4	 212	 4	 8	 1	 710	 8	 58	 1394	 4	 12	 114	 7	 91	 4	 471	 72	 355	 198	 187	 324	 74	 4	 6	 50	 41	 5	 3	 3	 1012	
1177	 89	 17	 191	 10	 70	 1201	 1066	 11	 854	 1	 1397	 36	 538	 18	 8	 48	 2341	 5	 3	 959	 73	 5	 3	 3	 3	 1	 7	 5	 3	 3	 611	 3	 71	 452	 26	 1503	 279	 611	 611	 1027	 2231	 5	 3	 3	 5	 3	 3	 5	 3	
434	 1	 34	 196	 3160	 22	 6	 35	 36	 698	 6	 388	 10	 1626	 192	 842	 6	 209	 4	 113	 83	 219	 4	 77	 15	 42	 53	 26	 248	 10	 6	 152	 5	 3	 3	 3	 5	 3	 3	 5	 3	 3	 5	 3	 5	 3	 3	 2240	 5	 3	
42	 1551	 36	 32	 452	 791	 466	 423	 5	 3	 1294	 214	 886	 1	 3530	 7	 4880	 63	 3	 33	 1	 717	 5	 3	 3	 5	 3	 5	 3	 3	 268	 5	 3	 1369	 5	 3	 3	 3	 5	 3	 3	 5	 3	 3	 5	 3	 3	 5	 3	 3	
13	 21	 30	 99	 4	 273	 7	 542	 49	 1	 75	 6	 255	 10	 6	 97	 618	 29	 50	 397	 27	 1	 97	 1032	 128	 864	 5	 3	 3	 1012	 3	 3	 211	 5	 3	 3	 3	 3	 3	 3	 5	 3	 3	 3	 3	 5	 3	 3	 3	 3	
9	 94	 238	 63	 40	 8	 48	 1587	 138	 10	 380	 451	 219	 75	 17	 451	 537	 11	 86	 24	 39	 7	 18	 25	 553	 14	 52	 5	 3	 2107	 19	 65	 250	 5	 3	 3	 289	 5	 3	 81	 3	 495	 5	 3	 5	 3	 261	 9	 611	 611	
54	 8	 107	 6	 41	 1	 6	 576	 238	 1210	 1866	 12	 114	 1	 890	 6	 263	 1	 26	 313	 26	 6	 55	 23	 33	 44	 5	 3	 3	 1016	 227	 3	 3	 3	 123	 1023	 5	 3	 3	 3	 3	 3	 5	 3	 3	 3	 3	 5	 3	 3	
14	 558	 4	 285	 1	 560	 11	 285	 12	 31	 9	 11	 123	 20	 442	 4	 6	 9	 64	 402	 3	 5	 3	 3	 931	 3	 3	 268	 946	 198	 1650	 71	 46	 69	 5	 3	 52	 5	 3	 69	 3	 3	 3	 3	 3	 3	 3	 5	 3	 3	
8	 16	 702	 4	 104	 95	 9	 24	 661	 16	 21	 12	 65	 59	 5	 3	 253	 52	 27	 5	 3	 189	 230	 5	 3	 65	 59	 1	 19	 381	 980	 5	 3	 65	 5	 3	 3	 3	 3	 3	 1524	 19	 980	 5	 3	 3	 3	 3	 74	 5	
9	 208	 16	 21	 3152	 221	 19	 6	 181	 503	 7	 219	 18	 42	 17	 21	 10	 12	 50	 91	 16	 191	 306	 4	 104	 62	 157	 5	 3	 3	 169	 97	 165	 11	 489	 11	 68	 35	 5	 3	 3	 289	 165	 5	 3	 169	 196	 5	 3	 443	
6	 3354	 169	 112	 25	 51	 34	 31	 9	 38	 493	 649	 2032	 240	 26	 28	 697	 38	 336	 5	 3	 1066	 19	 185	 10	 6	 1729	 596	 5	 3	 3	 1185	 5	 3	 5	 3	 3	 697	 5	 3	 3	 5	 3	 3	 1185	 5	 3	 3	 5	 3	
3	 1	 126	 1	 126	 167	 1	 187	 3	 1058	 3	 9	 3	 1657	 3	 1066	 2374	 5	 3	 514	 3	 55	 187	 4	 1040	 187	 4	 55	 33	 7	 49	 282	 44	 5	 3	 3	 3	 3	 3	 3	 3	 1753	 173	 1	 3	 192	 1	 1	 1	 1	
141	 144	 58	 328	 182	 304	 22	 12	 2186	 128	 619	 10	 6	 35	 5	 3	 767	 3	 128	 6	 411	 49	 16	 32	 86	 4	 89	 8	 5	 3	 295	 5	 3	 3	 1272	 1272	 26	 6	 242	 5	 3	 3	 52	 398	 457	 1029	 49	 5	 3	 3	
9	 8	 47	 307	 18	 8	 36	 104	 70	 1196	 309	 38	 6	 45	 66	 67	 67	 2261	 28	 25	 86	 15	 519	 5	 3	 3	 3	 1287	 5	 3	 3	 692	 10	 21	 5	 3	 3	 52	 253	 7	 5	 3	 3	 5	 3	 3	 3	 5	 3	 3	
62	 177	 16	 61	 32	 86	 4	 51	 9	 43	 12	 114	 1	 91	 1	 11	 136	 129	 5	 3	 410	 143	 4	 124	 64	 518	 109	 4	 12	 331	 1029	 9	 5	 3	 3	 777	 5	 3	 3	 3	 165	 19	 237	 102	 10	 441	 8	 124	 5	 3	
254	 2855	 86	 22	 6	 1476	 55	 37	 71	 4789	 19	 6	 55	 1	 191	 254	 4	 6	 35	 8	 269	 4	 104	 249	 9	 1	 7	 2447	 15	 110	 904	 10	 6	 41	 7	 14	 55	 1373	 5	 3	 3	 279	 71	 630	 1514	 69	 15	 101	 4	 32	
3925	 198	 46	 19	 6	 432	 96	 10	 292	 49	 1	 42	 26	 6	 102	 10	 77	 174	 1	 4	 1132	 9	 1	 65	 1	 509	 5	 3	 3	 29	 843	 5	 790	 27	 5	 3	 3	 3	 3	 3	 3	 3	 669	 5	 3	 3	 3	 3	 3	 3	
19	 103	 96	 1	 13	 37	 267	 4	 844	 1019	 65	 38	 52	 116	 1	 276	 6	 180	 1410	 22	 220	 14	 65	 219	 1	 148	 351	 1	 11	 180	 64	 5	 3	 234	 5	 3	 3	 5	 3	 3481	 5	 3	 3	 5	 3	 3	 5	 3	 452	 5	
17	 129	 675	 54	 64	 28	 17	 601	 65	 1917	 60	 3	 601	 52	 1350	 840	 572	 60	 161	 59	 60	 118	 748	 60	 161	 27	 60	 3	 11	 3	 234	 60	 3	 3	 7	 229	 293	 3	 102	 7	 102	 60	 3	 853	 5	 3	 3	 748	 3	 3	
171	 8	 1014	 1790	 22	 4019	 1	 8	 375	 494	 415	 17	 147	 163	 20	 39	 5	 3	 1524	 19	 17	 3580	 7	 415	 17	 350	 81	 5	 3	 234	 5	 3	 3	 112	 306	 276	 8	 1496	 4	 57	 105	 5	 3	 5	 3	 3	 3	 5	 3	 253	
13	 16	 21	 46	 4	 338	 273	 10	 12	 635	 1550	 7	 1	 1014	 1	 184	 3268	 1	 733	 1	 184	 7	 184	 12	 790	 379	 5	 3	 3	 3	 3	 3	 5	 3	 3	 52	 5	 3	 3	 3	 3	 3	 3	 611	 611	 1	 256	 1	 54	 8	
355	 2398	 22	 14	 53	 7	 77	 21	 17	 1302	 1401	 118	 1137	 58	 25	 32	 86	 82	 6	 50	 41	 5	 3	 3	 1131	 50	 1211	 140	 109	 19	 97	 5	 3	 3	 207	 5	 3	 3	 3	 3	 5	 3	 3	 3	 3	 3	 3	 3	 3	 3	
62	 49	 390	 16	 32	 376	 685	 128	 30	 77	 38	 74	 4	 74	 100	 256	 397	 16	 21	 46	 22	 14	 35	 5	 3	 2445	 19	 19	 17	 2445	 105	 77	 58	 124	 4215	 39	 350	 3180	 5	 3	 3	 3	 3	 691	 691	 29	 5	 27	 3	 3	
72	 765	 1417	 32	 11	 371	 30	 77	 8	 58	 285	 9	 11	 108	 68	 9	 280	 4	 12	 295	 11	 89	 35	 3	 3	 1	 1609	 180	 10	 72	 42	 9	 16	 32	 228	 60	 8	 29	 71	 193	 69	 27	 69	 419	 5	 3	 81	 135	 3	 5	
4070	 2440	 112	 25	 827	 34	 10	 111	 636	 1	 258	 1	 11	 208	 121	 48	 68	 4	 11	 699	 6	 1957	 10	 9	 7	 205	 73	 23	 432	 55	 16	 32	 6	 432	 26	 134	 258	 5	 3	 3	 3	 345	 5	 3	 3	 3	 3	 3	 2329	 5	
40	 8	 1427	 17	 533	 4	 113	 70	 533	 56	 1098	 1	 13	 16	 113	 70	 65	 11	 162	 17	 533	 4	 6	 41	 5	 3	 3	 2990	 1	 24	 65	 1	 12	 131	 59	 7	 12	 65	 59	 5	 3	 98	 5	 3	 3	 3	 656	 5	 3	 5	
23	 33	 223	 465	 4	 93	 374	 593	 18	 112	 828	 211	 22	 2284	 2628	 5	 3	 3	 1180	 5	 3	 3	 3710	 29	 27	 5	 3	 2132	 1	 2862	 1	 26	 313	 26	 74	 431	 50	 155	 38	 135	 626	 5	 3	 3	 479	 135	 5	 3	 3	 350	
31	 9	 3440	 402	 3	 3	 3	 840	 5	 3	 1026	 81	 102	 5	 3	 3	 102	 3	 3	 234	 84	 7	 861	 60	 3	 7	 339	 253	 9	 3	 28	 434	 152	 5	 3	 3	 1865	 2016	 28	 146	 4	 70	 84	 59	 73	 6	 108	 5	 3	 3	
187	 4	 30	 78	 3	 33	 151	 19	 134	 78	 5	 3	 1815	 3	 5	 3	 3	 1869	 1122	 3	 3	 3	 726	 5	 3	 3	 3	 3	 3	 3	 3	 5	 3	 3	 2513	 5	 3	 3	 3	 3	 3	 3	 2263	 3	 33	 863	 3	 29	 1293	 1023	
143	 8	 4	 32	 359	 4	 877	 11	 34	 87	 18	 28	 621	 4	 208	 24	 5	 3	 3	 123	 3	 3	 3	 5	 3	 3	 3	 5	 3	 3	 3622	 5	 3	 3	 3	 3	 3	 3	 3	 5	 3	 3	 3	 3	 3	 3	 3	 192	 1	 3573	
15	 245	 1	 157	 18	 924	 22	 2205	 16	 391	 9	 42	 26	 17	 257	 35	 15	 6	 87	 345	 29	 194	 259	 197	 27	 5	 3	 3	 234	 135	 1373	 7	 52	 726	 80	 678	 5	 3	 234	 218	 115	 5	 3	 1012	 3	 3	 3	 5	 3	 3	
24	 100	 6	 1572	 55	 1	 8	 1960	 18	 8	 37	 15	 6	 1009	 11	 1158	 58	 47	 175	 10	 7	 15	 95	 599	 26	 313	 26	 6	 1445	 50	 44	 5	 3	 3	 173	 5	 3	 5	 3	 3	 223	 5	 3	 5	 3	 3	 3	 5	 3	 691	
1252	 1	 741	 15	 292	 334	 10	 110	 205	 58	 120	 258	 56	 31	 9	 7	 6	 33	 10	 150	 9	 58	 153	 70	 353	 536	 9	 5	 3	 3	 525	 81	 102	 5	 3	 3	 3	 841	 102	 5	 3	 234	 3	 5	 3	 3	 150	 5	 3	 3	
79	 226	 18	 6	 331	 896	 10	 12	 31	 9	 28	 1142	 24	 1288	 7	 13	 1649	 7	 6	 10	 6	 45	 76	 67	 58	 32	 86	 4	 124	 829	 18	 58	 32	 1885	 19	 2079	 7	 125	 518	 97	 5	 3	 3	 30	 622	 96	 5	 3	 3	 151	
3582	 7	 111	 270	 37	 849	 4	 2223	 38	 7	 43	 900	 15	 6	 899	 5	 3	 3	 3	 3	 3	 3	 5	 3	 3	 5	 3	 5	 3	 55	 5	 3	 3	 5	 3	 3	 3	 3	 3	 5	 3	 3	 3	 3	 3	 5	 3	 3	 5	 3	
13	 16	 51	 31	 9	 38	 174	 4	 6	 41	 20	 67	 8	 58	 212	 42	 4	 6	 149	 8	 48	 1292	 2070	 5	 3	 3	 135	 1378	 6	 568	 16	 48	 4	 57	 146	 5	 3	 3	 952	 6	 860	 19	 1483	 96	 5	 3	 0	 0	 0	 0	
110	 35	 16	 186	 141	 97	 165	 4	 152	 7	 414	 97	 871	 4	 12	 295	 5	 3	 3	 135	 3	 3	 2329	 965	 20	 6	 1035	 10	 21	 10	 6	 41	 5	 3	 3	 3	 3	 5	 3	 3	 3	 452	 234	 28	 25	 472	 5	 3	 27	 5	
15	 1918	 10	 986	 105	 1	 13	 16	 47	 95	 9	 4	 111	 196	 5	 3	 3	 864	 27	 82	 14	 165	 7	 133	 14	 35	 1809	 5	 3	 241	 19	 95	 92	 7	 35	 5	 3	 1739	 5	 3	 3	 1012	 3	 3997	 172	 5	 3	 3	 3	 52	
49	 282	 115	 3	 7	 345	 3	 33	 183	 63	 644	 154	 1366	 831	 45	 66	 145	 89	 9	 3	 26	 191	 650	 197	 5	 3	 3	 3	 1129	 1503	 571	 2115	 571	 1503	 5	 3	 3	 452	 115	 5	 3	 3	 5	 3	 3	 135	 5	 3	 3	 2862	
120	 450	 1656	 4	 6	 183	 1	 388	 11	 409	 10	 256	 1	 14	 77	 1	 14	 270	 11	 6	 168	 1	 14	 636	 11	 6	 168	 60	 3	 3	 3	 11	 6	 168	 5	 3	 3	 173	 56	 77	 5	 3	 3	 3300	 3	 5	 3	 3	 3	 5	
1191	 138	 362	 645	 24	 6	 4385	 18	 8	 48	 1164	 376	 6	 1095	 41	 5	 3	 3	 3	 3	 3	 3	 3	 3	 3	 3	 3	 5	 3	 3	 3	 3	 3	 3	 3	 3	 3	 3	 3	 3	 3	 3	 3	 3	 3	 3	 3	 3	 3	 3	
20	 442	 4	 6	 198	 204	 197	 1	 13	 36	 47	 6	 9	 4	 45	 76	 196	 20	 67	 13	 48	 17	 826	 5	 3	 33	 223	 20	 6	 254	 18	 254	 1735	 174	 1010	 22	 182	 22	 254	 2012	 10	 254	 30	 78	 5	 3	 3	 33	 44	 5	
3738	 84	 582	 1865	 399	 3	 3	 1378	 3	 3	 3	 3	 3	 4561	 2917	 3	 3	 3	 691	 3	 1577	 3	 1146	 3	 5	 3	 1607	 89	 293	 10	 6	 50	 135	 71	 1401	 10	 709	 69	 7	 61	 1013	 696	 26	 71	 2997	 69	 69	 3	 71	 106	
4556	 9	 231	 15	 6	 271	 298	 3	 1332	 19	 39	 63	 15	 14	 1577	 1	 13	 16	 21	 9	 94	 15	 1119	 20	 46	 7	 302	 177	 4	 184	 7	 21	 95	 9	 8	 47	 4	 39	 5	 3	 3	 4125	 150	 52	 27	 5	 3	 3	 62	 50	
13	 16	 21	 46	 1	 50	 215	 1	 7	 4185	 4	 722	 14	 78	 1	 4	 389	 14	 97	 4	 14	 77	 5	 3	 3	 3	 452	 234	 19	 6	 157	 22	 14	 50	 41	 5	 3	 3	 1012	 3	 3	 3	 50	 215	 5	 3	 1012	 3	 126	 52	
198	 10	 31	 9	 19	 258	 3	 1714	 3	 3	 3	 519	 5	 3	 3	 3	 103	 3	 28	 805	 60	 7	 3	 666	 28	 158	 24	 115	 4	 382	 49	 253	 4	 6	 178	 579	 63	 3	 3272	 60	 244	 522	 86	 5	 3	 3	 3	 3	 3	 1185	
