64	 2953	 11	 110	 10	 14	 862	 765	 15	 6	 498	 11	 2546	 115	 279	 75	 61	 639	 15	 6	 1322	 408	 5	 3	 5	 3	 3	 5	 3	 408	 29	 75	 6	 271	 298	 27	 5	 3	 191	 15	 329	 10	 360	 5	 3	 5	 3	 5	 3	 5	
12	 90	 88	 9	 316	 61	 838	 38	 457	 84	 920	 5	 3	 3	 3	 3	 5	 3	 1	 148	 5	 3	 1692	 1	 13	 48	 12	 33	 5	 3	 3	 173	 1	 5	 3	 3	 1	 5	 3	 1	 691	 5	 3	 3	 5	 3	 3	 3	 3	 3	
212	 19	 1291	 3483	 535	 3	 3	 3	 3	 3	 3	 3	 3	 3	 3	 3	 3	 3	 3	 3	 3	 3	 3	 3	 3	 3	 3	 1289	 6	 408	 3	 3	 5	 3	 515	 5	 3	 3	 3	 1289	 24	 536	 260	 6	 721	 28	 267	 4	 918	 6	
13	 21	 411	 49	 38	 12	 81	 20	 728	 169	 97	 4	 8	 15	 101	 4	 47	 8	 20	 97	 304	 22	 12	 421	 1038	 295	 304	 22	 130	 8	 1985	 4	 32	 944	 5	 3	 3	 3	 3	 3	 3	 3	 3	 3	 3	 3	 3	 5	 3	 3	
72	 4	 68	 7	 560	 444	 9	 94	 3	 3	 3	 3	 3	 3	 3	 3	 3	 3	 24	 178	 894	 63	 3	 3	 189	 3	 3	 3	 3	 152	 1	 297	 60	 7	 3	 11	 3	 13	 36	 225	 22	 814	 7	 37	 243	 4	 17	 3511	 33	 665	
29	 372	 27	 12	 202	 9	 7	 579	 9	 29	 356	 1	 12	 790	 379	 1	 673	 1	 2498	 1	 145	 1750	 27	 5	 3	 102	 27	 60	 3	 3	 172	 42	 26	 6	 98	 7	 3800	 60	 3	 1	 1349	 10	 296	 60	 12	 632	 172	 60	 3	 3	
384	 1176	 11	 21	 1	 1362	 11	 364	 1686	 1	 11	 30	 3947	 1	 16	 3375	 6	 103	 10	 30	 9	 8	 262	 220	 1628	 1422	 1859	 11	 111	 216	 582	 5	 3	 5	 3	 3	 3	 5	 3	 3	 5	 3	 3	 5	 3	 5	 3	 5	 3	 3	
594	 5	 694	 874	 13	 58	 338	 93	 43	 12	 33	 7	 49	 5	 3	 3	 5	 3	 3	 205	 1	 67	 765	 212	 2914	 6	 9	 20	 49	 10	 126	 4	 6	 214	 1612	 5	 3	 3	 3	 2636	 1	 123	 165	 7	 30	 1034	 150	 2374	 5	 3	
355	 30	 659	 16	 153	 331	 11	 98	 1765	 15	 229	 20	 308	 503	 172	 1	 11	 26	 248	 10	 6	 50	 41	 56	 522	 11	 299	 1616	 1675	 8	 124	 82	 6	 52	 5	 3	 3	 234	 16	 239	 6	 623	 5	 3	 3	 3	 3	 3	 3	 3	
13	 504	 93	 77	 9	 19	 17	 80	 10	 14	 41	 1	 19	 127	 1	 4	 152	 34	 102	 11	 265	 105	 6	 340	 77	 58	 124	 21	 10	 18	 9	 5	 3	 3	 3	 3	 2698	 4	 314	 6	 805	 18	 6	 150	 394	 6	 41	 5	 3	 3	
891	 1	 2474	 11	 6	 805	 10	 34	 10	 6	 9	 665	 1	 16	 32	 2933	 1900	 4	 961	 11	 260	 11	 316	 32	 1172	 17	 1330	 10	 6	 335	 10	 6	 80	 56	 388	 1	 11	 64	 5	 3	 3	 379	 5	 3	 3	 24	 39	 5	 3	 3	
4	 1323	 17	 1286	 1	 8	 58	 439	 458	 15	 6	 89	 39	 1463	 11	 5	 3	 3	 52	 392	 992	 22	 12	 499	 541	 7	 12	 50	 91	 56	 133	 39	 1496	 5	 3	 346	 5	 3	 3	 135	 5	 3	 3	 453	 845	 71	 539	 69	 5	 3	
793	 4	 185	 10	 14	 1577	 312	 1	 288	 11	 65	 39	 5	 3	 3	 3	 3	 3	 3	 3	 3	 3	 60	 3	 3	 74	 60	 236	 35	 22	 14	 41	 18	 28	 60	 7	 443	 4248	 281	 60	 68	 3978	 295	 60	 3	 3	 3	 5	 3	 3	
46	 58	 439	 48	 386	 49	 1	 875	 22	 12	 91	 230	 4	 373	 46	 4	 373	 39	 4	 603	 12	 91	 337	 17	 50	 41	 11	 2023	 19	 103	 11	 282	 5	 3	 4786	 1869	 1	 7	 106	 148	 448	 5	 3	 3	 3	 3	 3	 3	 3	 3	
1510	 46	 48	 31	 49	 18	 13	 501	 22	 14	 184	 3	 80	 1147	 64	 16	 32	 1607	 4	 14	 294	 5	 3	 2249	 55	 294	 1	 110	 50	 155	 16	 924	 26	 17	 212	 7	 20	 14	 78	 5	 3	 135	 3	 1040	 1692	 9	 349	 4	 12	 91	
142	 1	 151	 7	 645	 15	 6	 330	 10	 34	 10	 6	 278	 3	 29	 1160	 27	 976	 352	 47	 8	 20	 6	 178	 175	 63	 3	 2543	 1	 1	 2953	 1	 3325	 5	 3	 1185	 5	 3	 334	 3	 135	 1294	 27	 3	 5	 3	 3	 3	 3	 5	
16	 47	 9	 4	 2201	 200	 179	 640	 174	 38	 457	 627	 3281	 5	 3	 33	 44	 5	 3	 3	 3	 2787	 5	 3	 3	 173	 5	 3	 3	 33	 568	 5	 3	 3	 173	 5	 3	 3	 3	 3	 3	 3	 3	 173	 5	 3	 3	 3	 3	 3	
13	 21	 567	 386	 46	 1	 67	 1905	 10	 12	 107	 1	 7	 14	 50	 294	 1498	 290	 4	 12	 91	 5	 3	 133	 188	 5	 3	 122	 172	 5	 3	 1012	 253	 188	 5	 3	 3	 55	 3	 123	 5	 3	 3	 52	 27	 5	 3	 5	 3	 55	
79	 89	 34	 3649	 8	 396	 642	 39	 15	 350	 5	 3	 3	 1076	 165	 5	 3	 3	 3	 3	 3	 3	 3	 346	 3	 3	 3	 3	 5	 3	 3	 1058	 5	 3	 3	 5	 3	 3	 3	 1769	 5	 3	 3	 3	 3	 3	 3	 150	 52	 5	
62	 53	 7	 35	 37	 745	 82	 6	 21	 10	 421	 177	 7	 554	 379	 5	 3	 3	 1388	 192	 55	 5	 3	 192	 33	 7	 379	 13	 5	 3	 3	 55	 5	 3	 3	 3	 3	 3	 3	 3	 5	 3	 3	 2636	 10	 6	 1095	 174	 5	 3	
140	 40	 8	 2979	 481	 604	 34	 87	 8	 316	 200	 4	 47	 39	 20	 6	 432	 5	 3	 3	 191	 650	 135	 27	 5	 3	 3	 1302	 182	 346	 5	 3	 3	 1137	 29	 67	 16	 48	 303	 1329	 24	 970	 420	 46	 27	 5	 3	 654	 2329	 5	
4	 47	 8	 20	 2433	 35	 1	 42	 26	 3349	 15	 229	 20	 17	 1382	 446	 1376	 78	 1	 13	 16	 51	 9	 43	 8	 1	 42	 26	 12	 129	 257	 1	 129	 936	 1	 11	 257	 172	 1	 42	 26	 129	 246	 1	 257	 230	 1	 246	 7	 343	
24	 100	 14	 53	 1	 8	 252	 4	 6	 117	 10	 23	 33	 44	 5	 3	 3	 122	 3	 3	 3	 3	 3	 5	 3	 3	 123	 173	 5	 3	 3	 3	 3	 3	 135	 5	 3	 3	 3	 3	 3	 33	 5	 3	 3	 3	 3	 41	 5	 3	
4	 437	 6	 608	 3723	 22	 14	 272	 3	 11	 898	 4	 39	 60	 3	 3	 3	 3	 3	 3	 135	 1051	 4	 104	 12	 1478	 11	 769	 20	 12	 189	 5	 3	 3	 1185	 5	 3	 3	 19	 35	 5	 3	 3	 3	 3	 5	 3	 3	 1624	 52	
15	 101	 4	 891	 34	 1024	 18	 28	 253	 4	 34	 7	 6	 1135	 4939	 3	 3	 150	 52	 60	 3	 3	 0	 0	 0	 0	 0	 0	 0	 0	 0	 0	 0	 0	 0	 0	 0	 0	 0	 0	 0	 0	 0	 0	 0	 0	 0	 0	 0	 0	
12	 765	 295	 15	 14	 184	 1	 176	 1	 11	 40	 13	 1014	 17	 123	 11	 387	 84	 92	 11	 35	 18	 37	 248	 10	 14	 370	 5	 3	 3	 3	 55	 5	 3	 3	 3	 5	 3	 3	 3	 619	 15	 110	 10	 6	 92	 5	 3	 3	 3	
1808	 7	 111	 294	 16	 21	 31	 9	 19	 103	 7	 534	 96	 7	 16	 25	 414	 4	 434	 34	 126	 167	 18	 16	 48	 303	 318	 1332	 5	 3	 41	 255	 5	 3	 0	 0	 0	 0	 0	 0	 0	 0	 0	 0	 0	 0	 0	 0	 0	 0	
74	 138	 28	 61	 116	 563	 49	 70	 563	 477	 4	 45	 76	 196	 15	 17	 292	 357	 1	 72	 355	 435	 396	 21	 6	 41	 1415	 7	 501	 292	 353	 49	 5	 3	 3	 49	 1224	 5	 3	 935	 1012	 3	 692	 5	 3	 0	 0	 0	 0	 0	
413	 28	 61	 67	 31	 9	 18	 13	 58	 25	 32	 86	 4	 206	 8	 1678	 5	 3	 3	 535	 11	 30	 9	 8	 58	 32	 86	 4	 113	 9	 11	 9	 5	 3	 3	 1185	 154	 303	 621	 4	 39	 38	 12	 81	 135	 5	 3	 5	 3	 1100	
459	 36	 410	 328	 26	 17	 4511	 20	 39	 4	 879	 12	 744	 5	 3	 3	 241	 19	 6	 494	 74	 1	 50	 1064	 56	 33	 8	 84	 92	 11	 878	 850	 15	 12	 81	 5	 3	 3	 169	 5	 3	 3	 1064	 5	 3	 74	 5	 3	 3	 33	
139	 4	 110	 10	 6	 9	 820	 3	 3	 3	 3	 495	 46	 3	 3	 73	 3	 22	 12	 1221	 1141	 60	 7	 3	 172	 3	 172	 73	 12	 50	 91	 56	 172	 11	 172	 3	 3	 3	 3	 3	 495	 46	 5	 3	 71	 50	 177	 69	 63	 3	
161	 250	 1	 49	 94	 444	 49	 28	 1172	 428	 9	 43	 6	 1425	 10	 83	 87	 1	 26	 313	 26	 30	 77	 145	 150	 52	 5	 3	 135	 1373	 5	 3	 3	 1012	 3	 3	 87	 5	 3	 234	 3	 74	 5	 3	 3	 3	 1185	 3	 5	 3	
79	 226	 18	 1262	 10	 12	 31	 49	 112	 25	 153	 530	 20	 293	 19	 67	 8	 316	 200	 4	 344	 5	 3	 3	 3	 3	 5	 3	 3	 955	 5	 3	 3	 3	 3	 334	 5	 3	 3	 3	 5	 3	 3	 3	 3	 3	 989	 5	 3	 3	
12	 922	 20	 62	 149	 37	 613	 24	 6	 33	 44	 10	 6	 173	 236	 64	 5	 3	 3	 268	 3	 183	 7	 942	 60	 652	 3	 379	 75	 6	 234	 7	 74	 10	 6	 135	 27	 5	 3	 3	 3	 1535	 10	 6	 1211	 10	 6	 55	 15	 6	
8	 58	 193	 10	 495	 46	 24	 178	 6	 1983	 116	 15	 6	 122	 379	 5	 3	 3	 227	 3	 379	 5	 3	 3	 3	 122	 5	 3	 3	 3	 135	 5	 3	 3	 71	 1034	 2181	 1369	 69	 5	 3	 3	 1369	 5	 3	 3	 3	 3	 1369	 5	
13	 48	 419	 14	 33	 223	 4	 1426	 77	 145	 392	 10	 14	 92	 7	 35	 13	 2338	 8	 36	 32	 267	 4	 180	 260	 8	 339	 4	 104	 23	 9	 5	 3	 1012	 3	 3	 3	 242	 3	 41	 5	 3	 3	 1012	 3	 55	 3	 3	 3	 3	
1719	 1	 1841	 1	 3	 1702	 1	 3	 1	 1	 1190	 1	 1	 1	 3544	 1	 7	 3	 5	 3	 940	 63	 3	 3	 1	 1369	 3	 1369	 1369	 3	 1369	 668	 345	 3	 3	 1369	 3	 1369	 1066	 71	 4112	 69	 5	 3	 3	 3	 55	 3	 3	 3	
466	 436	 17	 859	 888	 2951	 152	 1	 21	 10	 49	 94	 1	 631	 106	 17	 3177	 4	 132	 42	 9	 4	 111	 636	 11	 30	 76	 49	 13	 48	 94	 82	 6	 55	 16	 212	 4	 11	 38	 62	 1100	 894	 5	 3	 3	 268	 3	 5	 3	 3	
40	 8	 57	 25	 252	 4	 42	 17	 44	 1	 86	 4	 1807	 23	 41	 171	 13	 2242	 4	 603	 8	 11	 34	 30	 55	 8	 21	 5	 3	 3	 3	 357	 13	 348	 15	 6	 55	 75	 6	 234	 7	 1504	 10	 173	 608	 5	 3	 3391	 5	 3	
3	 874	 17	 223	 38	 6	 1684	 10	 606	 6	 33	 10	 6	 9	 28	 94	 100	 6	 50	 5	 3	 3	 3	 3	 2250	 752	 146	 5	 3	 3	 142	 5	 3	 3	 3	 3	 1064	 5	 3	 3	 3	 3	 3	 3	 3300	 5	 3	 3	 3	 3	
308	 258	 16	 32	 267	 4	 225	 87	 22	 83	 1612	 10	 83	 340	 168	 205	 7	 105	 18	 119	 58	 194	 83	 1284	 98	 1	 1945	 1	 769	 1	 2210	 5	 3	 3	 3	 3	 3	 3	 3	 3	 3	 3	 5	 3	 3	 3	 3	 1319	 1319	 5	
26	 17	 331	 341	 386	 1	 194	 122	 46	 7	 353	 936	 54	 46	 37	 86	 24	 1233	 6	 50	 87	 404	 12	 107	 4	 661	 53	 16	 32	 807	 73	 5	 3	 1450	 273	 227	 3	 1280	 19	 8	 43	 23	 97	 22	 1620	 583	 63	 46	 22	 12	
130	 9	 57	 13	 51	 38	 46	 3	 3	 3	 3	 1	 227	 3	 227	 3	 1	 227	 3	 3	 3	 3	 3	 5	 3	 3	 3	 3	 3	 3	 3	 3	 3	 3	 3	 3	 3	 84	 1046	 332	 3	 173	 3	 84	 122	 5	 3	 3	 695	 3	
1943	 16	 247	 19	 31	 293	 11	 30	 49	 181	 11	 300	 4	 47	 95	 35	 1	 75	 147	 163	 441	 1	 1189	 1	 126	 1	 126	 11	 299	 416	 60	 3	 3	 103	 427	 5	 3	 3	 3	 1084	 3	 103	 289	 1	 7	 1388	 123	 862	 1293	 5	
13	 47	 14	 131	 392	 457	 347	 10	 292	 5	 3	 3	 102	 3	 102	 1	 135	 10	 17	 379	 1	 135	 10	 131	 7	 131	 59	 5	 3	 133	 1107	 19	 6	 96	 10	 2666	 429	 7	 1483	 5	 3	 1789	 96	 5	 3	 150	 3	 3	 5	 3	
407	 9	 61	 36	 32	 86	 19	 405	 634	 1	 75	 102	 10	 761	 1	 7	 6	 1009	 293	 19	 14	 258	 145	 131	 172	 7	 28	 621	 4	 32	 1270	 123	 165	 26	 191	 650	 197	 5	 3	 29	 33	 295	 7	 123	 1023	 27	 5	 3	 3	 5	
26	 17	 331	 329	 1	 8	 58	 1414	 12	 1683	 22	 95	 55	 24	 3319	 14	 55	 1	 6	 178	 657	 57	 25	 153	 63	 3	 46	 1	 205	 1	 49	 820	 22	 12	 530	 1	 54	 8	 240	 20	 6	 2113	 35	 1	 12	 1095	 45	 76	 242	 522	
13	 16	 1642	 411	 9	 7	 49	 2148	 38	 45	 66	 18	 714	 12	 257	 11	 411	 9	 20	 39	 5	 3	 3	 3	 103	 102	 15	 101	 4	 47	 8	 20	 95	 35	 7	 124	 146	 3828	 4	 48	 303	 1018	 38	 5	 3	 3	 1027	 697	 1396	 7	
491	 20	 8	 73	 12	 136	 129	 1	 757	 1271	 10	 1	 7	 326	 39	 128	 24	 236	 39	 20	 12	 3	 65	 59	 5	 3	 3	 3	 3	 3	 3	 3	 3	 3	 3	 3	 3	 3	 3	 3	 3	 3	 3	 3	 3	 3	 3	 3	 3	 3	
62	 649	 37	 555	 15	 329	 7	 2490	 42	 49	 5	 3	 3	 49	 159	 73	 5	 3	 3	 33	 175	 5	 3	 3	 534	 3300	 33	 408	 29	 27	 7	 5	 3	 3	 1084	 3	 5	 3	 3	 115	 5	 3	 3	 5	 3	 3	 33	 1997	 73	 5	
13	 21	 23	 257	 4	 47	 149	 11	 35	 42	 26	 14	 97	 1973	 29	 71	 274	 69	 27	 5	 3	 3	 3	 198	 19	 93	 340	 77	 5	 3	 3	 3	 3	 4819	 464	 8	 4	 341	 376	 6	 1487	 10	 430	 5	 3	 3	 486	 3	 234	 5	
62	 141	 78	 16	 1874	 1389	 12	 31	 9	 5	 3	 3	 241	 1	 7	 241	 359	 22	 6	 35	 1391	 10	 30	 55	 5	 3	 3320	 5	 3	 0	 0	 0	 0	 0	 0	 0	 0	 0	 0	 0	 0	 0	 0	 0	 0	 0	 0	 0	 0	 0	
13	 16	 47	 68	 42	 87	 11	 1094	 4	 14	 77	 5	 3	 3	 3	 3	 3	 1	 689	 2322	 1	 1	 431	 1	 7	 647	 14	 52	 5	 3	 80	 56	 1515	 5	 3	 2897	 5	 29	 71	 647	 1750	 69	 27	 5	 3	 3	 3	 5	 3	 3	
12	 1368	 128	 65	 172	 3	 3	 84	 1180	 1569	 8	 36	 32	 1344	 22	 14	 41	 7	 8	 16	 143	 4	 131	 12	 81	 20	 39	 20	 12	 81	 5	 3	 3	 265	 19	 14	 33	 44	 5	 3	 3	 102	 3	 173	 5	 3	 462	 227	 419	 5	
13	 21	 1194	 97	 99	 4	 21	 23	 50	 41	 4	 642	 8	 15	 2110	 67	 157	 8	 48	 1372	 7	 6	 50	 41	 5	 3	 3	 864	 19	 21	 5	 3	 3	 3	 5	 3	 3	 3	 3	 3	 3	 3	 3	 3	 3	 3	 3	 41	 1450	 5	
13	 21	 23	 289	 4	 275	 171	 7	 198	 6	 905	 10	 77	 121	 500	 23	 135	 5	 3	 3	 3	 122	 145	 1097	 784	 7	 74	 4	 206	 77	 145	 295	 5	 3	 2878	 234	 10	 187	 5	 3	 234	 197	 27	 5	 3	 1983	 350	 946	 5	 3	
13	 16	 61	 21	 70	 310	 1543	 263	 22	 14	 41	 3	 3	 22	 70	 831	 759	 28	 300	 19	 6	 1107	 10	 23	 9	 5	 3	 3	 3	 3	 3	 28	 1042	 5	 3	 3	 3	 1060	 5	 3	 3	 3	 5	 3	 3	 5	 3	 3	 3	 5	
64	 61	 464	 39	 4	 591	 6	 80	 211	 5	 3	 3	 2329	 105	 18	 13	 58	 47	 70	 239	 5	 3	 41	 947	 19	 95	 749	 27	 5	 3	 3	 5	 3	 3	 3	 3	 3	 3	 3	 3	 346	 2093	 8	 5	 3	 3	 3	 3	 3	 3	
15	 42	 17	 552	 1	 13	 108	 17	 45	 76	 332	 56	 152	 4284	 10	 362	 1408	 121	 47	 39	 362	 163	 293	 15	 101	 4	 152	 6	 203	 8	 108	 5	 3	 3	 3	 331	 5	 3	 3	 5	 3	 3	 3	 2240	 5	 3	 3	 2240	 5	 3	
6	 9	 18	 13	 51	 82	 6	 278	 250	 16	 32	 228	 220	 14	 616	 627	 10	 99	 105	 18	 13	 58	 1191	 138	 95	 680	 1	 152	 761	 1	 2170	 11	 381	 241	 5	 3	 3	 172	 10	 174	 5	 3	 3	 295	 727	 6	 21	 10	 14	 35	
176	 1	 540	 8	 48	 714	 17	 2929	 333	 8	 287	 18	 64	 28	 3110	 38	 1486	 1	 18	 845	 426	 49	 1137	 18	 16	 32	 1938	 20	 4	 12	 114	 11	 129	 4	 186	 42	 52	 5	 3	 3	 683	 5	 3	 3	 135	 28	 5	 3	 3	 5	
13	 47	 23	 334	 4	 1169	 362	 152	 5	 3	 3	 3	 1769	 63	 3	 80	 2374	 5	 3	 256	 205	 775	 5	 3	 234	 3	 1388	 2476	 101	 5	 3	 3	 3	 3	 3	 50	 41	 5	 3	 3	 3	 3	 3	 3	 3	 3	 3	 3	 3	 3	
13	 363	 256	 3252	 38	 46	 4	 314	 8	 210	 23	 33	 44	 15	 12	 7	 4081	 4652	 5	 3	 109	 4	 702	 4	 104	 182	 22	 78	 5	 3	 3	 1012	 55	 5	 3	 3	 5	 3	 3	 3	 452	 383	 1812	 3	 135	 5	 3	 3	 122	 5	
34	 49	 282	 935	 728	 336	 474	 4	 1426	 766	 928	 67	 28	 555	 15	 6	 548	 7	 5	 3	 3	 5	 3	 135	 3	 33	 44	 5	 3	 3	 169	 3	 3	 5	 3	 3	 3	 5	 3	 3	 3	 5	 3	 3	 893	 173	 5	 3	 3003	 4546	
236	 8	 20	 17	 393	 7	 235	 487	 1124	 4	 33	 115	 5	 3	 3	 3	 3	 3	 3	 3	 3	 55	 28	 566	 371	 6	 175	 11	 307	 10	 175	 1	 180	 11	 468	 175	 7	 9	 570	 1186	 5	 3	 3	 234	 5	 3	 3	 3	 3	 3	
148	 422	 266	 58	 32	 1148	 1033	 235	 5	 3	 1979	 10	 103	 5	 3	 5	 3	 5	 3	 5	 3	 5	 3	 5	 3	 5	 3	 5	 3	 5	 3	 3	 5	 3	 3	 5	 3	 3	 5	 3	 3	 5	 3	 3	 5	 3	 3	 3	 5	 3	
30	 45	 66	 4	 460	 8	 85	 42	 9	 15	 1119	 20	 1913	 3	 7	 93	 45	 76	 203	 145	 11	 21	 2503	 1	 1391	 63	 62	 46	 16	 51	 9	 82	 6	 21	 10	 71	 46	 69	 22	 14	 55	 1	 75	 68	 4	 12	 50	 91	 5	 3	
24	 100	 6	 1334	 35	 8	 252	 4	 26	 191	 138	 15	 6	 117	 10	 42	 915	 33	 44	 5	 3	 929	 5	 3	 3	 1388	 1657	 5	 3	 3	 3	 307	 5	 3	 3	 3	 3	 3	 3	 3	 3	 3	 3	 41	 5	 3	 3	 3	 3	 3	
875	 22	 6	 660	 10	 6	 33	 223	 1	 12	 320	 20	 30	 335	 1	 75	 588	 335	 892	 12	 922	 20	 268	 31	 49	 1	 16	 32	 1050	 20	 42	 30	 1237	 331	 5	 3	 3	 3	 33	 665	 5	 3	 3	 3	 3	 289	 845	 45	 76	 5	
40	 8	 57	 481	 269	 12	 3868	 91	 4	 903	 46	 1	 110	 1192	 10	 6	 149	 10	 14	 55	 16	 25	 664	 939	 11	 58	 25	 1080	 1568	 342	 5	 3	 3	 3	 5	 3	 1034	 84	 33	 5	 3	 3	 1012	 3	 3	 5	 3	 3	 691	 5	
2151	 58	 918	 33	 230	 22	 6	 155	 18	 37	 146	 875	 22	 6	 155	 981	 73	 6	 74	 6	 219	 1166	 570	 5	 3	 5	 3	 1066	 611	 1066	 611	 5	 3	 3	 3	 3	 5	 3	 135	 5	 3	 3	 3	 232	 3	 173	 6	 1034	 5	 3	
1	 1048	 5	 3	 5	 3	 3	 33	 175	 3	 135	 10	 5	 3	 3	 33	 175	 3	 55	 3	 1399	 721	 29	 61	 398	 451	 323	 27	 5	 3	 63	 3	 3	 3	 212	 22	 6	 911	 10	 50	 135	 10	 6	 10	 62	 187	 5	 3	 50	 135	
875	 22	 12	 320	 8	 16	 124	 166	 6	 357	 403	 12	 189	 9	 16	 32	 86	 24	 39	 7	 208	 1	 75	 460	 8	 58	 1	 24	 439	 24	 178	 14	 203	 1	 11	 12	 172	 106	 23	 16	 32	 977	 1	 26	 17	 1857	 10	 590	 12	 9	
13	 16	 61	 32	 267	 4	 584	 95	 149	 10	 6	 41	 18	 8	 37	 100	 110	 1	 6	 9	 18	 8	 47	 43	 17	 1895	 192	 52	 28	 1042	 7	 42	 26	 16	 32	 376	 42	 97	 26	 204	 197	 5	 3	 5	 3	 135	 5	 3	 863	 5	
1327	 10	 72	 13	 489	 20	 6	 99	 13	 48	 1366	 17	 103	 289	 7	 285	 103	 3	 31	 9	 8	 16	 143	 4	 104	 6	 312	 1	 8	 36	 521	 32	 365	 18	 148	 30	 55	 11	 203	 28	 1335	 22	 5	 3	 3	 1148	 1148	 0	 0	 0	
