2261	 36	 32	 70	 1507	 307	 42	 26	 6	 157	 18	 1418	 6	 1068	 11	 30	 150	 593	 5	 3	 3	 3	 982	 3	 3	 3	 3	 3	 10	 91	 5	 3	 3	 3	 3	 60	 3	 3	 84	 5	 3	 5	 3	 3	 5	 3	 3	 5	 3	 3	
1043	 138	 10	 380	 8	 126	 167	 38	 39	 3	 3	 3	 3	 24	 178	 20	 12	 29	 399	 27	 63	 3	 406	 514	 4298	 3250	 29	 551	 39	 227	 8	 316	 32	 162	 551	 39	 25	 4	 1	 7	 6	 469	 97	 253	 299	 241	 7	 95	 87	 253	
13	 104	 95	 652	 296	 238	 482	 42	 26	 6	 246	 10	 475	 266	 8	 37	 403	 26	 313	 26	 411	 9	 29	 42	 26	 411	 605	 27	 5	 3	 3	 135	 1	 92	 7	 35	 5	 3	 3	 322	 5	 3	 3	 3	 860	 27	 5	 3	 3	 818	
13	 21	 539	 628	 1649	 4	 1259	 563	 1	 353	 605	 43	 50	 41	 67	 155	 16	 32	 86	 4	 201	 14	 35	 7	 9	 5	 3	 126	 172	 27	 5	 3	 0	 0	 0	 0	 0	 0	 0	 0	 0	 0	 0	 0	 0	 0	 0	 0	 0	 0	
8	 58	 378	 30	 9	 166	 130	 46	 8	 21	 22	 12	 114	 4	 184	 12	 7	 836	 7	 495	 5	 3	 230	 54	 8	 107	 14	 55	 5	 3	 234	 5	 3	 135	 3	 135	 1026	 135	 5	 3	 135	 1373	 135	 5	 3	 135	 3	 135	 807	 24	
22	 6	 2485	 135	 1	 8	 36	 32	 158	 4	 47	 31	 9	 24	 65	 15	 101	 4	 713	 6	 80	 10	 14	 202	 334	 5	 3	 3	 13	 58	 152	 12	 81	 1254	 4	 6	 240	 152	 981	 15	 1695	 126	 980	 5	 3	 3	 721	 3	 5	 3	
2740	 1361	 5	 3	 5	 3	 3	 3	 3	 3	 3	 3	 2143	 29	 3	 3271	 3	 27	 3	 3	 1034	 1034	 55	 223	 3	 29	 71	 386	 69	 46	 27	 1	 84	 1076	 29	 6	 71	 4539	 41	 69	 27	 3819	 17	 1907	 33	 7	 2700	 15	 67	 6	
9	 94	 11	 198	 7	 231	 24	 45	 66	 3	 435	 15	 1119	 20	 18	 45	 76	 56	 216	 862	 15	 14	 602	 4	 50	 397	 7	 35	 18	 186	 39	 4	 674	 7	 389	 157	 22	 6	 35	 5	 3	 3	 2249	 304	 22	 6	 80	 56	 150	 295	
4	 3514	 1	 720	 7	 4328	 2789	 1178	 38	 12	 161	 59	 60	 3	 3	 3	 3	 3	 3	 3	 3	 0	 0	 0	 0	 0	 0	 0	 0	 0	 0	 0	 0	 0	 0	 0	 0	 0	 0	 0	 0	 0	 0	 0	 0	 0	 0	 0	 0	 0	
40	 8	 57	 25	 252	 4	 32	 1228	 24	 6	 80	 1	 62	 36	 25	 21	 6	 49	 2433	 1222	 42	 17	 1015	 11	 508	 334	 36	 32	 24	 8	 4	 17	 45	 76	 276	 8	 2945	 12	 136	 129	 5	 3	 3	 3	 3	 3	 294	 5	 3	 3	
110	 1147	 10	 23	 55	 16	 21	 31	 9	 19	 11	 30	 96	 5	 3	 3	 3	 5	 3	 241	 10	 156	 106	 1027	 58	 61	 827	 62	 99	 58	 194	 125	 2001	 9	 43	 968	 157	 38	 190	 5	 3	 5	 3	 234	 181	 27	 5	 3	 50	 135	
1397	 16	 143	 4	 2095	 284	 9	 42	 26	 673	 1	 213	 1839	 1	 1472	 1	 1472	 7	 1472	 211	 5	 3	 95	 535	 5	 3	 234	 5	 3	 3	 3	 3300	 2329	 5	 3	 3	 3	 52	 165	 5	 3	 3	 52	 3	 1059	 5	 3	 3	 642	 900	
14	 33	 44	 112	 25	 1016	 6	 21	 10	 46	 24	 34	 196	 5	 3	 3	 173	 28	 243	 4	 6	 33	 44	 7	 44	 10	 42	 45	 66	 5	 3	 0	 0	 0	 0	 0	 0	 0	 0	 0	 0	 0	 0	 0	 0	 0	 0	 0	 0	 0	
40	 8	 57	 25	 339	 4	 104	 42	 167	 38	 12	 136	 288	 169	 1	 13	 16	 315	 4	 85	 12	 9	 253	 4	 12	 179	 169	 15	 101	 4	 113	 6	 455	 4	 14	 596	 1759	 7	 249	 187	 22	 14	 55	 5	 3	 3	 135	 5	 3	 3	
13	 57	 25	 21	 6	 524	 56	 184	 65	 59	 5	 3	 3	 5	 3	 3	 3	 3	 3	 3	 3	 3	 24	 1137	 5	 3	 3	 3	 3	 3	 3	 3	 3	 3	 3	 3	 3	 3	 3	 3	 3	 3	 3	 3	 3	 3	 3	 3	 3	 3	
77	 16	 32	 158	 4	 262	 31	 9	 26	 16	 32	 158	 24	 23	 33	 379	 5	 3	 841	 1	 7	 6	 33	 10	 17	 95	 244	 5	 3	 331	 1549	 19	 70	 284	 31	 840	 5	 3	 16	 1127	 4	 194	 292	 9	 5	 3	 234	 10	 74	 7	
352	 32	 2881	 73	 34	 74	 1	 24	 1	 13	 37	 25	 158	 4	 57	 105	 15	 23	 33	 44	 29	 71	 69	 27	 5	 3	 3	 1012	 5	 3	 3	 5	 3	 3	 3	 5	 3	 3	 3	 5	 3	 3	 5	 3	 5	 3	 3	 5	 3	 3	
14	 4485	 57	 25	 327	 34	 1321	 166	 1785	 10	 11	 18	 28	 625	 4	 32	 613	 24	 6	 335	 10	 12	 474	 10	 21	 5	 3	 3	 331	 3	 3	 33	 5	 3	 3	 3	 3	 3	 3	 5	 3	 3	 3	 3	 3	 3	 658	 5	 3	 3	
1637	 517	 2196	 1360	 3	 3	 3	 3	 27	 220	 6	 2361	 3	 3	 5	 3	 3	 3	 3	 3	 3	 5	 3	 3	 3	 3	 3	 5	 3	 3	 3	 3	 3	 3	 3	 5	 3	 3	 3	 3	 3	 3	 3	 3	 3	 3	 5	 3	 3	 3	
54	 8	 68	 185	 10	 14	 78	 1	 17	 329	 70	 101	 1163	 22	 6	 50	 5	 3	 3	 289	 3	 630	 610	 8	 107	 22	 6	 1738	 55	 5	 3	 3	 169	 3	 84	 5	 3	 3	 169	 3	 1927	 6	 91	 5	 3	 3	 3	 3	 3	 3	
38	 74	 4	 74	 1	 13	 16	 21	 18	 9	 4	 778	 8	 92	 11	 35	 18	 13	 354	 16	 32	 10	 232	 4	 8	 5	 3	 3	 19	 255	 1	 601	 126	 35	 60	 7	 4	 679	 14	 41	 56	 1038	 182	 5	 3	 3	 3	 864	 13	 273	
1382	 446	 1376	 198	 17	 1623	 10	 12	 922	 20	 6	 78	 1	 75	 1	 7	 12	 50	 91	 1338	 756	 46	 51	 7	 545	 5	 3	 234	 1012	 3	 3	 135	 3	 5	 3	 3	 3	 135	 5	 3	 91	 5	 3	 3	 3	 135	 5	 3	 3	 169	
79	 283	 23	 33	 44	 779	 333	 100	 6	 55	 11	 35	 5	 3	 3	 5	 3	 3	 192	 3	 452	 452	 234	 1	 7	 6	 74	 10	 103	 22	 5	 3	 3	 3	 5	 3	 3	 5	 3	 74	 717	 5	 3	 3	 3	 5	 3	 3	 5	 3	
13	 61	 1191	 138	 4578	 2074	 10	 9	 82	 14	 55	 7	 15	 30	 448	 5	 3	 575	 5	 3	 3	 5	 3	 515	 3	 135	 10	 1009	 2402	 29	 647	 6	 55	 27	 5	 3	 3	 3	 3	 33	 44	 5	 3	 3	 3	 3	 41	 3	 721	 6	
13	 61	 21	 45	 76	 52	 99	 4	 328	 14	 529	 454	 92	 7	 35	 15	 6	 498	 1	 7	 1516	 435	 4	 18	 872	 7	 111	 126	 165	 5	 3	 3	 3	 3	 3	 3	 7	 944	 15	 14	 35	 5	 3	 3	 173	 3	 3	 3	 5	 3	
13	 57	 25	 47	 34	 65	 585	 4	 8	 195	 65	 5	 3	 3	 656	 3	 59	 60	 3	 419	 6	 353	 33	 44	 7	 814	 5	 3	 1983	 5	 3	 3	 3	 3300	 5	 3	 3	 3	 2263	 5	 3	 3	 28	 3337	 5	 3	 5	 3	 3	 3	
13	 21	 1352	 133	 1031	 4	 51	 64	 5	 3	 102	 10	 1206	 17	 135	 26	 1	 72	 355	 435	 37	 1206	 6	 9	 1	 12	 1515	 626	 1	 7	 34	 30	 9	 18	 8	 143	 4	 1132	 5	 3	 3	 5	 3	 3	 74	 5	 3	 234	 5	 3	
38	 74	 4	 74	 1	 13	 16	 415	 353	 80	 9	 38	 185	 336	 5	 3	 3	 896	 49	 390	 1168	 20	 6	 1211	 451	 537	 5	 3	 3	 135	 59	 10	 6	 135	 5	 3	 135	 5	 3	 3	 135	 3	 5	 3	 135	 3	 135	 3	 2405	 5	
4	 47	 8	 20	 241	 7	 342	 18	 16	 32	 10	 232	 4	 8	 60	 3	 3	 1107	 618	 10	 6	 472	 860	 7	 22	 6	 50	 135	 60	 2321	 476	 60	 7	 2110	 292	 860	 60	 3	 1040	 261	 322	 60	 3	 241	 304	 97	 5	 3	 35	 27	
575	 1	 6	 495	 46	 37	 110	 1698	 9	 1222	 42	 17	 1167	 91	 16	 152	 5	 3	 191	 22	 6	 55	 5	 3	 234	 58	 372	 217	 22	 6	 751	 192	 145	 50	 135	 5	 3	 3	 3	 135	 3	 135	 56	 50	 135	 5	 3	 1624	 145	 5	
3891	 1402	 863	 57	 25	 758	 11	 750	 4	 273	 9	 73	 23	 41	 1873	 11	 2045	 1146	 311	 572	 830	 22	 71	 147	 163	 49	 1	 509	 5	 3	 1032	 5	 3	 3632	 1189	 5	 3	 1425	 7	 5	 3	 3	 1319	 5	 3	 3	 5	 3	 3	 3	
26	 16	 2438	 30	 80	 670	 77	 3	 295	 4	 124	 168	 430	 22	 6	 168	 5	 3	 3	 1544	 52	 1	 95	 599	 58	 32	 703	 24	 2322	 121	 58	 194	 6	 35	 5	 3	 1029	 1100	 276	 64	 28	 17	 2720	 10	 185	 29	 627	 10	 52	 27	
578	 95	 149	 10	 6	 41	 8	 16	 25	 32	 267	 4	 21	 95	 149	 1	 42	 26	 6	 1720	 10	 12	 533	 16	 32	 5	 3	 3	 5	 3	 3	 2744	 10	 1483	 5	 3	 3	 205	 5	 3	 3	 692	 5	 3	 5	 3	 3	 5	 3	 3	
13	 16	 51	 9	 42	 26	 12	 234	 10	 796	 140	 112	 25	 206	 8	 90	 7	 112	 25	 206	 8	 26	 17	 3	 332	 5	 3	 3	 103	 207	 5	 3	 3	 1940	 3	 27	 5	 3	 3	 3530	 3	 3	 41	 5	 3	 3	 3	 3	 2263	 5	
110	 30	 786	 1	 255	 16	 32	 555	 22	 457	 639	 5	 3	 3	 515	 515	 515	 3	 3080	 253	 4	 77	 11	 4	 6	 331	 168	 5	 3	 5	 3	 1094	 10	 77	 5	 3	 0	 0	 0	 0	 0	 0	 0	 0	 0	 0	 0	 0	 0	 0	
4	 47	 8	 20	 9	 43	 14	 173	 1	 114	 92	 11	 263	 1	 42	 26	 429	 1281	 7	 331	 9	 159	 7	 21	 18	 16	 32	 86	 4	 113	 80	 599	 1	 11	 22	 6	 35	 5	 3	 3	 3	 3	 3	 135	 5	 3	 3	 3	 3	 3	
13	 58	 25	 314	 12	 183	 7	 15	 442	 10	 34	 10	 12	 90	 88	 9	 5	 3	 3	 3300	 11	 30	 81	 1529	 5	 3	 3	 98	 11	 59	 10	 70	 308	 351	 18	 28	 158	 4	 57	 105	 24	 701	 39	 19	 6	 207	 10	 1673	 17	 3042	
72	 4	 89	 39	 3	 3	 3	 3	 33	 44	 3	 3	 3	 3	 227	 3	 3	 3	 3	 3	 1302	 1094	 1	 566	 24	 39	 1	 7	 13	 239	 8	 6	 558	 4	 443	 182	 5	 3	 3	 126	 205	 5	 3	 3	 3	 3	 3	 691	 41	 5	
1616	 1048	 154	 355	 424	 78	 7	 241	 17	 141	 52	 18	 16	 32	 1217	 22	 6	 41	 82	 6	 91	 5	 3	 3	 5	 3	 1026	 55	 5	 3	 3	 5	 3	 5	 3	 3	 5	 3	 5	 3	 3	 5	 3	 50	 135	 5	 3	 3	 3	 76	
9	 43	 8	 3	 87	 18	 8	 833	 106	 1826	 3	 3	 3	 3	 3	 3	 3	 3	 3	 36	 32	 739	 11	 32	 228	 20	 6	 178	 49	 3	 5	 3	 3	 3	 3	 3	 5	 3	 3	 3	 5	 3	 3	 3	 3	 3	 3	 173	 71	 50	
20	 460	 13	 85	 428	 49	 20	 45	 66	 3	 3	 694	 7	 30	 45	 66	 60	 3	 2669	 3575	 60	 617	 1	 261	 761	 1	 617	 1	 261	 617	 1	 49	 159	 1	 1409	 1	 2621	 10	 150	 1916	 3218	 1	 2621	 60	 7	 150	 52	 27	 60	 3	
17	 122	 28	 17	 426	 49	 537	 18	 13	 251	 4	 12	 114	 56	 499	 2305	 19	 2533	 96	 5	 3	 3	 122	 989	 39	 4	 603	 8	 54	 8	 107	 12	 50	 91	 5	 3	 1012	 50	 155	 5	 3	 1012	 3	 55	 53	 5	 3	 3	 3	 3	
148	 126	 207	 160	 34	 543	 5	 3	 1148	 3	 1016	 3	 223	 3	 33	 151	 5	 3	 3	 3	 3	 3	 5	 3	 3	 5	 3	 3	 60	 3	 1	 3	 5	 3	 3	 5	 3	 3	 3	 3	 3	 3	 3	 5	 3	 3	 5	 3	 3	 3	
15	 245	 1	 8	 16	 1	 82	 637	 220	 648	 1	 7	 11	 48	 45	 76	 35	 67	 13	 985	 20	 30	 45	 66	 5	 3	 3	 102	 60	 3	 3	 3	 1	 140	 13	 37	 803	 4	 239	 12	 205	 20	 14	 45	 76	 50	 41	 5	 3	 3	
3808	 35	 28	 70	 1558	 7	 596	 812	 5	 3	 2926	 3020	 1	 734	 5	 3	 857	 5	 3	 1027	 1027	 1	 3	 3286	 1	 7	 6	 343	 2575	 187	 600	 17	 50	 41	 5	 3	 3	 3	 3	 3	 3	 50	 41	 5	 3	 3	 3	 3	 3	 3	
58	 64	 32	 86	 4	 239	 92	 11	 35	 18	 16	 32	 10	 232	 4	 8	 1	 140	 521	 16	 32	 10	 616	 20	 42	 173	 5	 3	 3	 173	 227	 3	 2176	 60	 3	 3	 33	 175	 27	 5	 3	 3	 3	 3	 1302	 97	 346	 5	 3	 3	
13	 57	 25	 778	 92	 11	 35	 19	 277	 1	 361	 26	 1077	 15	 6	 71	 901	 69	 5	 3	 3	 3	 3	 3	 346	 5	 3	 3	 3	 3	 3	 3	 3	 3	 5	 3	 3	 3	 3	 3	 3	 3	 3	 3	 664	 3	 3	 3	 3	 3	
13	 16	 61	 132	 9	 43	 14	 77	 38	 6	 41	 18	 47	 4	 39	 1	 62	 1456	 10	 232	 1	 7	 308	 174	 4	 14	 41	 42	 26	 277	 775	 7	 162	 1325	 563	 334	 20	 150	 52	 18	 1013	 787	 15	 6	 98	 5	 3	 3	 3	 3	
23	 44	 465	 4	 93	 514	 67	 465	 4	 8	 878	 878	 7	 82	 34	 30	 55	 1	 54	 2004	 402	 31	 9	 29	 40	 34	 1	 94	 24	 878	 11	 733	 27	 1	 20	 460	 8	 48	 1292	 17	 1102	 123	 1	 15	 67	 552	 6	 173	 16	 85	
693	 40	 8	 37	 2640	 2659	 73	 961	 56	 272	 1	 13	 16	 61	 47	 8	 6	 544	 4	 225	 42	 570	 2496	 11	 189	 38	 42	 31	 7	 533	 5	 3	 3	 33	 44	 5	 3	 3	 33	 5	 3	 175	 5	 3	 3	 3	 5	 3	 5	 3	
57	 13	 132	 6	 9	 13	 51	 19	 6	 331	 307	 20	 840	 116	 24	 6	 21	 19	 42	 96	 5	 3	 3	 3	 3	 3	 3	 3	 227	 3	 3	 3	 3632	 3	 3	 135	 3	 3	 3	 3	 3	 3	 3	 691	 3	 691	 3	 5	 3	 3	
13	 61	 51	 9	 22	 14	 41	 171	 8	 57	 105	 1809	 5	 3	 234	 10	 185	 227	 107	 6	 155	 18	 48	 500	 14	 41	 5	 3	 135	 2329	 5	 3	 3	 3	 1200	 135	 5	 3	 234	 3	 74	 3	 322	 5	 3	 28	 4	 32	 94	 54	
13	 36	 504	 12	 9	 26	 181	 4	 325	 20	 14	 170	 848	 1	 879	 1039	 1	 7	 550	 14	 730	 5	 3	 3	 452	 33	 44	 5	 3	 3	 3	 3	 3	 5	 3	 3	 691	 5	 3	 3	 331	 5	 3	 2424	 5	 3	 3	 3	 3	 5	
13	 21	 3427	 1978	 7	 3974	 282	 522	 26	 313	 26	 407	 1	 266	 10	 266	 68	 1	 68	 1	 11	 68	 68	 4	 6	 1157	 41	 5	 3	 3	 3	 3	 3	 3	 3	 3	 3	 5	 3	 3	 3	 3	 3	 3	 3	 3	 3	 3	 3	 3	
4424	 112	 25	 387	 92	 19	 277	 310	 6	 498	 721	 10	 1076	 1	 75	 258	 145	 392	 10	 111	 529	 2133	 92	 1	 7	 8	 57	 25	 758	 39	 73	 6	 288	 102	 5	 3	 2543	 1	 5	 3	 3	 29	 15	 6	 71	 444	 526	 69	 27	 5	
6	 742	 1395	 2198	 56	 272	 10	 944	 304	 310	 6	 633	 813	 5	 3	 3	 5	 3	 3	 5	 3	 29	 106	 1545	 1023	 10	 6	 1095	 33	 223	 197	 27	 1	 11	 3225	 52	 63	 3	 33	 1369	 5	 3	 3	 1185	 5	 3	 3174	 3591	 5	 3	
13	 1877	 20	 1084	 543	 15	 329	 4	 120	 14	 49	 103	 15	 17	 487	 18	 13	 57	 25	 1642	 6	 31	 49	 8	 262	 4	 39	 82	 14	 41	 220	 6	 41	 27	 1	 11	 4	 314	 11	 18	 34	 30	 448	 5	 3	 3	 3	 3	 3	 3	
13	 21	 161	 250	 4	 542	 995	 1	 722	 6	 41	 1	 1570	 407	 851	 7	 201	 14	 78	 5	 3	 3	 3	 3	 3	 3	 452	 5	 3	 3	 3	 3	 27	 5	 3	 3	 133	 3	 350	 35	 27	 5	 3	 3	 3	 3	 3	 989	 39	 7	
578	 10	 6	 823	 1028	 10	 6	 2151	 1	 524	 58	 133	 4	 206	 8	 5	 3	 3	 1212	 8	 84	 19	 306	 4	 285	 11	 287	 12	 4107	 654	 775	 10	 12	 773	 7	 5	 3	 3	 81	 995	 15	 6	 840	 346	 73	 6	 946	 5	 3	 3	
13	 16	 61	 21	 23	 9	 19	 685	 11	 30	 92	 7	 35	 4	 32	 5	 3	 3	 2698	 1	 248	 10	 6	 5	 3	 1	 56	 2130	 346	 1	 7	 6	 1504	 1137	 5	 3	 0	 0	 0	 0	 0	 0	 0	 0	 0	 0	 0	 0	 0	 0	
110	 583	 16	 61	 21	 457	 84	 274	 177	 1	 42	 26	 1838	 1221	 528	 82	 136	 583	 1	 78	 11	 35	 16	 153	 255	 9	 7	 95	 257	 49	 5	 3	 3	 480	 5	 27	 5	 3	 3	 52	 1450	 29	 647	 60	 364	 369	 27	 5	 3	 3	
73	 110	 3407	 78	 1	 8	 58	 32	 185	 10	 518	 355	 78	 30	 290	 134	 35	 7	 78	 106	 6	 33	 44	 5	 3	 1	 717	 5	 3	 3	 1	 717	 5	 3	 3	 3	 5	 3	 5	 3	 3	 3	 3	 5	 3	 3	 691	 5	 3	 3	
8	 16	 2072	 4	 6	 21	 10	 95	 9	 24	 6	 165	 1	 75	 6	 570	 146	 1647	 18	 8	 16	 48	 15	 545	 4	 17	 2575	 11	 19	 21	 10	 366	 1818	 11	 503	 35	 5	 3	 3	 3	 3	 3	 3	 3	 691	 1	 58	 5	 3	 3	
26	 1	 54	 8	 21	 355	 10	 14	 53	 7	 35	 1	 8	 16	 32	 46	 40	 13	 51	 95	 9	 38	 12	 114	 75	 6	 161	 59	 7	 161	 250	 5	 3	 3	 767	 231	 15	 6	 155	 22	 67	 6	 55	 28	 231	 15	 12	 118	 7	 37	
13	 16	 21	 42	 9	 4	 557	 14	 41	 255	 1	 196	 4	 201	 11	 866	 14	 92	 1	 542	 7	 695	 292	 9	 4	 14	 196	 4	 457	 950	 1	 92	 1	 35	 1	 7	 478	 5	 3	 3	 3	 2636	 1	 30	 150	 9	 5	 3	 3	 3	
3199	 19	 6	 11	 35	 343	 5	 3	 3	 3	 3	 3	 3	 3	 286	 3	 3	 3	 286	 60	 3	 75	 84	 286	 3382	 60	 3	 286	 60	 286	 678	 10	 1421	 7	 1472	 60	 7	 3	 3	 3	 3	 3	 1769	 60	 3	 3	 52	 5	 3	 3	
3	 1	 7	 654	 10	 6	 150	 3	 28	 10	 1745	 1278	 7	 72	 3	 28	 86	 3	 197	 5	 3	 3	 3	 3	 3	 3	 3	 5	 3	 3	 3	 3	 3	 1122	 5	 3	 3	 29	 19	 214	 886	 27	 5	 3	 3	 3	 3	 3	 5	 3	
54	 8	 107	 34	 50	 41	 1	 110	 141	 16	 51	 110	 11	 1217	 71	 428	 9	 69	 58	 32	 94	 11	 86	 24	 30	 174	 4	 6	 55	 128	 136	 203	 11	 40	 8	 1088	 700	 6	 118	 5	 3	 3	 3	 3	 28	 111	 216	 5	 3	 3	
4041	 453	 7	 4048	 49	 43	 12	 474	 7	 4546	 29	 1711	 61	 1391	 27	 124	 6	 41	 4	 1279	 7	 59	 429	 11	 30	 441	 82	 6	 41	 75	 274	 6	 87	 18	 8	 4	 932	 6	 9	 8	 1582	 5	 3	 3	 3	 103	 5	 3	 3	 257	
13	 16	 21	 46	 11	 30	 274	 177	 18	 37	 116	 15	 12	 91	 4	 133	 8	 15	 95	 2325	 35	 11	 15	 70	 823	 1211	 56	 123	 5	 3	 3	 2240	 5	 3	 3	 3	 3	 3	 3	 3	 3	 5	 3	 3	 3	 3	 5	 3	 3	 3	
186	 8	 4	 68	 12	 31	 9	 5	 3	 3	 3	 3	 682	 3	 1146	 3	 3	 26	 17	 248	 10	 12	 29	 611	 27	 4	 6	 52	 5	 3	 3	 3	 3	 3	 52	 29	 71	 52	 69	 27	 5	 3	 3	 3	 3	 3	 3	 192	 3	 3	
1469	 58	 560	 34	 4080	 2135	 15	 12	 9	 3004	 15	 537	 1	 1079	 468	 1	 11	 468	 111	 46	 73	 34	 74	 24	 6	 809	 24	 39	 26	 313	 26	 26	 502	 24	 6	 278	 87	 5	 3	 3	 5	 3	 3	 5	 3	 1026	 5	 3	 3	 5	
62	 50	 215	 186	 8	 4	 2159	 70	 84	 184	 22	 17	 1038	 135	 7	 37	 1212	 786	 200	 928	 157	 11	 58	 603	 8	 26	 17	 80	 928	 23	 41	 5	 3	 3	 1621	 5	 3	 3	 1621	 5	 3	 3	 3	 135	 5	 3	 3	 1621	 5	 3	
19	 127	 1	 24	 2408	 12	 847	 172	 1	 13	 1386	 32	 267	 4	 48	 12	 3394	 257	 15	 14	 155	 1	 2718	 81	 11	 474	 5	 3	 3	 3898	 10	 12	 2869	 56	 2743	 166	 294	 220	 6	 168	 1	 1072	 2743	 5	 3	 71	 1072	 69	 1245	 7	
21	 10	 31	 9	 3	 631	 3	 3	 3	 3	 422	 3	 3	 268	 3	 487	 5	 3	 84	 33	 3	 1066	 3	 3	 3	 3	 3	 106	 6	 234	 6	 278	 212	 154	 303	 303	 349	 24	 8	 279	 109	 1207	 4	 95	 9	 43	 12	 678	 413	 154	
