60	 1926	 815	 3	 333	 1511	 289	 289	 1497	 56	 848	 763	 1176	 1010	 2433	 630	 1	 332	 2020	 475	 601	 2473	 1221	 2365	 379	 304	 11	 3047	 1182	 1433	 1378	 3947	 3407	 144	 4059	 2224	 463	 2761	 610	 1795	 1141	 2270	 1546	 1795	 379	 1795	 821	 1795	 145	 1795	
26	 1582	 2539	 1795	 1795	 2072	 1650	 789	 1834	 109	 4162	 1883	 3043	 2799	 2727	 2279	 826	 183	 2353	 798	 1100	 1373	 1392	 3093	 379	 353	 2763	 82	 337	 646	 1366	 2535	 698	 25	 32	 1186	 3652	 2884	 4691	 2569	 1795	 3948	 776	 2070	 2735	 3349	 1811	 3575	 1436	 105	
4444	 1351	 1184	 2737	 1502	 1768	 880	 3143	 1759	 1971	 1091	 906	 954	 1649	 3163	 2580	 4060	 4474	 3849	 1984	 982	 982	 1265	 1013	 3255	 1649	 3579	 3909	 4098	 876	 518	 518	 3921	 992	 3873	 1131	 2023	 370	 370	 1360	 2052	 2440	 881	 919	 523	 4198	 881	 398	 1197	 523	
64	 214	 1974	 3448	 1297	 4377	 4251	 2857	 2026	 1	 2839	 1145	 2552	 1221	 3447	 3319	 924	 1997	 905	 910	 3248	 1628	 1611	 4397	 2026	 18	 249	 3225	 1686	 2162	 1656	 466	 765	 978	 3655	 1783	 2608	 2049	 137	 700	 1140	 700	 466	 3471	 8	 2356	 154	 2356	 1446	 20	
2105	 636	 888	 2484	 3842	 3398	 2197	 2648	 669	 289	 3469	 3448	 1864	 4625	 3462	 1227	 2571	 2547	 1175	 2290	 1747	 1809	 1094	 369	 1046	 2591	 1046	 1332	 3943	 2902	 601	 74	 589	 1552	 151	 595	 2882	 1219	 2569	 1107	 2083	 1558	 4423	 1369	 4266	 3369	 1122	 3678	 3221	 2704	
40	 1	 2874	 386	 1	 1616	 964	 4540	 374	 1069	 2789	 681	 576	 1473	 920	 2932	 3451	 1079	 1013	 1795	 1079	 4075	 759	 576	 576	 576	 430	 430	 1809	 1219	 4782	 18	 427	 545	 3179	 430	 1147	 1238	 1373	 1360	 615	 1968	 784	 2842	 1297	 249	 1970	 615	 1331	 1413	
331	 2640	 2735	 1853	 4078	 3822	 1012	 3632	 1873	 2984	 2151	 993	 1536	 1854	 1031	 1031	 230	 877	 1998	 2361	 2361	 3336	 3451	 3632	 4646	 502	 826	 1368	 4503	 2762	 4031	 2559	 4031	 4987	 1677	 4084	 4000	 2743	 805	 2617	 3230	 1504	 118	 1476	 2125	 3106	 2499	 2772	 2904	 1163	
85	 3101	 1989	 581	 327	 2803	 2803	 4204	 791	 792	 2881	 1299	 3168	 1928	 1504	 1504	 876	 801	 3132	 2122	 4273	 3579	 997	 2504	 1168	 1294	 3743	 4661	 405	 626	 2598	 4759	 1311	 2619	 185	 941	 156	 2023	 4629	 2944	 4084	 1982	 4084	 1830	 331	 3686	 4408	 4829	 2999	 4820	
2126	 1814	 10	 2984	 1	 610	 1795	 845	 539	 1243	 1650	 2050	 540	 4011	 463	 920	 2433	 4253	 2620	 420	 1629	 219	 4864	 2713	 2645	 379	 511	 379	 1	 2959	 1234	 786	 1708	 211	 2889	 2411	 1795	 1920	 2889	 2335	 2735	 3678	 234	 705	 738	 2681	 615	 795	 1373	 1373	
1606	 4	 553	 2027	 2409	 632	 592	 2629	 484	 2247	 490	 1436	 2472	 86	 1249	 518	 4206	 1649	 1304	 1658	 2569	 1685	 1649	 4564	 2506	 3672	 3486	 3695	 1527	 961	 1527	 1572	 4482	 2283	 2411	 1358	 480	 354	 830	 204	 69	 655	 748	 278	 763	 180	 156	 518	 1280	 6	
54	 101	 295	 2682	 163	 2994	 1795	 1795	 964	 518	 4623	 518	 1498	 3476	 2268	 664	 2422	 1787	 54	 561	 1037	 2961	 175	 26	 2436	 4455	 503	 2128	 3233	 1432	 2713	 2634	 1414	 2535	 252	 2260	 568	 2503	 2085	 1453	 1005	 545	 1453	 4585	 3179	 3179	 3179	 58	 3179	 379	
112	 23	 24	 43	 2737	 740	 518	 12	 984	 616	 1875	 1857	 2824	 166	 8	 1891	 1258	 3099	 12	 1705	 3954	 3878	 1490	 976	 1818	 791	 2541	 1818	 3018	 868	 1107	 1299	 1091	 12	 357	 307	 8	 2027	 307	 1792	 2027	 2027	 1792	 1059	 4585	 1403	 3578	 1278	 227	 1692	
30	 2211	 1713	 2472	 595	 2555	 1527	 3098	 154	 1607	 3098	 3020	 3020	 2692	 1178	 3160	 1359	 1139	 83	 1224	 422	 1722	 2395	 3995	 1053	 1823	 2897	 2510	 18	 2606	 4596	 3225	 478	 2606	 3171	 1514	 2660	 2438	 4938	 2435	 1137	 599	 735	 1175	 1600	 67	 2435	 1659	 1242	 36	
43	 6	 2211	 59	 56	 77	 2234	 1572	 2191	 2234	 2492	 3258	 3258	 329	 4593	 686	 1649	 824	 714	 3087	 2437	 772	 1228	 638	 1173	 730	 2166	 941	 1459	 309	 490	 3091	 164	 821	 67	 1459	 34	 1305	 598	 1046	 2503	 278	 1517	 190	 2403	 72	 2742	 2080	 1705	 1150	
809	 4760	 37	 1754	 4992	 2615	 3878	 1183	 320	 971	 2272	 237	 2943	 3170	 910	 905	 871	 1194	 905	 1019	 1077	 2192	 4178	 1091	 1091	 2040	 1091	 1081	 487	 27	 2667	 2896	 2901	 459	 1201	 1257	 621	 2963	 256	 72	 1768	 1137	 64	 4139	 137	 523	 1914	 2091	 1413	 4883	
40	 1	 4410	 1176	 220	 1209	 254	 453	 50	 4916	 2572	 1	 4057	 4082	 937	 254	 954	 937	 341	 2855	 1231	 1046	 4452	 2735	 1536	 748	 4368	 1296	 1079	 341	 2070	 4452	 1351	 3718	 601	 2422	 1079	 4676	 1809	 3349	 817	 817	 2735	 22	 2993	 1271	 2227	 817	 247	 859	
2500	 213	 2212	 2853	 2156	 1158	 791	 1492	 2910	 1964	 3000	 292	 1939	 2220	 1548	 860	 860	 2035	 669	 1459	 785	 785	 2530	 1036	 1676	 3413	 3842	 2678	 4665	 4333	 2166	 2772	 1459	 508	 1046	 1046	 1046	 1326	 2140	 604	 3069	 4259	 1809	 1809	 1809	 1329	 3177	 1459	 2994	 914	
3778	 2392	 3614	 2044	 1176	 1206	 901	 2806	 1327	 2292	 1338	 1500	 732	 1157	 3716	 1356	 3753	 3753	 3453	 4639	 146	 2568	 3160	 3419	 924	 466	 539	 1299	 1705	 249	 630	 500	 1013	 3842	 3842	 1477	 490	 490	 1883	 896	 2337	 153	 320	 537	 1738	 3882	 2029	 575	 2029	 905	
83	 888	 1	 1046	 1375	 1046	 386	 775	 4	 15	 834	 1458	 3124	 1693	 1	 341	 1273	 2950	 1985	 2246	 3652	 2746	 2090	 2146	 3104	 139	 655	 1200	 2421	 568	 3160	 939	 747	 731	 3193	 731	 2735	 731	 731	 871	 939	 731	 2158	 604	 18	 2158	 578	 939	 939	 545	
9	 438	 411	 2437	 198	 30	 420	 432	 15	 396	 3465	 4112	 340	 1067	 1201	 3975	 885	 4504	 802	 1628	 1036	 1036	 1124	 289	 522	 2438	 227	 25	 227	 227	 2080	 2080	 227	 2484	 18	 227	 278	 12	 310	 2183	 221	 188	 2046	 3139	 3139	 2901	 990	 3479	 3479	 355	
8	 4314	 2845	 1463	 1119	 1377	 4980	 1843	 37	 4481	 2586	 846	 4446	 2571	 2361	 472	 1944	 1516	 111	 2220	 1426	 2971	 2571	 20	 3093	 2571	 917	 2452	 600	 2143	 1264	 1192	 309	 4578	 962	 1149	 1987	 1026	 110	 1245	 976	 2197	 3140	 2197	 4207	 4917	 3399	 3447	 3375	 25	
93	 2854	 80	 595	 1340	 334	 1173	 3261	 2629	 2629	 2265	 2198	 1826	 1234	 1412	 2430	 1912	 2080	 12	 3223	 307	 2796	 3359	 2796	 4823	 4989	 1582	 1090	 759	 1809	 820	 1711	 3576	 93	 1077	 655	 3780	 3926	 1454	 128	 3175	 3455	 3106	 2511	 1833	 3824	 3106	 3455	 982	 4708	
1	 3378	 4474	 230	 217	 4177	 756	 687	 27	 1486	 2713	 337	 227	 1	 1066	 379	 2713	 595	 1254	 1220	 1866	 52	 1504	 1504	 3043	 3043	 180	 1621	 1918	 1918	 1026	 1621	 392	 2310	 1790	 1945	 2158	 3853	 2859	 1945	 1945	 1844	 1163	 241	 180	 4489	 2491	 4112	 1536	 3848	
1481	 629	 1492	 1769	 1492	 1231	 748	 3043	 1128	 1873	 1909	 2409	 700	 3747	 4559	 2209	 4554	 2415	 1382	 2906	 2911	 1844	 604	 2730	 1504	 841	 4303	 2924	 4585	 1083	 4729	 4729	 4729	 4729	 4729	 1828	 1996	 835	 1277	 1066	 4084	 1536	 1889	 3743	 1927	 1784	 4156	 1663	 2794	 751	
413	 28	 876	 523	 2383	 182	 8	 37	 1264	 237	 547	 1902	 1576	 2116	 1426	 1340	 1663	 1851	 3759	 529	 529	 445	 1936	 2862	 1340	 1340	 977	 137	 137	 424	 664	 2454	 1331	 753	 753	 28	 566	 259	 4809	 243	 255	 190	 2896	 3148	 856	 946	 2148	 3466	 1630	 3098	
237	 2760	 1	 621	 292	 3462	 272	 808	 4541	 1219	 3359	 2225	 3839	 2692	 791	 3035	 1	 114	 2273	 1219	 1046	 4259	 2224	 925	 1395	 1284	 1404	 1272	 1404	 1693	 1014	 219	 144	 1717	 3043	 3043	 3027	 1251	 3043	 3069	 2130	 2082	 1806	 1809	 798	 4077	 1669	 342	 3685	 302	
1492	 1105	 1950	 1964	 2559	 2140	 1311	 2612	 2941	 1329	 1953	 1839	 4188	 4108	 806	 809	 2244	 2164	 1839	 3635	 2515	 3889	 4589	 4589	 3500	 2733	 2449	 2799	 1535	 940	 1835	 3664	 2501	 2924	 1523	 4821	 3088	 4641	 2410	 1589	 2535	 3410	 584	 3773	 3773	 3163	 1047	 2997	 1589	 2259	
78	 1926	 145	 370	 29	 1004	 1970	 2682	 470	 920	 2541	 595	 1806	 1248	 11	 524	 272	 332	 467	 2173	 1160	 1751	 1791	 632	 977	 1176	 977	 578	 140	 25	 140	 3912	 1619	 3059	 1619	 314	 2273	 1619	 1619	 776	 536	 2668	 1795	 11	 2359	 1795	 1181	 110	 4002	 2158	
1	 2859	 1795	 1067	 2836	 2069	 3853	 1332	 2555	 2555	 2555	 2555	 256	 2790	 2977	 2697	 4089	 756	 1795	 2841	 4452	 1186	 4303	 522	 1405	 862	 862	 381	 472	 472	 2240	 1567	 3718	 3409	 4	 125	 1768	 7	 355	 1700	 514	 514	 424	 1609	 145	 370	 2965	 1782	 757	 1434	
2089	 2453	 3671	 576	 251	 4320	 2530	 4583	 1177	 518	 2443	 235	 2585	 4743	 1	 655	 2271	 2235	 1224	 1408	 529	 529	 1921	 99	 881	 997	 923	 371	 3072	 3289	 1985	 3935	 4159	 1832	 550	 2785	 2785	 1386	 1511	 1325	 2697	 2640	 153	 1326	 1326	 2586	 1876	 3448	 1439	 3667	
3611	 1105	 4896	 1492	 1220	 818	 2351	 795	 412	 1193	 1085	 1662	 2414	 3196	 3163	 4302	 3110	 2351	 780	 2690	 1523	 6	 1676	 2601	 1525	 764	 1504	 1504	 1142	 1094	 169	 3825	 1655	 3631	 1552	 1525	 1525	 1525	 3579	 4212	 1723	 2001	 864	 1809	 2251	 4704	 2384	 4461	 759	 1077	
40	 444	 1151	 420	 420	 2433	 2441	 420	 3433	 2422	 2429	 175	 175	 379	 2422	 1975	 1245	 1245	 1245	 1452	 1872	 379	 1872	 1504	 4447	 957	 1428	 1231	 2803	 1410	 2376	 2756	 228	 2569	 101	 101	 376	 353	 353	 353	 353	 1872	 1599	 2421	 145	 2427	 310	 2458	 1809	 3369	
49	 34	 2386	 122	 12	 71	 1055	 169	 952	 1184	 744	 1051	 1363	 2347	 914	 1012	 2385	 4289	 1943	 169	 445	 439	 1459	 2191	 2070	 838	 3841	 1305	 1305	 2008	 355	 2212	 1305	 787	 2588	 3602	 537	 1390	 1902	 3094	 2322	 188	 294	 188	 1872	 2594	 1225	 475	 216	 1325	
217	 876	 348	 167	 585	 1990	 1556	 1786	 31	 995	 840	 3759	 2438	 4112	 408	 2688	 3567	 146	 3157	 2135	 3716	 417	 1568	 2465	 4716	 1607	 3328	 1	 794	 3667	 2070	 3799	 600	 255	 4089	 3034	 255	 1040	 46	 3799	 3567	 3567	 3455	 2983	 333	 823	 3583	 3583	 946	 355	
1915	 583	 1993	 2012	 1962	 1935	 3087	 1935	 910	 1900	 2111	 2493	 2493	 601	 2984	 1324	 2281	 1493	 2530	 3569	 2530	 1249	 2838	 4327	 1756	 524	 1480	 1091	 1740	 1700	 2363	 1498	 2083	 3334	 2083	 3	 1533	 1446	 1290	 3038	 2843	 1834	 3684	 1011	 1834	 2040	 1528	 920	 920	 1517	
1640	 4477	 400	 1145	 2204	 897	 410	 3629	 156	 1490	 18	 448	 2080	 1604	 3075	 518	 8	 1675	 8	 2322	 1203	 8	 1173	 93	 946	 1173	 555	 1173	 764	 1194	 17	 948	 871	 1133	 2319	 2319	 4486	 1754	 566	 1833	 4549	 788	 1200	 2817	 236	 2381	 3218	 3186	 2008	 840	
1161	 1705	 553	 2198	 2359	 1494	 320	 1946	 1993	 42	 1975	 2561	 2296	 1110	 1510	 436	 4484	 466	 1965	 1587	 1459	 2503	 982	 3172	 3172	 2330	 1648	 647	 3329	 3329	 17	 1478	 3502	 1108	 428	 26	 243	 919	 8	 3525	 1754	 3330	 1048	 1156	 1156	 470	 2479	 2479	 2593	 3329	
853	 2867	 1186	 2478	 220	 905	 905	 585	 783	 2230	 1436	 219	 677	 677	 582	 2052	 1649	 1370	 3884	 4076	 3093	 2267	 474	 3300	 2932	 1434	 1513	 1513	 4008	 904	 1092	 3897	 1183	 1984	 3308	 2859	 990	 4383	 3447	 3447	 1538	 3415	 1459	 523	 1446	 2435	 64	 570	 3841	 1451	
1	 1101	 1809	 227	 199	 2430	 1571	 2539	 773	 337	 3561	 328	 1582	 722	 1430	 1430	 3349	 1422	 3504	 1422	 1135	 1150	 3179	 3091	 3867	 1069	 612	 178	 612	 333	 222	 807	 1351	 1382	 2970	 3685	 3685	 3873	 752	 2872	 366	 1814	 3500	 2420	 601	 2632	 2507	 1210	 1690	 812	
40	 1	 2874	 540	 1	 2225	 24	 511	 1	 554	 3261	 379	 63	 379	 2905	 4522	 2572	 827	 1459	 518	 1372	 577	 577	 607	 495	 4011	 1873	 3193	 3838	 3978	 2182	 4914	 3785	 149	 2243	 3428	 2984	 379	 379	 939	 1439	 854	 528	 1059	 73	 2789	 1121	 1795	 2793	 2535	
1730	 3358	 2225	 4438	 721	 4538	 4775	 4236	 1094	 4236	 768	 933	 4232	 3694	 1625	 3034	 2370	 1297	 249	 2227	 1004	 3034	 3034	 2382	 3034	 748	 748	 1277	 979	 675	 4951	 3933	 3118	 3118	 2581	 1921	 1047	 3518	 1439	 1834	 2259	 1483	 4219	 1483	 1269	 3075	 4008	 4008	 540	 893	
384	 89	 400	 463	 280	 730	 271	 298	 2409	 871	 16	 3149	 485	 1914	 1623	 730	 2213	 1079	 393	 745	 1314	 1251	 2994	 355	 1954	 2496	 2208	 60	 1596	 2874	 1175	 3634	 2228	 700	 1148	 3372	 400	 824	 3264	 1993	 2690	 93	 2843	 1356	 3223	 3326	 93	 1360	 2356	 1197	
477	 1485	 1539	 1231	 2162	 885	 1492	 1277	 1581	 1085	 746	 1245	 2794	 3050	 1982	 1864	 2978	 2622	 2455	 2224	 1952	 3301	 2911	 4995	 1917	 3358	 235	 1504	 46	 1212	 502	 1875	 1011	 818	 1858	 724	 626	 2910	 2602	 3632	 626	 1609	 2855	 355	 2658	 786	 2834	 3168	 487	 2382	
3183	 777	 2602	 759	 1355	 3361	 1174	 996	 1041	 4314	 2111	 4665	 4156	 1834	 1737	 920	 4671	 1510	 2360	 1517	 3004	 4742	 4293	 1517	 1523	 1979	 3538	 2499	 2144	 503	 617	 3561	 3033	 4232	 1548	 1548	 2286	 2622	 1429	 923	 993	 3684	 4766	 2617	 1507	 2929	 506	 659	 3312	 2600	
971	 2008	 1331	 710	 3448	 1606	 1459	 1	 1243	 3538	 947	 596	 545	 2062	 1970	 3565	 4374	 2391	 4076	 3455	 513	 4076	 3052	 3884	 589	 4757	 1464	 3384	 1737	 3790	 4743	 3997	 2952	 1988	 1988	 2895	 990	 2492	 1299	 4186	 2775	 1031	 1031	 1676	 1031	 2228	 3270	 2376	 799	 939	
3737	 3330	 1800	 1720	 475	 2089	 3232	 1035	 1568	 1485	 1031	 1705	 1264	 700	 3268	 364	 700	 700	 700	 1449	 2420	 2717	 4220	 1876	 756	 1876	 2058	 2095	 1031	 824	 1217	 2091	 3625	 1663	 1421	 1222	 1167	 2713	 939	 905	 2659	 227	 3132	 906	 438	 3447	 1886	 595	 677	 2008	
3002	 3941	 24	 361	 1709	 1971	 24	 4591	 1131	 227	 944	 1104	 227	 227	 3341	 1100	 1100	 232	 65	 905	 227	 3317	 1131	 1970	 219	 2617	 1973	 1432	 293	 505	 861	 1067	 600	 2438	 332	 3157	 1580	 1	 3157	 2354	 2354	 272	 3080	 22	 1161	 138	 752	 1806	 344	 2696	
1739	 1873	 95	 1412	 2608	 4016	 3856	 1604	 1412	 3743	 2959	 3319	 4940	 3537	 4057	 4904	 3208	 3208	 1763	 794	 4155	 3319	 2234	 1008	 2760	 3351	 303	 1159	 4442	 745	 1476	 1476	 3209	 1787	 483	 2190	 2649	 2007	 1521	 2007	 1970	 18	 58	 1910	 3743	 2288	 2386	 4582	 1311	 2691	
1	 2248	 1693	 29	 1018	 1186	 228	 4848	 3179	 1279	 862	 1576	 709	 1504	 1726	 3951	 56	 2413	 2341	 2968	 920	 862	 404	 3266	 871	 1	 256	 2737	 2737	 3063	 615	 1231	 145	 1231	 3369	 574	 4177	 752	 1725	 3893	 508	 1176	 1207	 220	 3839	 193	 1238	 279	 1237	 1750	
1822	 2110	 108	 2984	 4740	 1586	 840	 840	 1795	 328	 310	 2609	 101	 367	 1650	 1019	 391	 1839	 2965	 795	 232	 175	 1566	 464	 1795	 600	 1609	 3094	 511	 1219	 1979	 1020	 2206	 488	 26	 1049	 1068	 272	 2397	 3913	 3913	 2060	 950	 3416	 901	 3913	 3445	 3266	 3113	 2342	
3310	 12	 289	 289	 236	 2649	 4188	 2517	 243	 556	 984	 871	 871	 871	 91	 349	 1	 3440	 233	 98	 825	 3355	 1809	 1809	 763	 2123	 79	 2690	 392	 64	 280	 952	 2458	 2458	 2140	 805	 278	 2004	 1433	 4743	 2418	 27	 27	 27	 1498	 518	 1145	 686	 2721	 1402	
978	 875	 2140	 937	 1397	 749	 3417	 2182	 3500	 4275	 528	 528	 2763	 1120	 3921	 4376	 3697	 1417	 1417	 1231	 939	 2288	 2386	 3509	 2649	 2526	 2733	 2733	 2733	 720	 2212	 2245	 3288	 3985	 3985	 900	 1026	 1536	 3298	 1026	 2311	 1752	 818	 837	 1116	 2891	 1094	 514	 1826	 514	
4375	 1737	 2735	 1795	 1326	 784	 1853	 1046	 784	 2243	 2388	 818	 3459	 2601	 1022	 4084	 234	 2677	 1853	 810	 2058	 1434	 2733	 1391	 198	 1200	 1200	 2615	 1839	 2763	 2658	 2841	 1905	 2271	 1582	 2321	 3935	 462	 829	 2666	 4603	 2073	 207	 4242	 1853	 1752	 1752	 1853	 706	 1853	
40	 2543	 4954	 2799	 2799	 1851	 2422	 1609	 2530	 2696	 4773	 1950	 215	 814	 1997	 1997	 3053	 3997	 2662	 3483	 2386	 4760	 751	 732	 2148	 988	 1809	 905	 820	 1324	 1116	 600	 309	 2095	 1173	 665	 905	 2095	 1887	 3186	 1498	 466	 4366	 3192	 1983	 1921	 1209	 700	 2130	 1271	
434	 1705	 31	 1576	 925	 2312	 2695	 2774	 1536	 1063	 1160	 3621	 372	 3264	 2713	 3322	 3948	 3948	 3257	 4108	 3838	 2261	 791	 2003	 1059	 1046	 2022	 3257	 3718	 3257	 1079	 4191	 1380	 3264	 4381	 2135	 521	 2863	 2503	 2635	 871	 2353	 105	 18	 105	 1257	 2675	 1355	 1767	 1100	
43	 12	 518	 928	 12	 1	 4311	 3158	 1912	 1836	 1836	 1806	 106	 56	 1413	 163	 1148	 2053	 1148	 2770	 631	 948	 1090	 1142	 948	 2379	 1266	 266	 1524	 2412	 2858	 1257	 3334	 1875	 412	 2253	 2478	 2237	 4729	 2135	 1935	 897	 897	 396	 200	 1133	 2386	 4741	 60	 1042	
1	 4568	 2326	 518	 3745	 503	 3718	 1799	 2104	 1573	 41	 1729	 1619	 382	 2122	 524	 80	 430	 80	 4522	 8	 430	 518	 854	 2224	 1997	 723	 664	 219	 1322	 1	 2380	 2403	 3098	 664	 7	 1	 1165	 1125	 267	 727	 112	 1049	 1067	 4253	 826	 826	 826	 826	 826	
40	 12	 29	 420	 386	 4780	 1122	 420	 1601	 420	 4220	 741	 3561	 2138	 1920	 862	 27	 1379	 27	 5	 3983	 1722	 779	 3690	 2146	 2146	 2404	 178	 1392	 3340	 4481	 2027	 39	 4	 1357	 973	 3113	 1795	 1795	 1795	 1795	 1795	 1795	 4968	 3690	 1567	 4184	 3785	 3770	 2652	
1265	 3911	 3632	 1355	 3632	 383	 660	 3233	 2720	 2936	 2020	 1291	 2434	 3593	 4069	 1757	 4356	 1739	 1669	 198	 3500	 1035	 818	 1778	 2140	 1506	 1834	 290	 2261	 1911	 1525	 513	 3038	 1031	 2245	 1525	 1744	 1219	 1251	 2245	 914	 1854	 2914	 1250	 3392	 2436	 2436	 3392	 2849	 3050	
2264	 182	 3354	 2530	 2849	 4268	 2006	 3737	 3458	 1245	 2275	 783	 808	 3935	 4483	 3106	 309	 2970	 1101	 1160	 2214	 2818	 759	 1676	 1584	 1676	 1763	 1763	 3635	 529	 2410	 1127	 676	 1127	 910	 4754	 4504	 3179	 4904	 3041	 3295	 4408	 1243	 2542	 4379	 1879	 1851	 3337	 3319	 4057	
34	 9	 981	 320	 1946	 72	 355	 1758	 3771	 805	 2040	 1634	 2592	 981	 8	 2356	 4509	 2356	 24	 1833	 416	 1486	 1	 4139	 2735	 3098	 2091	 259	 2949	 204	 18	 2495	 2949	 980	 605	 1259	 2237	 1393	 1173	 1736	 765	 1250	 841	 2518	 1401	 1711	 6	 1993	 821	 396	
172	 2322	 194	 815	 40	 247	 134	 2175	 942	 2049	 4112	 3214	 163	 137	 2386	 4699	 248	 1752	 4225	 198	 2512	 745	 2160	 598	 4414	 871	 278	 4414	 2988	 2988	 3827	 485	 1605	 2386	 2085	 4119	 952	 1627	 1921	 730	 22	 166	 1590	 4899	 3771	 3053	 2895	 3455	 2003	 949	
1035	 1951	 387	 219	 1097	 739	 532	 1927	 2384	 3372	 2601	 292	 2657	 3608	 3608	 2489	 1504	 1277	 747	 3375	 2649	 1889	 1693	 2340	 310	 2097	 759	 1080	 250	 4011	 759	 3640	 3640	 3640	 3132	 1094	 1094	 1094	 1094	 1490	 489	 2111	 4236	 2216	 604	 2919	 4435	 2593	 2730	 1441	
331	 2051	 3749	 4168	 3949	 219	 3392	 3392	 3047	 3392	 2791	 3717	 1697	 2106	 1207	 3472	 1737	 1853	 1105	 3938	 1548	 1854	 705	 26	 1412	 3902	 786	 786	 4340	 2434	 2690	 2955	 1816	 412	 213	 2572	 1476	 1476	 1851	 1326	 4274	 3349	 3974	 2010	 3974	 3051	 1123	 4790	 2865	 3407	
1014	 2824	 1021	 309	 562	 1215	 1614	 2741	 619	 2028	 2850	 1028	 2271	 466	 1981	 1752	 2925	 4292	 4624	 3941	 6	 3999	 2035	 1380	 279	 4504	 2638	 2356	 325	 4759	 27	 529	 529	 4341	 4251	 594	 2089	 4076	 1110	 1743	 2356	 1685	 772	 834	 210	 939	 3081	 2325	 2796	 1676	
3924	 1161	 4986	 1492	 125	 1735	 1174	 2087	 1326	 3399	 3737	 32	 4692	 91	 3694	 3227	 1539	 1368	 2226	 3227	 2658	 2658	 1884	 397	 2530	 664	 3500	 1676	 2243	 4554	 3098	 3453	 1020	 2111	 1020	 1207	 3561	 1207	 1523	 3842	 3884	 3203	 1717	 2530	 3344	 862	 3322	 2108	 2735	 3050	
292	 341	 2225	 407	 2984	 2143	 1122	 1963	 1046	 1046	 759	 907	 2310	 2149	 938	 2634	 3459	 1426	 2817	 1410	 760	 1536	 2641	 1520	 1520	 1175	 1137	 1337	 1654	 1654	 1654	 4139	 2016	 1654	 1654	 2517	 1303	 2546	 3456	 604	 4461	 2815	 3933	 223	 2526	 1637	 1601	 3415	 2902	 71	
824	 1873	 1209	 1459	 1587	 375	 1686	 4336	 1322	 641	 1175	 3098	 3098	 1450	 4111	 514	 1392	 2984	 1327	 1441	 866	 992	 871	 2394	 1614	 925	 2316	 4311	 463	 3933	 2404	 3971	 1520	 1459	 2123	 1449	 1676	 4809	 1018	 1476	 212	 2376	 3322	 1619	 719	 505	 4747	 4439	 3889	 4112	
6	 627	 1295	 957	 170	 1577	 863	 612	 1122	 3247	 1955	 1374	 3941	 1648	 137	 1536	 436	 1809	 826	 399	 1672	 2525	 1648	 27	 1823	 1343	 427	 1013	 4596	 256	 52	 52	 2421	 2358	 2358	 3091	 2171	 193	 1080	 108	 4	 1224	 1983	 1176	 1181	 1176	 254	 4228	 1795	 1999	
4842	 3933	 1900	 655	 791	 1105	 1228	 1234	 1417	 363	 2418	 4225	 2369	 1748	 818	 117	 1500	 2518	 1881	 1528	 1520	 3344	 4236	 3198	 2602	 1677	 1231	 1249	 1996	 4214	 1251	 1249	 1572	 791	 1754	 1437	 823	 2583	 979	 837	 3842	 2868	 791	 791	 791	 2192	 3935	 818	 1329	 1349	
1329	 3469	 2602	 2484	 114	 1523	 52	 2259	 2259	 2259	 871	 871	 1836	 5	 1677	 2641	 3	 3336	 2540	 1964	 1964	 665	 2572	 2027	 4089	 1031	 2472	 2713	 2386	 1786	 1786	 2188	 1234	 1701	 4716	 2302	 2302	 4502	 979	 979	 2175	 3628	 3694	 612	 1710	 3369	 2950	 4156	 1819	 170	
367	 512	 652	 925	 925	 2821	 1060	 1436	 623	 1160	 1955	 475	 2477	 2127	 1052	 3745	 175	 4270	 573	 2080	 573	 2303	 3061	 1166	 745	 221	 2425	 221	 2130	 144	 3094	 3094	 1340	 187	 26	 3344	 3160	 1615	 856	 3663	 3606	 4935	 965	 681	 1619	 1538	 920	 1809	 1809	 2581	
3317	 937	 2225	 786	 365	 1085	 1492	 837	 1326	 2123	 1110	 3309	 1883	 4490	 1249	 1249	 35	 1228	 1451	 2329	 3506	 201	 2484	 347	 3655	 1294	 949	 949	 949	 3038	 1853	 2185	 3170	 2899	 2728	 2360	 2282	 739	 2458	 2361	 2746	 1311	 3614	 3544	 1294	 3604	 3426	 2311	 2311	 2960	
1297	 3689	 3497	 870	 732	 3790	 646	 1832	 1018	 1927	 4472	 1685	 1495	 1271	 1081	 4251	 975	 975	 924	 238	 924	 739	 1365	 27	 4504	 1196	 520	 1673	 2879	 2752	 3422	 4652	 4844	 1647	 3667	 900	 3149	 1374	 3238	 1374	 370	 822	 411	 1711	 1806	 3019	 939	 2552	 1018	 3841	
549	 1742	 1086	 2258	 1019	 2258	 1373	 2198	 2602	 3666	 995	 341	 995	 979	 1623	 5	 3792	 4870	 2763	 2763	 1147	 474	 4473	 212	 3612	 3051	 2443	 3661	 2511	 4012	 2361	 1483	 3471	 3563	 747	 1523	 4625	 4554	 4438	 1046	 4867	 2756	 2834	 2763	 170	 4084	 1536	 626	 3298	 1476	
