79	 793	 4	 448	 145	 33	 4506	 5	 5	 1134	 0	 0	 0	 0	 0	 0	 0	 0	 0	 0	 0	 0	 0	 0	 0	 0	 0	 0	 0	 0	 0	 0	 0	 0	 0	 0	 0	 0	 0	 0	 0	 0	 0	 0	 0	 0	 0	 0	 0	 0	
95	 672	 7	 4	 123	 5	 755	 1	 7	 5	 1	 1	 7	 1	 1	 7	 5	 5	 0	 0	 0	 0	 0	 0	 0	 0	 0	 0	 0	 0	 0	 0	 0	 0	 0	 0	 0	 0	 0	 0	 0	 0	 0	 0	 0	 0	 0	 0	 0	 0	
2888	 57	 219	 1	 7	 350	 5	 0	 0	 0	 0	 0	 0	 0	 0	 0	 0	 0	 0	 0	 0	 0	 0	 0	 0	 0	 0	 0	 0	 0	 0	 0	 0	 0	 0	 0	 0	 0	 0	 0	 0	 0	 0	 0	 0	 0	 0	 0	 0	 0	
89	 1587	 76	 145	 0	 0	 0	 0	 0	 0	 0	 0	 0	 0	 0	 0	 0	 0	 0	 0	 0	 0	 0	 0	 0	 0	 0	 0	 0	 0	 0	 0	 0	 0	 0	 0	 0	 0	 0	 0	 0	 0	 0	 0	 0	 0	 0	 0	 0	 0	
13	 16	 61	 871	 45	 77	 4	 1	 1	 7	 1	 7	 7	 7	 5	 7	 5	 5	 5	 5	 5	 5	 5	 5	 5	 5	 5	 7	 5	 5	 5	 5	 5	 5	 5	 5	 5	 5	 5	 5	 5	 5	 5	 5	 5	 5	 5	 5	 5	 5	
712	 4	 4	 1662	 7	 33	 373	 4	 1235	 7	 33	 9	 5	 5	 5	 0	 0	 0	 0	 0	 0	 0	 0	 0	 0	 0	 0	 0	 0	 0	 0	 0	 0	 0	 0	 0	 0	 0	 0	 0	 0	 0	 0	 0	 0	 0	 0	 0	 0	 0	
46	 217	 63	 5	 1012	 831	 831	 7	 778	 18	 147	 907	 11	 28	 5	 5	 5	 5	 5	 5	 5	 5	 5	 5	 5	 0	 0	 0	 0	 0	 0	 0	 0	 0	 0	 0	 0	 0	 0	 0	 0	 0	 0	 0	 0	 0	 0	 0	 0	 0	
276	 753	 2354	 1074	 139	 37	 2215	 4	 63	 284	 165	 5	 1	 1	 1	 7	 1	 1	 1	 1	 7	 1	 5	 2538	 70	 1012	 5	 1012	 5	 1	 1	 1	 1	 1	 5	 5	 5	 0	 0	 0	 0	 0	 0	 0	 0	 0	 0	 0	 0	 0	
4445	 10	 4703	 153	 267	 1	 7	 5	 5	 5	 7	 7	 5	 5	 4113	 7	 5	 5	 7	 5	 5	 19	 5	 3436	 5	 5	 5	 5	 5	 5	 5	 5	 5	 5	 5	 5	 5	 5	 5	 5	 5	 5	 5	 5	 5	 5	 5	 5	 5	 5	
6	 1798	 929	 46	 5	 1505	 41	 5	 145	 5	 5	 674	 5	 5	 50	 5	 7	 50	 5	 7	 5	 5	 5	 0	 0	 0	 0	 0	 0	 0	 0	 0	 0	 0	 0	 0	 0	 0	 0	 0	 0	 0	 0	 0	 0	 0	 0	 0	 0	 0	
