15	 23	 152	 1	 8	 375	 47	 31	 49	 43	 732	 1	 7	 4	 415	 70	 81	 1	 415	 17	 2520	 370	 1	 189	 1	 11	 21	 10	 6	 35	 5	 3	 3	 3	 512	 59	 5	 3	 234	 5	 3	 3	 1369	 803	 5	 3	 3	 3	 3	 3	
4	 47	 95	 35	 22	 6	 41	 1	 75	 720	 18	 8	 16	 32	 944	 15	 4	 63	 3	 3	 3	 1	 1016	 443	 7	 727	 83	 1055	 5	 3	 3	 3	 3	 3	 3	 3	 3	 632	 3	 60	 3	 3	 3	 3	 3	 3	 3	 52	 1	 11	
13	 36	 61	 247	 8	 4	 262	 1	 89	 1	 11	 162	 225	 9	 38	 70	 81	 1514	 5	 3	 695	 102	 63	 3	 775	 1	 1472	 446	 211	 1	 100	 6	 71	 444	 81	 189	 5	 3	 3	 81	 5	 3	 3	 3	 841	 105	 705	 15	 14	 21	
1410	 15	 6	 1537	 7	 106	 6	 345	 10	 23	 345	 60	 3	 331	 307	 10	 6	 1342	 6	 576	 1216	 10	 218	 1942	 5	 3	 1624	 3	 289	 5	 3	 2240	 75	 6	 1035	 10	 68	 352	 32	 6	 1425	 10	 6	 1035	 5	 3	 1219	 19	 67	 64	
710	 12	 9	 16	 32	 425	 4	 17	 474	 15	 67	 8	 37	 555	 310	 10	 271	 298	 7	 143	 4	 68	 336	 52	 1	 68	 514	 100	 6	 41	 5	 3	 3	 52	 3	 669	 55	 7	 111	 637	 920	 5	 3	 3	 33	 5	 3	 3	 5	 3	
64	 16	 32	 511	 38	 74	 4	 74	 4	 186	 8	 4	 143	 260	 11	 25	 4	 262	 322	 19	 11	 322	 5	 3	 3	 5	 3	 3	 19	 125	 9	 5	 3	 3	 3	 1034	 33	 5	 3	 721	 3	 3	 1034	 1034	 50	 41	 5	 3	 3	 3	
3695	 22	 1966	 565	 1	 3622	 1	 360	 1274	 379	 259	 1733	 1448	 258	 4	 14	 258	 121	 37	 360	 988	 4	 108	 95	 9	 166	 6	 199	 10	 95	 45	 66	 18	 48	 406	 132	 9	 231	 15	 6	 406	 126	 312	 5	 3	 3	 289	 99	 5	 3	
64	 28	 511	 18	 110	 30	 435	 16	 2032	 344	 7	 626	 6	 1963	 56	 55	 5	 3	 3	 103	 289	 5	 3	 3	 1787	 5	 3	 3	 5	 3	 3	 3	 5	 3	 3	 5	 3	 74	 33	 44	 5	 3	 3	 5	 3	 38	 537	 5	 3	 3	
400	 3435	 6	 33	 848	 191	 7	 283	 1	 224	 1	 2213	 7	 85	 12	 9	 20	 442	 4	 14	 123	 9	 67	 8	 48	 43	 39	 4	 483	 39	 4	 32	 1228	 24	 23	 115	 5	 3	 3	 103	 33	 1810	 5	 3	 3	 1294	 3	 5	 3	 3	
15	 245	 1	 95	 84	 35	 37	 231	 22	 95	 1192	 10	 6	 41	 18	 37	 359	 146	 82	 46	 16	 32	 1050	 20	 9	 94	 24	 30	 99	 5	 3	 3	 5	 3	 3	 3	 3	 3	 5	 3	 3	 5	 3	 3	 3	 3	 3	 3	 5	 3	
110	 10	 14	 35	 16	 363	 8	 4	 901	 11	 285	 12	 9	 20	 110	 10	 237	 10	 14	 270	 5	 3	 3	 3	 3	 526	 10	 126	 167	 28	 1422	 181	 5	 3	 3	 3	 5	 3	 3	 3	 3	 452	 5	 3	 3	 3	 5	 3	 3	 5	
24	 100	 6	 562	 169	 1	 8	 139	 4	 6	 406	 198	 10	 42	 9	 26	 204	 15	 23	 33	 44	 5	 3	 3	 3	 173	 3	 10	 41	 5	 3	 3	 955	 3	 3	 5	 3	 3	 3	 3	 2263	 5	 3	 3	 3	 3	 691	 41	 5	 3	
2136	 12	 1077	 172	 7	 246	 10	 136	 129	 1	 13	 16	 113	 8	 299	 599	 22	 14	 272	 5	 3	 3	 1499	 69	 11	 13	 247	 8	 19	 89	 9	 69	 11	 30	 218	 358	 137	 5	 3	 3	 612	 5	 3	 3	 5	 3	 3	 33	 44	 5	
2109	 16	 51	 9	 43	 72	 8	 21	 14	 41	 1	 75	 101	 4	 1582	 605	 166	 6	 523	 7	 136	 203	 67	 37	 1079	 14	 486	 153	 18	 212	 4	 156	 1717	 5	 3	 3	 2396	 3	 1094	 3	 1094	 5	 3	 3	 3	 3	 3	 3	 3163	 1641	
13	 16	 469	 20	 17	 45	 76	 274	 1137	 4	 51	 9	 166	 112	 25	 6	 1641	 102	 10	 187	 8	 16	 48	 3448	 14	 50	 41	 5	 3	 3	 3	 3	 135	 135	 5	 3	 3	 1027	 3	 3	 3	 3	 5	 3	 3	 3	 3	 3	 3	 192	
2109	 16	 61	 21	 31	 9	 128	 428	 49	 20	 46	 22	 12	 118	 80	 1	 1013	 414	 22	 17	 453	 1	 7	 398	 17	 421	 675	 19	 9	 18	 58	 655	 32	 3515	 82	 6	 41	 27	 5	 3	 3	 1349	 102	 5	 3	 3	 135	 1501	 5	 3	
758	 39	 73	 63	 3	 3	 3	 3	 259	 1	 3	 1	 3271	 5	 3	 3	 3	 3	 286	 678	 7	 3450	 489	 1	 197	 27	 3	 3	 60	 3	 60	 3	 3	 3	 3	 3	 3	 3	 3	 3	 3	 3	 3	 3	 3	 3	 3	 3	 3	 3	
1397	 154	 61	 4717	 18	 2189	 1	 1831	 213	 1865	 375	 73	 1397	 2240	 5	 3	 2020	 106	 498	 60	 7	 443	 1122	 1058	 7	 126	 205	 5	 3	 1007	 2396	 106	 6	 3446	 33	 1023	 5	 3	 3	 3	 1012	 5	 3	 5	 3	 3	 3	 5	 3	 5	
1235	 3089	 277	 761	 38	 17	 2847	 45	 66	 16	 32	 243	 4	 18	 10	 95	 424	 33	 142	 5	 3	 3	 5	 3	 3	 123	 5	 3	 3	 3	 5	 3	 3	 3	 3	 3	 691	 360	 151	 5	 3	 3	 691	 5	 3	 3	 5	 3	 3	 3300	
62	 451	 219	 37	 349	 73	 6	 379	 10	 1435	 11	 4	 1	 54	 1353	 1	 154	 1565	 1	 386	 219	 1	 11	 495	 219	 4	 68	 156	 5	 3	 3	 5	 3	 3	 5	 3	 3	 5	 3	 3	 286	 52	 140	 28	 25	 1463	 15	 6	 87	 1	
240	 17	 286	 60	 3	 3	 172	 3	 3	 60	 3	 3	 80	 81	 60	 3	 29	 399	 27	 7	 30	 1869	 10	 761	 1	 761	 11	 92	 60	 3	 3	 3	 7	 3	 3	 3	 3	 10	 92	 60	 3	 936	 29	 3	 27	 3	 3	 3	 729	 60	
79	 224	 6	 218	 117	 10	 21	 779	 7	 141	 196	 12	 90	 88	 135	 5	 3	 3	 33	 44	 1066	 5	 3	 3	 50	 3	 3	 3	 3573	 3605	 3	 135	 830	 26	 71	 413	 1	 71	 3274	 3995	 69	 187	 787	 15	 65	 5	 3	 3	 543	 218	
321	 4	 80	 971	 453	 3	 7	 186	 39	 4	 305	 1	 1279	 1	 305	 11	 162	 699	 773	 22	 6	 129	 11	 52	 332	 56	 1686	 5	 3	 3	 3	 3	 3	 3	 152	 1107	 60	 3	 3	 1480	 7	 103	 27	 60	 7	 3	 7	 685	 123	 593	
1608	 18	 12	 81	 28	 235	 19	 1000	 7	 2279	 5	 3	 3	 683	 171	 13	 152	 64	 5	 3	 5	 3	 3	 3	 3	 3	 3	 3	 3	 3	 3	 3	 1	 17	 2722	 10	 2437	 1046	 364	 5	 3	 3	 270	 5	 3	 3	 3	 3	 3	 3	
15	 110	 461	 1	 13	 16	 25	 32	 267	 4	 468	 12	 31	 9	 1	 15	 67	 552	 13	 16	 47	 64	 109	 26	 110	 11	 2134	 1775	 490	 88	 5	 3	 123	 1776	 369	 1	 765	 2134	 1	 2134	 7	 30	 9	 18	 16	 32	 94	 82	 14	 203	
13	 16	 104	 31	 9	 43	 8	 40	 13	 1154	 64	 28	 181	 4	 186	 8	 4	 277	 11	 21	 10	 110	 11	 110	 10	 14	 35	 5	 3	 3	 3	 3	 1649	 4	 350	 275	 14	 77	 7	 201	 14	 35	 5	 3	 3	 3	 52	 5	 3	 3	
72	 4	 443	 420	 46	 11	 420	 46	 20	 49	 159	 230	 82	 6	 230	 230	 5	 3	 3	 669	 289	 22	 12	 922	 20	 39	 5	 3	 3	 733	 1	 4848	 1536	 242	 1234	 28	 191	 22	 6	 35	 145	 172	 5	 3	 3	 1187	 3	 5	 3	 3	
488	 49	 1	 86	 4	 275	 72	 6	 55	 28	 436	 86	 1	 7	 292	 488	 784	 5	 3	 3	 80	 3	 568	 5	 3	 3	 995	 27	 5	 3	 3	 0	 0	 0	 0	 0	 0	 0	 0	 0	 0	 0	 0	 0	 0	 0	 0	 0	 0	 0	
6	 9	 36	 32	 228	 220	 6	 1714	 169	 5	 3	 3	 3	 3	 33	 44	 5	 3	 3	 173	 28	 243	 4	 111	 216	 33	 44	 5	 3	 3	 1152	 123	 446	 33	 5	 3	 3	 3	 3	 3	 3	 3	 3	 1034	 1034	 691	 29	 27	 5	 3	
8	 48	 6	 568	 10	 336	 351	 4	 415	 17	 388	 10	 42	 750	 371	 6	 351	 11	 1064	 98	 5	 3	 3	 3	 3	 35	 5	 3	 3	 60	 3	 3	 3	 52	 5	 3	 480	 2034	 2258	 60	 3	 3	 480	 1	 430	 7	 769	 5	 3	 3	
4	 325	 20	 170	 848	 1	 1846	 446	 170	 446	 3997	 5	 3	 3	 3	 3	 3	 3	 3	 3	 3	 3	 3	 3	 3	 3	 5	 3	 3	 3	 3	 3	 173	 3	 3	 268	 5	 3	 3	 3	 3	 3	 3	 3	 3	 3	 173	 279	 3	 5	
26	 14	 123	 165	 16	 239	 110	 149	 10	 14	 41	 1	 42	 26	 52	 144	 7	 960	 1	 7	 16	 51	 95	 9	 15	 95	 904	 10	 6	 41	 1	 75	 67	 13	 16	 212	 4	 1	 38	 30	 561	 1	 4	 690	 95	 35	 18	 13	 354	 16	
95	 513	 58	 32	 2727	 4	 887	 11	 385	 46	 1	 11	 16	 305	 17	 4151	 346	 38	 18	 366	 5	 3	 3	 5	 3	 3	 58	 32	 1051	 73	 5	 3	 3	 452	 234	 5	 3	 3	 145	 3	 1026	 721	 3	 5	 3	 5	 3	 3	 5	 3	
137	 15	 14	 84	 33	 44	 3	 3	 811	 3	 3	 3	 44	 3	 3	 452	 36	 702	 4	 47	 8	 20	 35	 4	 8	 466	 6	 180	 5	 3	 3	 3	 24	 594	 5	 3	 5	 3	 5	 3	 5	 3	 135	 3	 5	 3	 3	 3	 5	 3	
14	 1778	 28	 4	 47	 8	 20	 14	 92	 7	 35	 5	 3	 3	 10	 2329	 807	 24	 39	 5	 3	 295	 1	 3129	 7	 1650	 12	 172	 5	 3	 3	 411	 172	 5	 3	 3	 295	 5	 3	 3	 3	 3	 3	 3	 5	 3	 3	 2861	 346	 5	
1198	 63	 29	 27	 3	 3	 3	 5	 3	 1	 3	 931	 1	 1232	 63	 446	 173	 33	 5	 3	 3	 721	 3	 3	 3	 446	 173	 3	 3	 3	 2636	 3	 3	 4368	 1380	 5	 3	 3	 3	 3	 3	 3	 3	 3	 3	 3	 3	 5	 3	 3	
190	 7	 20	 460	 9	 28	 94	 3	 3	 3	 3	 3	 5	 3	 3	 3	 3	 3300	 3	 227	 3	 227	 3	 3	 1	 2132	 1	 2917	 1	 279	 64	 28	 1172	 405	 990	 73	 63	 3	 1317	 2543	 1	 5	 3	 405	 452	 5	 3	 33	 346	 50	
8	 252	 18	 13	 352	 51	 31	 49	 38	 561	 1	 26	 313	 26	 6	 234	 7	 1349	 10	 6	 9	 8	 16	 47	 5	 3	 3	 3	 3	 192	 3	 74	 5	 3	 3	 3	 3	 3	 33	 3221	 346	 5	 3	 3	 3	 3	 3	 3	 3	 3	
29	 19	 125	 9	 43	 84	 97	 7	 87	 289	 27	 1	 75	 19	 988	 10	 193	 5	 3	 972	 10	 115	 60	 3	 3	 92	 1012	 21	 10	 95	 658	 5	 3	 3	 3	 3	 3	 3	 1302	 123	 165	 5	 3	 3	 289	 3	 3	 3	 3	 3	
8	 16	 180	 11	 285	 12	 9	 24	 1001	 15	 7	 6	 1729	 767	 5	 3	 234	 28	 280	 4	 6	 596	 5	 3	 3	 955	 41	 5	 3	 3	 3	 3	 3	 1657	 5	 3	 3	 3	 3	 5	 3	 3	 3	 5	 3	 3	 3	 5	 3	 3	
72	 12	 90	 88	 9	 16	 32	 86	 3	 2025	 11	 15	 1119	 20	 39	 3	 16	 153	 63	 3	 1	 19	 127	 1	 761	 73	 1	 7	 381	 241	 279	 40	 8	 453	 18	 187	 4	 14	 41	 60	 131	 59	 7	 30	 9	 58	 32	 820	 15	 14	
1949	 78	 21	 457	 369	 200	 50	 215	 4	 557	 6	 4232	 10	 95	 205	 22	 14	 55	 128	 4	 482	 777	 10	 9	 349	 94	 38	 39	 5	 3	 3	 1012	 3	 3	 3	 3	 3	 50	 3060	 5	 3	 3	 3	 50	 1046	 364	 5	 3	 3	 3	
15	 245	 1	 13	 16	 104	 411	 9	 43	 258	 38	 6	 1135	 185	 1211	 241	 18	 13	 2338	 8	 37	 100	 1	 6	 246	 10	 129	 8	 912	 100	 1	 12	 129	 475	 266	 1	 6	 246	 10	 129	 8	 21	 1	 6	 246	 10	 91	 86	 1	 260	
413	 16	 32	 243	 4	 1578	 191	 650	 15	 23	 33	 44	 5	 3	 74	 5	 3	 3	 515	 3	 135	 29	 2236	 27	 3	 847	 29	 1129	 27	 74	 5	 3	 234	 10	 74	 28	 625	 4	 32	 5	 3	 5	 3	 3	 5	 3	 5	 3	 3	 5	
141	 196	 5	 3	 1	 3087	 192	 1	 7	 6	 242	 316	 8	 391	 34	 30	 1739	 18	 8	 194	 1	 7	 1740	 12	 91	 4	 471	 260	 11	 4	 6	 242	 18	 5	 3	 3	 169	 52	 5	 3	 3	 5	 3	 5	 3	 3	 1012	 5	 3	 3	
11	 40	 8	 48	 265	 166	 14	 33	 44	 1	 79	 89	 39	 24	 63	 3	 3	 1265	 63	 3	 41	 63	 3	 5	 3	 3	 3	 3	 3	 135	 5	 3	 3	 178	 33	 63	 56	 71	 331	 721	 33	 69	 5	 3	 3	 3	 3	 1480	 5	 3	
2459	 10	 34	 92	 18	 51	 1	 75	 1	 140	 25	 268	 4	 63	 3	 3	 1	 1110	 1	 7	 58	 32	 283	 6	 10	 111	 1598	 5	 3	 3	 3	 5	 3	 3	 5	 3	 3	 5	 3	 3	 3	 5	 3	 3	 5	 3	 3	 5	 3	 5	
139	 58	 32	 1292	 4	 1306	 12	 139	 4	 85	 9	 19	 6	 207	 30	 3616	 1946	 236	 8	 42	 89	 9	 22	 6	 55	 5	 3	 3	 33	 44	 15	 6	 33	 44	 60	 3	 26	 502	 11	 502	 24	 6	 33	 223	 5	 3	 3	 3	 3300	 1524	
13	 16	 1275	 14	 117	 10	 21	 11	 33	 142	 10	 14	 123	 5	 3	 3	 66	 19	 6	 96	 19	 2146	 11	 34	 608	 5	 3	 3	 3	 3	 3	 3	 3	 2636	 5	 3	 3	 5	 3	 3	 5	 3	 3	 3	 5	 3	 3	 3	 3	 3	
23	 16	 153	 12	 98	 1	 59	 1	 323	 735	 1	 3417	 812	 1	 67	 8	 153	 140	 37	 25	 570	 146	 22	 14	 55	 5	 3	 3	 568	 5	 3	 3	 234	 5	 3	 3	 3	 192	 5	 3	 3	 5	 3	 3	 989	 435	 5	 3	 3	 3	
10	 480	 1	 431	 7	 111	 636	 1	 75	 15	 461	 1637	 1745	 448	 4	 21	 7	 132	 31	 9	 10	 134	 121	 57	 83	 589	 53	 27	 5	 3	 3	 3	 3	 3	 3	 3	 1692	 17	 50	 52	 67	 1682	 33	 223	 154	 1152	 9	 3	 5	 3	
565	 27	 4	 2168	 1571	 10	 95	 343	 1893	 146	 24	 39	 60	 4	 542	 3	 864	 220	 14	 55	 3	 3	 3	 3	 56	 295	 15	 6	 995	 7	 6	 80	 681	 10	 14	 196	 5	 3	 3	 3	 3	 3	 3	 3	 3	 3	 3	 3	 3	 3	
64	 28	 86	 4843	 109	 24	 2125	 2384	 4	 201	 111	 593	 7	 150	 1916	 5	 3	 3	 212	 4	 6	 41	 60	 3	 35	 1012	 5	 3	 2329	 1	 1190	 7	 488	 1	 642	 39	 20	 2110	 67	 187	 191	 138	 10	 23	 55	 5	 3	 0	 0	 0	
16	 32	 214	 44	 3	 117	 10	 21	 7	 33	 44	 19	 125	 9	 5	 3	 3	 122	 198	 46	 7	 50	 215	 5	 3	 3	 3	 3	 3	 3	 3	 41	 5	 3	 3	 142	 5	 3	 3	 3	 3	 3	 135	 5	 3	 33	 68	 5	 3	 3	
12	 922	 20	 62	 167	 37	 253	 4	 6	 33	 44	 18	 36	 32	 613	 24	 6	 452	 234	 10	 6	 33	 44	 7	 6	 44	 11	 6	 523	 33	 1123	 929	 5	 3	 3192	 10	 111	 106	 111	 188	 5	 3	 3	 3	 33	 44	 5	 3	 3	 3	
3	 28	 6	 804	 56	 715	 7	 2195	 6	 21	 10	 23	 28	 181	 5	 3	 407	 2469	 19	 6	 207	 10	 2110	 450	 23	 4	 32	 737	 5	 3	 29	 356	 1	 17	 1529	 27	 5	 3	 3	 3	 564	 5	 3	 3	 5	 3	 3	 5	 3	 3	
13	 16	 1537	 23	 9	 11	 21	 64	 3	 38	 30	 78	 1	 140	 25	 575	 153	 424	 513	 238	 5	 3	 3	 191	 650	 197	 5	 3	 3	 543	 204	 197	 5	 3	 3	 3	 3	 3	 5	 3	 3	 3	 3	 1012	 55	 5	 3	 3	 3	 3	
19	 127	 1	 179	 192	 960	 153	 6	 85	 22	 23	 524	 4	 14	 168	 188	 960	 220	 6	 524	 398	 297	 220	 6	 524	 18	 28	 168	 82	 93	 960	 7	 35	 5	 3	 3	 5	 3	 155	 5	 3	 3	 3	 3	 5	 3	 5	 3	 3	 3	
110	 1958	 379	 58	 25	 32	 376	 72	 14	 50	 294	 7	 482	 44	 16	 32	 849	 4	 26	 71	 50	 513	 69	 71	 385	 46	 69	 4	 32	 1732	 15	 12	 91	 11	 67	 8	 16	 21	 6	 41	 5	 3	 3	 122	 44	 5	 3	 3	 3	 135	
491	 20	 8	 54	 8	 836	 4	 6	 41	 60	 3	 3	 334	 3	 510	 1	 241	 1	 342	 1	 11	 346	 60	 3	 9	 632	 2692	 60	 128	 3	 761	 38	 39	 60	 3	 3	 52	 60	 141	 87	 1	 149	 1	 440	 7	 149	 60	 3	 3	 3	
40	 8	 89	 39	 100	 6	 133	 334	 10	 769	 334	 1	 13	 16	 819	 4	 247	 336	 45	 76	 105	 8	 58	 401	 7	 285	 83	 31	 9	 22	 83	 189	 333	 8	 132	 83	 9	 5	 3	 3	 33	 1480	 5	 3	 3	 870	 1026	 33	 379	 5	
134	 1558	 2493	 16	 51	 90	 88	 9	 38	 83	 216	 45	 76	 42	 21	 5	 3	 1559	 114	 56	 118	 33	 1320	 5	 3	 3	 3	 3	 5	 3	 3	 5	 3	 3	 5	 3	 3	 3	 5	 3	 5	 3	 3	 3	 5	 3	 3	 3	 5	 3	
54	 8	 107	 155	 404	 202	 1	 1568	 402	 386	 122	 29	 67	 91	 8	 21	 27	 1	 130	 8	 912	 22	 279	 1	 7	 12	 161	 59	 36	 32	 353	 1	 7	 93	 514	 6	 219	 8	 107	 5	 3	 234	 5	 3	 135	 1927	 411	 9	 5	 3	
110	 797	 10	 110	 2026	 10	 14	 55	 28	 110	 204	 130	 13	 655	 51	 220	 14	 33	 44	 5	 3	 3	 3	 227	 3	 3	 227	 122	 5	 3	 3	 5	 3	 3	 3	 3	 41	 41	 5	 3	 3	 33	 5	 3	 2861	 41	 3	 53	 5	 3	
38	 74	 4	 74	 13	 51	 257	 9	 38	 17	 3551	 800	 10	 136	 129	 309	 5	 3	 3	 289	 112	 25	 273	 6	 102	 10	 77	 20	 1144	 1	 7	 17	 135	 220	 2132	 1	 7	 5	 3	 1499	 446	 742	 65	 5	 3	 3	 3	 5	 3	 3	
19	 127	 1	 168	 9	 7	 35	 4160	 5	 3	 234	 7	 74	 1954	 22	 814	 7	 78	 60	 3	 49	 28	 94	 38	 12	 773	 15	 23	 1297	 5	 3	 3	 102	 1	 234	 10	 74	 1	 7	 124	 12	 257	 5	 3	 234	 5	 3	 3	 234	 3	
13	 36	 504	 95	 9	 15	 6	 1190	 40	 181	 1201	 1	 42	 26	 343	 1584	 1	 161	 59	 1	 7	 30	 253	 427	 5	 3	 69	 307	 18	 13	 37	 267	 4	 152	 7	 722	 14	 55	 5	 3	 3	 3	 5	 3	 3	 3	 3	 669	 5	 3	
200	 254	 669	 55	 174	 4	 2445	 670	 35	 116	 22	 6	 41	 37	 1219	 4	 8	 1	 13	 109	 993	 2240	 38	 8	 15	 6	 330	 10	 150	 35	 5	 3	 3	 2132	 1869	 10	 3604	 5	 3	 3	 289	 1182	 5	 3	 5	 3	 3	 3	 3	 3	
54	 8	 890	 7	 2045	 185	 10	 14	 400	 136	 559	 1866	 12	 136	 129	 13	 113	 1866	 17	 136	 129	 18	 464	 39	 4	 2435	 12	 129	 5	 3	 3	 524	 160	 12	 65	 172	 5	 3	 3	 3	 135	 5	 3	 3	 3	 3686	 135	 5	 3	 3	
14	 50	 53	 47	 187	 18	 391	 31	 9	 38	 6	 131	 10	 14	 53	 1	 140	 119	 61	 1078	 7	 252	 18	 42	 9	 1705	 20	 39	 5	 3	 3	 3	 3	 669	 80	 198	 5	 3	 3	 3	 3	 364	 1180	 5	 3	 3	 1182	 2918	 5	 3	
13	 504	 1698	 9	 19	 6	 715	 207	 10	 497	 70	 1534	 524	 4	 642	 39	 20	 1608	 6	 1021	 10	 23	 9	 5	 3	 3	 1525	 52	 4	 55	 1571	 7	 4	 722	 6	 3758	 35	 5	 3	 3	 3	 3	 3	 3	 3	 3	 3	 3	 3	 3	
110	 249	 35	 11	 149	 67	 16	 247	 8	 19	 12	 50	 91	 50	 91	 166	 6	 239	 8	 87	 5	 3	 3	 3	 15	 110	 11	 125	 1038	 242	 1	 6	 122	 169	 1951	 39	 7	 107	 14	 49	 5	 3	 1012	 989	 39	 4	 679	 12	 211	 5	
8	 521	 48	 6	 558	 4	 224	 6	 2911	 10	 49	 602	 4	 12	 81	 84	 5	 3	 3	 2329	 3	 293	 22	 6	 172	 10	 12	 81	 5	 3	 3	 2329	 5	 3	 3	 3	 1720	 146	 2214	 5	 3	 3	 3	 3	 1349	 5	 3	 3	 3	 274	
1016	 33	 1053	 3	 3	 3	 102	 3	 3	 3	 3	 3	 3	 3	 3	 5	 3	 3	 3	 3	 3	 3	 1	 5	 3	 3	 192	 279	 691	 3	 192	 268	 5	 3	 1369	 60	 3	 3	 3	 3	 50	 1369	 3	 3	 55	 3	 3271	 5	 3	 3	
15	 23	 152	 1	 3338	 16	 57	 105	 24	 178	 111	 144	 145	 133	 5	 3	 3	 52	 618	 22	 6	 2413	 908	 60	 3	 3	 4112	 7	 167	 5	 3	 3	 3753	 2799	 24	 2427	 2783	 697	 2427	 7	 182	 5	 3	 232	 304	 97	 27	 5	 3	 3	
