254	 513	 238	 385	 46	 1	 140	 8	 58	 1199	 180	 12	 91	 230	 4	 414	 157	 22	 6	 55	 5	 3	 5	 3	 3	 3	 33	 44	 5	 3	 3	 2454	 242	 279	 33	 56	 33	 44	 212	 5	 3	 3	 1102	 33	 44	 2974	 24	 6	 91	 5	
3440	 28	 6	 243	 10	 532	 7	 293	 43	 196	 1	 45	 66	 18	 154	 303	 1249	 4	 6	 795	 10	 62	 1750	 1	 83	 91	 1210	 292	 43	 6	 129	 5	 3	 3	 2329	 5	 3	 1450	 289	 5	 3	 3	 864	 5	 3	 3	 169	 97	 5	 3	
3	 525	 1615	 5	 3	 3	 2360	 52	 52	 60	 2610	 28	 1478	 82	 70	 1034	 11	 1428	 67	 334	 398	 1	 527	 59	 1	 288	 102	 7	 527	 59	 5	 3	 3	 147	 1848	 5	 3	 29	 2869	 56	 1015	 102	 27	 5	 3	 3	 5	 3	 3	 173	
187	 4	 30	 53	 37	 116	 20	 5	 3	 52	 289	 845	 1058	 52	 1094	 4	 6	 1603	 56	 33	 44	 1	 7	 83	 33	 151	 37	 26	 218	 115	 5	 3	 3	 28	 3	 3	 5	 3	 3	 3	 3	 3	 3	 3	 5	 3	 3	 3	 3	 3	
13	 580	 6	 209	 4	 85	 20	 45	 66	 1	 563	 49	 7	 30	 296	 82	 21	 10	 6	 41	 18	 934	 901	 4	 47	 39	 20	 34	 31	 9	 838	 38	 208	 5	 3	 3	 1535	 1012	 3	 29	 71	 84	 35	 69	 27	 5	 3	 3	 3	 3	
581	 1385	 1123	 1	 131	 59	 3097	 294	 1012	 3	 109	 15	 34	 487	 18	 28	 181	 19	 6	 416	 158	 4	 4184	 6	 672	 158	 11	 502	 24	 3	 3	 33	 1578	 191	 138	 10	 23	 946	 5	 3	 3	 3	 3	 3	 3	 3	 3	 3	 3	 452	
61	 1	 337	 50	 215	 37	 204	 15	 23	 33	 44	 1	 13	 16	 25	 132	 64	 11	 121	 154	 303	 228	 42	 45	 66	 145	 50	 53	 5	 3	 3	 3	 353	 33	 44	 15	 67	 119	 985	 15	 42	 205	 5	 3	 3	 289	 148	 3	 28	 5	
8	 61	 16	 143	 4	 262	 9	 43	 732	 22	 6	 55	 4	 793	 4	 1	 212	 1	 85	 1337	 1	 1165	 11	 30	 87	 1	 42	 26	 168	 447	 1	 11	 65	 323	 43	 30	 884	 5	 3	 381	 1515	 5	 3	 3	 3	 5	 3	 5	 3	 5	
13	 37	 4668	 15	 6	 271	 298	 10	 1126	 7	 6	 271	 298	 19	 1126	 24	 34	 271	 298	 16	 32	 38	 271	 298	 14	 498	 7	 1400	 6	 899	 1	 6	 899	 15	 245	 4	 6	 1544	 191	 650	 15	 23	 33	 44	 5	 3	 3	 3	 3	 173	
6	 199	 36	 442	 6	 31	 9	 10	 496	 20	 460	 6	 496	 16	 48	 489	 11	 228	 232	 15	 2071	 36	 2140	 4	 6	 1028	 10	 6	 9	 5	 3	 3	 1026	 331	 331	 33	 44	 5	 3	 234	 10	 74	 5	 3	 205	 7	 30	 331	 358	 106	
46	 57	 25	 51	 9	 82	 3899	 91	 1	 75	 77	 109	 19	 70	 207	 242	 122	 1007	 1535	 1012	 1	 17	 495	 122	 1054	 64	 1260	 19	 8	 24	 1212	 6	 242	 4	 8	 43	 182	 22	 6	 2219	 5	 3	 3	 135	 3	 29	 194	 1199	 197	 5	
361	 26	 204	 278	 1	 32	 94	 15	 10	 136	 583	 58	 32	 267	 4	 551	 70	 1382	 446	 1376	 21	 71	 12	 9	 69	 4	 6	 254	 837	 91	 16	 32	 267	 4	 329	 17	 71	 88	 69	 323	 5	 3	 3	 3	 3	 27	 3	 3	 3	 5	
141	 592	 11	 165	 63	 4	 325	 20	 6	 115	 11	 170	 152	 19	 39	 1	 4	 757	 503	 38	 8	 5	 3	 3	 3	 289	 146	 5	 3	 3	 126	 1363	 3	 3	 3	 320	 3	 3	 3	 3	 3	 3	 3	 3	 3	 3	 1068	 3346	 41	 5	
12	 98	 1	 512	 753	 1	 65	 250	 1	 343	 205	 775	 7	 30	 412	 9	 37	 1344	 7	 353	 49	 18	 8	 47	 19	 42	 96	 5	 3	 3	 3	 52	 3	 3	 3	 3	 52	 144	 5	 3	 3	 3	 3	 3	 3	 3	 3	 5	 3	 3	
15	 134	 461	 15	 3366	 448	 1	 42	 1109	 220	 6	 41	 36	 327	 8	 17	 2764	 81	 7	 702	 4	 239	 8	 30	 290	 30	 35	 5	 3	 3	 173	 845	 71	 3974	 69	 5	 69	 3	 5	 3	 3	 5	 3	 3	 3	 3	 3	 5	 3	 3	
1025	 22	 12	 189	 7	 230	 1	 8	 58	 285	 95	 172	 100	 95	 369	 1	 26	 218	 5	 3	 198	 669	 1589	 29	 71	 1351	 35	 69	 27	 1	 21	 289	 4707	 179	 192	 49	 11	 411	 9	 1	 26	 313	 26	 85	 82	 814	 5	 3	 2897	 5	
727	 12	 1541	 2060	 7	 4	 1807	 7	 152	 12	 617	 5	 3	 3	 3	 3	 3	 5	 3	 3	 78	 60	 7	 3	 3	 3	 92	 1	 35	 7	 35	 60	 3	 3	 3	 512	 3	 572	 60	 3	 3	 3	 192	 3	 78	 3	 92	 26	 313	 3	
710	 13	 483	 6	 300	 1084	 935	 1	 42	 175	 4	 6	 393	 531	 33	 665	 10	 6	 286	 862	 10	 633	 7	 6	 633	 813	 5	 3	 1	 5	 3	 3	 5	 3	 3	 5	 3	 5	 3	 3	 1185	 5	 3	 3	 452	 5	 3	 3	 5	 3	
1170	 352	 727	 1	 21	 7	 382	 6	 35	 22	 6	 53	 5	 3	 253	 289	 1	 693	 40	 7	 20	 460	 57	 32	 1228	 14	 117	 10	 21	 1	 7	 6	 117	 10	 21	 5	 3	 192	 268	 5	 3	 3	 3	 3	 5	 3	 3	 3	 3	 3	
1698	 9	 28	 86	 4	 501	 49	 166	 6	 488	 7	 255	 10	 6	 457	 78	 1	 411	 9	 11	 411	 9	 28	 1112	 5	 3	 3	 102	 3	 253	 3006	 1716	 608	 1055	 5	 3	 2329	 145	 5	 3	 3	 102	 3	 3	 81	 3	 1478	 3	 2657	 5	
6	 81	 719	 3989	 6	 98	 16	 32	 86	 4	 2095	 6	 80	 56	 161	 59	 15	 14	 266	 4	 133	 39	 124	 14	 41	 125	 1923	 7	 125	 511	 5	 3	 3	 3	 346	 3	 3	 3	 3	 3	 3	 3	 3	 3	 3	 3	 3	 511	 5	 3	
6	 899	 742	 198	 17	 9	 159	 42	 26	 246	 10	 91	 18	 17	 667	 98	 1	 6	 59	 10	 6	 114	 8	 375	 5	 3	 377	 52	 825	 6	 41	 59	 5	 3	 234	 10	 23	 80	 5	 3	 50	 135	 5	 3	 261	 3	 669	 50	 5	 3	
26	 17	 331	 44	 1	 13	 57	 23	 4	 740	 8	 10	 130	 43	 130	 9	 16	 32	 686	 15	 1048	 1	 7	 13	 57	 25	 51	 90	 88	 9	 220	 14	 189	 5	 3	 3	 2182	 279	 63	 3	 279	 3573	 3605	 268	 5	 3	 3	 3	 3	 3	
13	 16	 21	 46	 1	 50	 215	 1	 11	 30	 177	 4	 443	 14	 41	 7	 273	 95	 205	 22	 14	 41	 77	 38	 74	 4	 74	 4	 133	 39	 866	 87	 172	 7	 133	 414	 1425	 12	 172	 5	 3	 295	 1012	 5	 3	 3	 172	 5	 3	 3	
13	 16	 47	 87	 128	 35	 22	 17	 52	 67	 149	 10	 254	 435	 396	 48	 2049	 168	 1098	 4	 570	 146	 30	 77	 145	 794	 1	 662	 98	 1	 1245	 98	 11	 417	 1224	 1	 11	 30	 421	 536	 9	 18	 316	 373	 961	 4	 206	 6	 254	 281	
72	 13	 120	 12	 9	 3	 3	 3	 3	 3	 3	 3	 3	 3	 3	 3	 3	 3	 3	 3	 3	 3	 3	 3	 3	 3	 3	 3	 3	 1	 7	 75	 6	 614	 204	 278	 5	 3	 3	 402	 3	 72	 13	 956	 14	 258	 5	 3	 3	 2329	
45	 66	 16	 329	 182	 19	 30	 78	 1	 2186	 11	 84	 97	 1032	 22	 14	 55	 11	 652	 908	 1	 67	 182	 11	 187	 37	 807	 22	 5	 3	 3	 33	 346	 5	 3	 3	 3	 3	 3	 3	 3	 3	 3	 3	 3	 3	 55	 3	 5	 3	
93	 322	 17	 381	 2297	 4	 59	 3	 3	 3	 198	 621	 83	 3311	 11	 30	 84	 15	 83	 523	 205	 58	 32	 1051	 15	 5	 3	 3	 3	 3	 3300	 52	 5	 3	 3	 33	 175	 5	 3	 3	 3	 3300	 2720	 5	 3	 5	 3	 3	 5	 3	
40	 8	 143	 4	 57	 105	 1	 12	 91	 36	 808	 106	 6	 660	 10	 23	 41	 5	 3	 3	 135	 5	 3	 3	 4351	 5	 3	 3	 5	 3	 1066	 1012	 5	 3	 3	 568	 5	 3	 3	 52	 5	 3	 3	 5	 3	 3	 2396	 50	 135	 5	
6	 9	 16	 391	 9	 18	 16	 32	 86	 4	 133	 206	 8	 1	 42	 26	 12	 98	 1	 65	 59	 1	 7	 2438	 920	 5	 3	 3	 234	 7	 2869	 56	 409	 7	 6	 3636	 5	 3	 3	 3	 3	 5	 3	 3	 3	 5	 3	 3	 52	 691	
24	 100	 6	 562	 169	 1	 8	 139	 4	 6	 159	 7	 21	 10	 9	 24	 562	 26	 981	 278	 5	 3	 3	 3	 3	 3	 55	 3	 3	 52	 721	 5	 3	 234	 5	 3	 3	 3	 534	 3300	 5	 3	 3	 33	 44	 5	 3	 3	 3	 2263	
13	 643	 124	 34	 478	 11	 418	 5	 3	 3	 1026	 6	 1189	 1	 140	 13	 36	 32	 1158	 4	 104	 6	 656	 17	 527	 59	 5	 3	 28	 5	 3	 3	 26	 17	 638	 10	 6	 10	 6	 773	 15	 6	 152	 28	 116	 5	 3	 3	 3	 3	
54	 8	 285	 62	 653	 1	 13	 36	 327	 8	 6	 544	 4	 2422	 12	 81	 7	 458	 306	 19	 6	 218	 656	 5	 3	 3	 5	 3	 3	 5	 3	 3	 5	 3	 3	 5	 3	 3	 123	 5	 3	 3	 3	 5	 3	 3	 3	 5	 3	 3	
676	 2266	 6	 9	 425	 600	 8	 7	 6	 377	 1	 4661	 64	 4404	 4	 493	 2414	 4	 2652	 6	 9	 11	 488	 396	 32	 359	 703	 24	 14	 55	 5	 3	 1031	 413	 5	 3	 3	 3	 5	 3	 3	 5	 3	 5	 3	 3	 5	 3	 3	 5	
164	 6	 1652	 319	 4	 12	 9	 18	 8	 48	 367	 64	 58	 32	 86	 7	 231	 24	 39	 11	 24	 115	 11	 322	 18	 37	 1226	 1169	 1	 234	 10	 796	 5	 3	 3	 3	 3	 3	 3	 3	 3	 3	 5	 3	 3	 3	 3	 33	 44	 5	
13	 16	 21	 71	 539	 628	 69	 4	 273	 95	 80	 296	 22	 14	 41	 1	 273	 296	 1	 642	 39	 171	 77	 58	 2159	 4417	 1	 273	 242	 172	 1	 463	 125	 280	 87	 5	 3	 3	 0	 0	 0	 0	 0	 0	 0	 0	 0	 0	 0	 0	
8	 164	 65	 39	 121	 154	 265	 43	 14	 84	 409	 36	 32	 631	 450	 384	 435	 58	 89	 14	 52	 144	 20	 1379	 68	 4	 12	 81	 5	 3	 3	 106	 103	 5	 3	 5	 3	 5	 3	 3	 803	 4	 314	 6	 1005	 10	 12	 81	 5	 3	
15	 331	 1	 110	 1038	 35	 16	 21	 3307	 310	 364	 5	 3	 3	 289	 22	 6	 55	 18	 28	 25	 477	 4	 31	 9	 5	 3	 3	 3	 3	 5	 3	 5	 3	 3	 5	 3	 3	 1012	 3	 3	 5	 3	 3	 568	 5	 3	 3	 135	 3	
131	 1	 225	 11	 131	 1215	 3	 82	 6	 21	 10	 6	 1004	 78	 16	 32	 1181	 24	 39	 1	 231	 7	 86	 24	 6	 1822	 5	 3	 3	 1	 7	 1	 7	 30	 1291	 532	 1211	 19	 97	 96	 5	 3	 3	 3	 3	 3	 3	 3	 3	 5	
4573	 89	 1	 717	 5	 3	 3	 3	 3	 3	 3	 3	 3	 3	 2387	 125	 290	 430	 2387	 84	 1	 84	 2723	 1	 7	 29	 967	 27	 2622	 364	 18	 42	 45	 76	 77	 217	 22	 4	 414	 22	 155	 60	 7	 29	 792	 27	 68	 4	 300	 2271	
23	 33	 223	 1022	 14	 33	 142	 15	 2548	 2041	 733	 5	 3	 192	 268	 3	 320	 19	 400	 480	 224	 56	 50	 53	 7	 10	 12	 84	 211	 7	 14	 1596	 480	 50	 480	 826	 5	 3	 3	 3	 50	 41	 5	 3	 3	 173	 3	 3	 3	 50	
413	 37	 514	 54	 8	 225	 9	 166	 12	 101	 5	 3	 3	 480	 725	 253	 4	 12	 21	 10	 14	 35	 5	 3	 3	 234	 3	 532	 3	 28	 419	 1	 532	 412	 20	 12	 2651	 33	 44	 7	 167	 1	 75	 6	 178	 63	 3	 56	 0	 0	
1	 3325	 3	 3	 1369	 3	 3	 3	 279	 3	 1293	 3	 3	 294	 15	 6	 63	 942	 6	 2212	 198	 10	 12	 49	 159	 7	 318	 3	 5	 3	 3	 3	 3	 3	 2227	 19	 12	 1003	 324	 6	 278	 5	 3	 3	 721	 3	 33	 44	 5	 3	
452	 1856	 982	 1	 734	 3	 1349	 10	 222	 3	 28	 86	 15	 73	 6	 2125	 50	 41	 5	 3	 3	 3	 5	 3	 3	 286	 3	 10	 14	 1302	 1064	 5	 3	 3	 1	 431	 7	 6	 1302	 123	 71	 2140	 69	 5	 3	 3	 3300	 135	 5	 3	
1198	 102	 29	 399	 27	 63	 40	 8	 29	 530	 27	 3	 3	 666	 1	 13	 21	 64	 29	 843	 5	 147	 26	 17	 873	 82	 873	 27	 1	 7	 52	 1350	 9	 5	 3	 642	 20	 12	 114	 7	 91	 5	 3	 3	 103	 27	 5	 3	 3	 377	
19	 42	 35	 1	 13	 16	 108	 6	 178	 63	 3	 2952	 56	 214	 102	 1	 102	 10	 253	 77	 63	 40	 13	 37	 306	 4	 6	 59	 1	 413	 28	 148	 381	 265	 19	 31	 293	 5	 3	 3	 3	 3	 3	 135	 5	 3	 3	 3	 3	 1302	
835	 897	 19	 964	 52	 1552	 3	 5	 3	 306	 4	 5	 3	 3	 3	 5	 3	 3	 3	 3	 3	 3	 3	 3	 3	 691	 3	 3	 5	 3	 3	 3	 3	 3	 3	 135	 3	 173	 3	 3	 3	 691	 3	 691	 50	 52	 2374	 5	 3	 3	
185	 927	 4	 2666	 420	 692	 38	 624	 1	 789	 1	 969	 11	 789	 10	 6	 118	 91	 8	 57	 25	 48	 978	 376	 38	 6	 46	 22	 12	 91	 5	 3	 3	 109	 3	 1033	 55	 11	 111	 1211	 5	 3	 3	 1989	 71	 103	 69	 5	 3	 172	
3553	 2895	 37	 587	 4	 6	 103	 10	 14	 523	 258	 7	 93	 14	 1613	 5	 3	 3	 33	 28	 109	 14	 1023	 19	 103	 7	 282	 5	 3	 26	 1730	 5	 3	 3	 1869	 5	 3	 3	 150	 2374	 5	 3	 3	 150	 2374	 5	 3	 3	 150	 5	
8	 36	 32	 191	 306	 4	 104	 17	 1266	 54	 8	 953	 1049	 6	 41	 38	 1635	 40	 8	 962	 23	 582	 5	 3	 3	 3	 268	 3	 7	 198	 17	 334	 4	 113	 980	 738	 5	 3	 3	 645	 5	 3	 3	 133	 5	 3	 3	 3210	 5	 3	
19	 127	 1	 13	 16	 469	 20	 70	 242	 4373	 10	 14	 174	 4	 21	 411	 9	 5	 3	 3	 882	 518	 97	 15	 18	 45	 76	 55	 11	 242	 5	 3	 3	 841	 304	 947	 19	 67	 8	 48	 1439	 279	 5	 3	 3	 122	 28	 25	 803	 4	
95	 1698	 9	 316	 32	 1172	 26	 2340	 26	 158	 24	 115	 5	 3	 3	 10	 17	 115	 1	 11	 30	 627	 2036	 5	 3	 5	 3	 3	 1012	 3	 106	 10	 34	 218	 115	 5	 3	 17	 3	 19	 159	 10	 31	 9	 5	 3	 3	 5	 3	 3	
578	 13	 58	 25	 620	 6	 103	 10	 14	 41	 1	 13	 483	 8	 4	 283	 6	 33	 151	 10	 93	 78	 11	 50	 53	 5	 3	 688	 33	 44	 333	 137	 5	 3	 3192	 1	 419	 1	 1551	 1	 234	 10	 159	 1	 7	 34	 9	 602	 4	 6	
38	 74	 4	 74	 1	 13	 16	 113	 8	 312	 43	 214	 149	 7	 241	 18	 37	 3464	 6	 1425	 10	 14	 862	 60	 4	 305	 7	 891	 962	 10	 42	 92	 11	 35	 1	 7	 15	 229	 20	 70	 3864	 30	 211	 10	 14	 55	 5	 3	 3	 3	
13	 16	 712	 9	 18	 8	 16	 47	 82	 110	 10	 62	 177	 16	 38	 141	 78	 1	 111	 475	 52	 144	 1	 7	 9	 94	 24	 6	 331	 168	 5	 3	 33	 183	 5	 3	 3	 3	 3	 2017	 5	 3	 3	 123	 587	 5	 3	 3	 3	 3	
261	 163	 102	 37	 86	 15	 101	 4	 557	 11	 277	 958	 38	 78	 7	 80	 920	 10	 6	 101	 5	 3	 3	 3	 5	 3	 3	 3	 5	 3	 3	 3	 3	 3	 3	 5	 3	 3	 3	 3	 5	 3	 3	 1923	 3	 3	 3	 3	 3	 3	
194	 149	 19	 9	 22	 72	 4	 799	 11	 468	 46	 22	 12	 50	 91	 60	 7	 1268	 12	 91	 293	 4	 757	 434	 21	 10	 149	 1	 75	 1175	 10	 12	 50	 91	 5	 3	 3	 122	 3	 1983	 198	 17	 877	 10	 12	 972	 5	 3	 3	 3	
13	 36	 21	 1161	 374	 783	 4	 1782	 12	 108	 5	 3	 3	 49	 3	 5	 3	 234	 3	 3	 278	 5	 3	 346	 5	 3	 3	 3	 3	 3	 3	 2211	 27	 5	 3	 3	 3	 3	 3	 3	 920	 5	 3	 3	 3	 3	 3	 3	 691	 50	
46	 18	 186	 39	 4	 603	 8	 36	 133	 39	 603	 8	 26	 6	 2512	 9	 43	 12	 107	 105	 18	 119	 58	 1717	 206	 1566	 12	 635	 1550	 7	 1	 26	 313	 26	 12	 98	 7	 3781	 5	 3	 2575	 22	 12	 261	 719	 26	 248	 10	 12	 50	
46	 58	 32	 86	 4	 51	 95	 407	 9	 29	 42	 26	 1367	 46	 11	 50	 215	 27	 4	 471	 260	 17	 455	 1338	 17	 50	 91	 11	 747	 1	 7	 15	 101	 4	 471	 6	 618	 10	 95	 182	 5	 3	 3	 183	 5	 3	 3	 1012	 3	 3	
22	 507	 138	 125	 43	 72	 8	 58	 194	 11	 180	 12	 244	 1498	 834	 5	 3	 3	 406	 126	 52	 60	 341	 6	 33	 172	 1666	 5	 3	 227	 695	 135	 5	 3	 218	 259	 5	 3	 0	 0	 0	 0	 0	 0	 0	 0	 0	 0	 0	 0	
13	 16	 61	 247	 8	 4	 728	 17	 89	 392	 1	 431	 10	 381	 381	 1282	 1	 4164	 650	 197	 1	 72	 8	 58	 264	 138	 10	 14	 92	 7	 1	 40	 8	 608	 4	 32	 2803	 19	 8	 1	 110	 10	 300	 198	 5	 3	 1026	 33	 142	 5	
13	 36	 504	 7	 21	 12	 533	 56	 89	 293	 4	 34	 351	 11	 99	 38	 381	 165	 19	 6	 207	 10	 1699	 12	 31	 9	 4	 2265	 77	 38	 310	 6	 633	 1670	 719	 5	 3	 3	 173	 19	 6	 102	 10	 435	 555	 15	 6	 2920	 5	 3	
1593	 1	 95	 149	 10	 6	 35	 37	 110	 171	 188	 16	 21	 12	 65	 59	 60	 3	 857	 52	 35	 19	 685	 96	 18	 8	 16	 32	 687	 109	 4	 186	 39	 4	 603	 12	 244	 1	 42	 26	 12	 244	 1	 234	 7	 74	 5	 3	 3	 2674	
40	 8	 186	 78	 11	 136	 203	 566	 24	 17	 45	 76	 52	 332	 1	 8	 16	 25	 104	 34	 147	 163	 19	 18	 351	 11	 48	 1706	 15	 20	 42	 456	 5	 3	 3	 3	 3	 3	 3130	 3	 2636	 5	 3	 3	 3	 3	 3	 2636	 5	 3	
40	 8	 339	 1	 79	 89	 39	 1	 73	 6	 108	 1	 7	 814	 1898	 481	 89	 8	 5	 3	 234	 5	 3	 3	 331	 33	 135	 5	 3	 3	 33	 44	 5	 3	 3	 3	 5	 3	 3	 5	 3	 3	 5	 3	 3	 1185	 5	 3	 3	 5	
3	 1762	 1	 1345	 73	 1983	 116	 3	 1	 1044	 1411	 29	 42	 26	 161	 27	 11	 495	 46	 373	 39	 4	 401	 50	 513	 7	 71	 50	 215	 5	 3	 3	 3	 3	 52	 1450	 37	 1200	 5	 3	 1012	 3	 5	 3	 3	 3	 3	 3	 3	 3	
13	 58	 85	 95	 9	 20	 141	 658	 20	 460	 13	 48	 86	 4	 865	 182	 4	 8	 22	 6	 55	 5	 3	 3	 320	 19	 14	 165	 20	 460	 13	 48	 95	 518	 97	 5	 3	 27	 3	 5	 3	 3	 518	 123	 5	 3	 3	 2263	 29	 71	
14	 2693	 20	 84	 3	 28	 146	 4	 93	 1875	 10	 17	 366	 1068	 1	 47	 70	 422	 776	 282	 73	 202	 5	 3	 3	 2616	 1	 7	 768	 659	 5	 3	 5	 3	 3	 5	 3	 3	 5	 3	 3	 5	 3	 3	 5	 3	 3	 3	 3	 3	
47	 150	 52	 1	 321	 4	 971	 7	 35	 38	 23	 55	 1	 3	 7	 170	 388	 7	 132	 9	 108	 5	 3	 3	 3	 3	 2491	 5	 3	 3	 3	 3	 3	 5	 3	 3	 3	 3	 3	 60	 3	 3	 3	 3	 3	 3	 3	 3	 1369	 27	
135	 383	 1333	 2426	 734	 3	 3	 44	 3	 106	 6	 44	 145	 71	 452	 234	 69	 1	 71	 400	 69	 1	 106	 233	 16	 47	 4	 39	 160	 175	 1	 6	 94	 1	 7	 24	 898	 12	 9	 3	 290	 234	 5	 3	 3	 3	 3	 3	 33	 44	
73	 6	 74	 8	 212	 6	 1003	 4	 837	 7	 34	 45	 76	 1	 23	 9	 16	 1582	 1739	 9	 43	 12	 205	 22	 6	 55	 26	 185	 10	 62	 242	 294	 5	 3	 3	 1012	 55	 3	 55	 1811	 145	 3	 55	 346	 3	 114	 114	 205	 5	 3	
3308	 112	 25	 609	 51	 34	 31	 9	 38	 190	 106	 6	 213	 10	 233	 5	 3	 3	 198	 22	 6	 53	 10	 62	 45	 76	 561	 5	 3	 295	 5	 3	 3	 511	 3	 290	 233	 5	 3	 3	 5	 3	 3	 5	 3	 3	 1320	 3	 5	 3	
19	 127	 1	 1650	 46	 51	 7	 795	 268	 38	 355	 583	 8	 21	 7	 47	 801	 1031	 4	 14	 50	 53	 11	 4	 757	 457	 441	 22	 1711	 78	 19	 127	 5	 3	 3	 3	 3	 3	 3	 3	 3	 5	 3	 3	 3	 3	 173	 3	 511	 5	
13	 1630	 6	 2395	 347	 10	 9	 13	 315	 4	 124	 156	 378	 1	 560	 1	 11	 287	 6	 9	 116	 82	 6	 189	 5	 3	 3	 3	 1692	 3	 1007	 5	 1012	 3	 393	 531	 3	 142	 5	 3	 3	 3	 5	 3	 3	 3	 3	 5	 3	 3	
