2358	 93	 46	 16	 25	 273	 693	 30	 205	 22	 6	 41	 1	 42	 26	 472	 49	 7	 274	 49	 16	 32	 116	 24	 12	 91	 5	 3	 775	 60	 3	 255	 5	 3	 775	 5	 3	 234	 10	 103	 5	 3	 5	 3	 3	 3	 3	 1496	 3	 3	
40	 8	 57	 25	 339	 4	 827	 1194	 97	 116	 22	 2605	 56	 272	 1	 8	 252	 18	 173	 58	 25	 901	 29	 194	 215	 22	 6	 169	 10	 53	 27	 1	 693	 40	 8	 48	 25	 1587	 138	 10	 1194	 182	 24	 573	 22	 6	 3799	 1676	 191	 10	
9	 18	 58	 32	 1086	 4	 6	 49	 8	 132	 15	 366	 4	 12	 31	 9	 7	 36	 153	 49	 412	 20	 17	 366	 308	 1	 88	 351	 19	 67	 64	 462	 1050	 5	 3	 3	 379	 3	 29	 140	 1199	 17	 125	 228	 49	 125	 27	 7	 19	 67	
14	 55	 154	 1155	 151	 18	 58	 206	 17	 1402	 896	 22	 5	 3	 33	 44	 1502	 130	 1373	 6	 135	 22	 67	 6	 383	 915	 2740	 734	 3	 28	 3	 7	 86	 5	 3	 5	 3	 3	 5	 3	 3	 5	 3	 5	 3	 5	 3	 940	 5	 3	
13	 16	 504	 1	 21	 7	 85	 12	 9	 26	 502	 24	 115	 5	 3	 3	 3	 407	 1	 1519	 115	 1	 14	 1026	 6	 408	 5	 3	 3	 818	 158	 24	 39	 4	 2386	 5	 3	 3	 534	 5	 3	 408	 5	 3	 2018	 18	 23	 33	 44	 5	
110	 9	 94	 36	 32	 86	 849	 4	 26	 539	 628	 7	 9	 18	 2162	 4	 83	 46	 19	 786	 8	 107	 1	 194	 1	 7	 4	 124	 786	 741	 396	 32	 146	 4	 30	 77	 10	 6	 55	 5	 3	 3	 3300	 3	 3	 5	 3	 3	 2227	 845	
909	 1	 12	 173	 1494	 775	 8	 116	 22	 23	 41	 5	 3	 3	 3	 3	 52	 29	 71	 2430	 145	 69	 27	 1	 82	 6	 184	 5	 3	 74	 29	 194	 71	 61	 197	 27	 5	 3	 3	 69	 3	 3	 55	 5	 3	 1012	 3	 1525	 755	 5	
6	 21	 10	 42	 177	 24	 42	 45	 66	 28	 243	 4	 83	 216	 33	 151	 7	 28	 25	 595	 82	 1776	 188	 24	 45	 66	 7	 28	 25	 595	 24	 23	 33	 44	 5	 3	 7	 1543	 3	 3	 5	 3	 3	 3	 3	 2281	 5	 3	 3	 3	
6	 9	 13	 501	 38	 77	 398	 14	 340	 281	 5	 3	 3	 102	 1	 15	 6	 552	 10	 6	 261	 1	 52	 1	 1028	 1954	 15	 6	 682	 637	 556	 5	 3	 3	 3	 33	 44	 5	 3	 577	 1692	 3	 5	 3	 3	 1815	 1	 49	 5	 3	
23	 464	 39	 4	 2963	 12	 1854	 205	 763	 78	 7	 517	 38	 74	 4	 74	 5	 3	 681	 3	 22	 12	 1614	 10	 80	 211	 5	 3	 3	 192	 133	 124	 2324	 5	 3	 3	 3	 3	 3	 5	 3	 3	 3	 3	 3	 3	 3	 3	 5	 3	
137	 4	 6	 33	 44	 3	 230	 3	 230	 54	 403	 12	 81	 5	 3	 3	 3	 2363	 22	 380	 42	 68	 7	 297	 5	 3	 480	 253	 1573	 5	 3	 234	 3	 3	 3	 3	 3	 3	 3	 1735	 296	 5	 3	 3	 3	 3	 3	 61	 3	 5	
30	 45	 66	 16	 61	 191	 12	 320	 19	 46	 1	 67	 16	 1326	 38	 1209	 5	 3	 515	 515	 515	 515	 515	 515	 515	 515	 515	 515	 515	 515	 515	 515	 5	 3	 3450	 1026	 1072	 27	 5	 3	 3	 515	 5	 3	 3	 3	 3	 5	 3	 3	
134	 45	 66	 36	 51	 12	 9	 1	 67	 28	 116	 19	 6	 1020	 10	 268	 45	 66	 1	 7	 42	 736	 67	 119	 48	 3703	 849	 4	 26	 6	 589	 370	 5	 3	 3	 3	 5	 3	 3	 5	 3	 3	 3	 3	 3	 5	 3	 3	 3	 3	
130	 1041	 164	 372	 344	 43	 444	 33	 54	 100	 12	 227	 399	 27	 3	 1024	 227	 3	 46	 3	 3	 227	 217	 1	 227	 3	 3	 5	 3	 940	 227	 3	 5	 3	 3	 3	 227	 3	 3	 227	 3	 50	 135	 5	 3	 3	 3	 3	 33	 227	
23	 9	 16	 32	 477	 4	 34	 9	 18	 28	 238	 94	 29	 71	 31	 9	 69	 27	 22	 12	 114	 11	 21	 70	 131	 5	 3	 3	 3	 3	 3	 2034	 5	 3	 3	 3	 3	 3	 5	 3	 3	 5	 3	 3	 3	 5	 3	 5	 3	 3	
13	 269	 8	 4	 344	 18	 185	 10	 14	 84	 261	 11	 35	 36	 32	 146	 22	 23	 41	 7	 315	 4	 1555	 2347	 5	 3	 3	 126	 5	 3	 3	 3	 2780	 5	 3	 3	 3	 40	 8	 315	 6	 150	 520	 5	 3	 3	 3	 3	 3	 5	
38	 74	 4	 74	 1	 13	 16	 469	 20	 141	 274	 364	 22	 70	 1955	 203	 18	 13	 85	 20	 9	 38	 42	 136	 203	 11	 78	 42	 26	 291	 5	 3	 3	 3	 3	 3	 5	 3	 5	 3	 3	 3	 5	 3	 289	 5	 3	 5	 3	 3	
190	 56	 84	 33	 282	 5	 3	 3	 3	 3	 3	 3	 480	 192	 41	 3	 3	 566	 480	 192	 480	 192	 279	 1915	 2126	 1023	 24	 6	 990	 4	 212	 247	 174	 4	 125	 494	 65	 77	 84	 5	 3	 3	 3	 5	 3	 3	 331	 721	 10	 721	
401	 125	 2190	 43	 2785	 56	 33	 44	 5	 3	 3	 2355	 125	 4383	 22	 14	 50	 41	 26	 218	 4	 3818	 56	 1002	 20	 498	 50	 53	 5	 3	 3	 3	 3	 3	 3	 41	 3	 3	 3	 3	 3	 3	 3	 3	 3	 3	 3	 3	 3	 3	
337	 355	 435	 324	 6	 118	 58	 32	 978	 1	 6	 630	 1514	 5	 3	 3	 256	 37	 845	 420	 1947	 29	 1433	 1	 6	 432	 660	 10	 1164	 1245	 1	 121	 28	 254	 3597	 109	 4	 6	 274	 289	 845	 71	 46	 69	 27	 5	 3	 3	 3522	 486	
12	 147	 163	 102	 5	 3	 9	 3	 364	 989	 39	 4	 314	 18	 6	 173	 37	 845	 22	 11	 110	 10	 6	 187	 8	 217	 220	 6	 886	 514	 777	 35	 5	 3	 3	 33	 175	 5	 3	 3	 33	 44	 5	 3	 3	 5	 3	 3	 656	 5	
15	 245	 1	 20	 460	 16	 1	 6	 16	 712	 6	 428	 9	 94	 22	 6	 55	 20	 17	 41	 30	 45	 66	 42	 26	 6	 41	 3	 7	 1502	 14	 92	 7	 35	 5	 3	 88	 9	 1	 9	 43	 14	 92	 1	 7	 78	 145	 77	 10	 6	
62	 219	 36	 32	 349	 4	 30	 77	 19	 601	 52	 3242	 83	 81	 5	 3	 4492	 5	 3	 5	 3	 3	 52	 144	 60	 3	 980	 102	 5	 3	 1624	 3	 656	 3	 5	 3	 3	 3	 3	 5	 3	 3	 5	 3	 3	 3	 3	 3	 3	 452	
13	 11	 14	 45	 76	 52	 144	 16	 21	 457	 347	 10	 46	 18	 14	 35	 4	 542	 72	 14	 53	 37	 100	 12	 114	 1	 136	 129	 11	 97	 5	 3	 3	 568	 125	 71	 452	 152	 69	 1096	 54	 8	 107	 185	 11	 125	 248	 10	 6	 50	
15	 110	 461	 1	 13	 16	 25	 32	 267	 4	 468	 12	 31	 9	 1	 15	 67	 552	 13	 16	 57	 105	 36	 808	 231	 371	 64	 1222	 64	 316	 32	 4	 393	 5	 3	 3	 3	 1998	 1066	 1998	 5	 3	 3	 5	 3	 3	 5	 3	 3	 5	
4424	 16	 113	 65	 11	 30	 2256	 35	 20	 8	 4	 277	 92	 7	 35	 5	 3	 3	 52	 1290	 5	 3	 3	 3	 3	 3	 3	 3	 3	 3	 3	 1769	 5	 3	 3	 3	 3	 4040	 3	 3	 3	 3	 27	 3	 3	 3	 3	 691	 5	 3	
24	 898	 9	 1	 8	 210	 385	 18	 2737	 82	 141	 55	 1	 693	 171	 8	 37	 1025	 590	 14	 53	 1	 4	 130	 55	 33	 44	 29	 13	 483	 8	 4	 283	 6	 33	 44	 10	 237	 55	 8	 27	 333	 1494	 138	 12	 31	 9	 4	 39	 5	
3050	 2912	 109	 6	 857	 24	 111	 281	 5	 3	 3	 24	 6	 173	 845	 17	 147	 163	 11	 608	 35	 566	 24	 1513	 4	 6	 841	 10	 1339	 5	 3	 5	 3	 515	 5	 3	 3	 5	 3	 3	 3	 3	 3	 3	 5	 3	 3	 3	 3	 5	
40	 8	 107	 14	 78	 4	 212	 12	 9	 11	 30	 9	 13	 354	 18	 119	 48	 303	 485	 1	 6	 9	 94	 43	 8	 36	 32	 228	 20	 280	 45	 66	 4	 460	 13	 48	 191	 650	 15	 145	 33	 151	 5	 3	 5	 3	 2056	 2263	 10	 569	
4	 188	 95	 167	 116	 8	 58	 883	 39	 584	 584	 3	 1	 8	 58	 32	 221	 19	 986	 105	 5	 3	 3	 5	 3	 3	 5	 3	 1769	 63	 23	 28	 70	 3105	 1384	 1	 520	 520	 5	 3	 3	 189	 3	 5	 3	 3	 3	 3	 307	 5	
62	 196	 37	 706	 736	 121	 21	 17	 1137	 116	 24	 2618	 5	 3	 426	 1850	 10	 91	 364	 67	 57	 25	 209	 4	 188	 6	 242	 5	 3	 191	 650	 135	 5	 3	 346	 5	 3	 3	 3300	 102	 5	 3	 191	 650	 84	 3	 5	 3	 33	 1	
6	 1147	 10	 14	 50	 41	 16	 21	 71	 46	 69	 29	 71	 3307	 1485	 69	 27	 1	 16	 32	 353	 4	 12	 377	 11	 30	 45	 76	 50	 41	 5	 3	 69	 3	 60	 3	 669	 173	 71	 50	 215	 5	 3	 69	 3	 5	 3	 1012	 3	 58	
15	 245	 1	 6	 2085	 16	 61	 47	 1131	 2102	 87	 18	 28	 803	 4	 51	 238	 38	 8	 220	 6	 169	 5	 3	 3	 1012	 3	 3	 242	 1097	 52	 1450	 177	 200	 83	 790	 379	 7	 12	 189	 9	 5	 3	 3	 234	 5	 3	 5	 3	 234	
40	 8	 37	 17	 80	 555	 1619	 82	 34	 185	 10	 14	 53	 8	 16	 32	 687	 19	 95	 31	 9	 290	 8	 48	 6	 44	 764	 15	 6	 117	 10	 12	 21	 10	 6	 41	 24	 67	 62	 137	 37	 359	 1	 140	 36	 327	 8	 6	 568	 10	
79	 711	 4	 6	 1334	 35	 4	 433	 72	 12	 31	 293	 36	 32	 739	 1	 7	 40	 12	 30	 81	 9	 1	 19	 127	 1	 40	 8	 57	 481	 48	 4	 194	 72	 8	 887	 4	 68	 5	 3	 535	 223	 5	 3	 0	 0	 0	 0	 0	 0	
93	 42	 87	 18	 16	 32	 231	 19	 17	 249	 207	 1	 7	 1	 875	 67	 6	 345	 25	 6	 150	 36	 32	 10	 6	 804	 56	 188	 5	 3	 3	 1182	 16	 391	 34	 3	 3	 5	 3	 3	 3	 1578	 5	 3	 1007	 10	 1012	 5	 3	 0	
8	 58	 68	 95	 1921	 10	 6	 889	 1076	 169	 78	 7	 247	 8	 19	 185	 10	 14	 78	 11	 2848	 203	 203	 5	 3	 3	 5	 3	 3	 3	 5	 3	 3	 33	 68	 5	 3	 3	 2396	 3	 3	 3	 3	 5	 3	 3	 55	 3	 3	 3	
13	 61	 16	 378	 490	 88	 9	 43	 12	 295	 7	 205	 1	 75	 38	 7	 160	 12	 1278	 7	 16	 32	 26	 248	 1392	 1	 19	 1650	 34	 31	 9	 5	 3	 3	 234	 5	 3	 3	 3	 3	 3	 3	 135	 5	 3	 3	 3	 3	 3	 3	
8	 36	 61	 32	 267	 4	 21	 6	 52	 63	 3	 35	 992	 24	 6	 1313	 927	 5	 3	 3	 1	 171	 413	 28	 6	 767	 10	 6	 55	 18	 8	 37	 499	 4	 210	 5	 3	 3	 207	 5	 3	 3	 3	 3	 5	 3	 3	 3	 3	 52	
46	 58	 61	 133	 39	 443	 14	 126	 5	 3	 482	 1309	 172	 105	 18	 6	 150	 808	 6	 254	 10	 6	 10	 14	 488	 1	 836	 947	 279	 482	 6	 2411	 482	 1	 7	 124	 14	 340	 41	 125	 2207	 4	 12	 635	 5	 3	 5	 3	 3	 3	
6	 50	 155	 8	 912	 100	 3782	 36	 104	 9	 43	 2966	 12	 131	 59	 7	 2438	 4	 607	 12	 65	 5	 3	 3	 5	 3	 3	 3	 1	 58	 25	 162	 443	 111	 488	 5	 3	 3	 2132	 3	 515	 5	 3	 0	 0	 0	 0	 0	 0	 0	
3279	 733	 8	 48	 6	 558	 4	 238	 2884	 15	 14	 131	 346	 5	 3	 3	 656	 60	 3	 850	 1	 2061	 486	 1	 2061	 346	 1421	 7	 471	 260	 8	 48	 2347	 6	 35	 5	 3	 3	 3	 3	 3	 1927	 8	 5	 3	 3	 5	 3	 3	 3	
281	 10	 14	 569	 526	 36	 21	 23	 9	 15	 317	 20	 478	 7	 418	 5	 3	 3	 198	 191	 650	 24	 6	 766	 28	 1292	 15	 760	 56	 5	 3	 3	 2031	 26	 93	 10	 6	 103	 7	 805	 10	 6	 52	 5	 3	 3	 3	 2329	 5	 3	
17	 122	 28	 17	 426	 49	 537	 231	 24	 6	 80	 56	 114	 4	 757	 6	 455	 56	 7	 184	 840	 172	 5	 3	 3	 102	 5	 3	 3	 102	 5	 3	 3	 2424	 3	 379	 5	 3	 3	 3	 3	 3	 3	 5	 3	 3	 3	 3	 3	 1807	
8	 7	 837	 150	 81	 73	 34	 74	 5	 3	 3	 3	 3	 3	 3	 1137	 1	 1072	 1	 4658	 12	 257	 9	 20	 442	 4	 6	 9	 13	 51	 5	 3	 234	 3	 3	 3	 3	 3	 1185	 3	 135	 5	 3	 3	 3878	 207	 3	 234	 3	 28	
13	 4180	 34	 798	 19	 6	 1385	 1	 629	 1	 11	 1287	 10	 42	 68	 5	 3	 3	 1012	 3	 103	 5	 3	 768	 1100	 1475	 5	 3	 3	 1012	 3	 1794	 3	 5	 3	 5	 3	 3	 3	 3	 3	 3	 5	 3	 3	 5	 3	 3	 28	 5	
13	 36	 152	 12	 131	 59	 15	 101	 4	 1162	 17	 108	 19	 12	 108	 7	 8	 37	 25	 158	 4	 57	 15	 340	 19	 6	 52	 1	 42	 26	 1455	 306	 4	 6	 207	 10	 2757	 1	 7	 4	 389	 1266	 10	 441	 5	 3	 3	 3	 5	 3	
110	 797	 153	 63	 3	 1	 17	 1204	 1	 453	 10	 6	 52	 1	 70	 464	 156	 4	 225	 6	 1729	 7	 297	 266	 24	 6	 45	 76	 121	 154	 1627	 376	 6	 173	 5	 3	 3	 3	 3	 173	 5	 3	 3	 5	 3	 3	 3	 5	 3	 3	
72	 4	 193	 10	 380	 6	 3025	 1768	 11	 6	 30	 76	 56	 52	 3	 3	 29	 2476	 71	 69	 27	 22	 71	 135	 69	 29	 217	 222	 27	 27	 3	 3	 3	 5	 3	 3	 3	 3	 1812	 5	 3	 3	 3	 3	 11	 5	 3	 3	 3	 3	
13	 51	 12	 31	 9	 15	 101	 4	 350	 275	 12	 295	 5	 3	 3	 150	 2374	 26	 313	 26	 3302	 24	 100	 23	 41	 5	 3	 3	 350	 857	 5	 3	 3	 3	 3	 3	 3	 5	 3	 3	 3	 3	 3	 3	 5	 3	 3	 3	 3	 3	
833	 6	 209	 10	 43	 1608	 130	 8	 194	 6	 1373	 7	 652	 87	 28	 61	 86	 22	 6	 41	 1	 443	 83	 896	 7	 1418	 12	 295	 5	 3	 3534	 1012	 19	 73	 3364	 56	 188	 5	 3	 3	 102	 3	 102	 5	 3	 3	 3	 3	 3	 3	
13	 36	 344	 18	 8	 48	 17	 930	 1	 7	 16	 247	 8	 4	 59	 15	 6	 448	 12	 89	 9	 11	 6	 545	 5	 3	 11	 260	 8	 339	 4	 21	 17	 1543	 145	 212	 5	 3	 3	 3	 3	 28	 3	 3	 3	 3	 1	 5	 3	 3	
337	 22	 6	 55	 8	 113	 70	 1759	 4	 6	 1285	 1	 12	 2698	 4	 959	 12	 533	 4138	 1	 509	 5	 3	 3	 3	 5	 3	 3	 1314	 5	 3	 3	 3	 3	 1403	 19	 12	 764	 296	 5	 3	 3	 3	 3	 3	 3	 5	 3	 3	 3	
4	 557	 7	 201	 6	 41	 7	 6	 92	 3	 1055	 60	 3	 3	 3	 150	 52	 1	 42	 26	 6	 200	 446	 60	 868	 70	 101	 11	 52	 441	 315	 60	 11	 82	 6	 50	 135	 349	 27	 60	 3	 3	 1094	 5	 3	 1716	 3	 5	 3	 3	
4	 32	 110	 168	 535	 11	 146	 19	 928	 24	 45	 66	 73	 34	 74	 15	 6	 330	 18	 2104	 1	 431	 1	 10	 2209	 3	 1	 691	 58	 258	 1	 75	 160	 646	 1	 188	 2303	 2808	 11	 111	 704	 11	 97	 146	 24	 99	 145	 5	 3	 370	
13	 16	 47	 12	 9	 4	 14	 636	 11	 45	 66	 18	 47	 39	 20	 35	 11	 407	 394	 16	 239	 8	 42	 26	 134	 8	 48	 687	 39	 4	 85	 5	 3	 3	 3	 3	 295	 3	 3	 3	 3	 3	 3	 3	 3	 3	 3	 3	 392	 5	
8	 16	 439	 107	 11	 224	 6	 1936	 707	 145	 657	 279	 433	 125	 43	 6	 178	 63	 3	 669	 103	 657	 63	 3	 709	 29	 71	 1572	 7	 35	 86	 733	 49	 159	 7	 2682	 27	 5	 3	 35	 125	 5	 71	 35	 35	 69	 220	 6	 169	 97	
9	 714	 309	 38	 17	 249	 4122	 1	 2340	 1100	 4	 6	 3958	 10	 34	 310	 45	 66	 3	 3	 3	 631	 202	 5	 3	 3	 5	 3	 81	 5	 3	 3	 126	 3	 1137	 5	 3	 3	 81	 1141	 5	 3	 5	 3	 3	 173	 568	 5	 3	 3	
4	 891	 1	 68	 7	 941	 12	 33	 5	 3	 11	 3	 627	 1084	 60	 3	 11	 3	 3573	 3605	 5	 3	 3	 3	 3	 3	 3	 3	 3	 3	 3	 5	 3	 3	 3	 3	 3	 3	 3	 3	 3	 3	 3	 3	 3	 3	 3	 3	 3	 3	
578	 13	 269	 4	 32	 738	 1400	 6	 41	 1	 13	 37	 25	 15	 6	 405	 198	 46	 7	 302	 519	 412	 4	 23	 55	 11	 84	 35	 5	 3	 3	 3	 223	 5	 3	 3	 3300	 33	 175	 5	 3	 3	 3	 3	 2396	 543	 19	 6	 26	 191	
4253	 850	 1046	 397	 36	 21	 249	 1457	 10	 103	 2266	 3	 3	 5	 3	 3	 3	 3	 150	 3	 5	 3	 3	 3	 3	 3	 3	 3	 5	 3	 3	 3	 5	 3	 3	 5	 3	 5	 3	 3	 3	 3	 3	 5	 3	 3	 3	 5	 3	 1	
13	 483	 8	 4	 224	 23	 33	 44	 10	 34	 42	 45	 76	 50	 41	 56	 377	 4	 275	 111	 174	 7	 14	 21	 10	 12	 9	 4	 328	 182	 22	 30	 53	 5	 3	 3	 53	 5	 3	 3	 122	 5	 3	 3	 242	 169	 5	 3	 3	 3	
176	 1	 23	 316	 1924	 121	 194	 906	 232	 15	 83	 906	 1193	 5	 3	 3	 3286	 1	 906	 1609	 232	 5	 3	 3	 1786	 19	 906	 1109	 5	 3	 3	 27	 3	 5	 3	 3	 3	 619	 5	 3	 3	 511	 3	 765	 295	 5	 3	 3	 3	 1190	
58	 372	 549	 287	 444	 91	 4	 287	 12	 46	 5	 3	 3	 122	 289	 5	 3	 191	 138	 24	 12	 91	 5	 3	 59	 181	 60	 550	 6	 407	 55	 78	 19	 434	 9	 5	 3	 3	 122	 289	 60	 3	 3	 289	 289	 1708	 5	 3	 3	 3	
434	 1	 14	 33	 44	 1179	 6	 177	 13	 21	 4	 1127	 3407	 29	 637	 35	 27	 1	 140	 21	 23	 9	 20	 30	 9	 8	 508	 4	 54	 13	 433	 125	 43	 72	 13	 51	 64	 5	 3	 3	 102	 1	 67	 13	 58	 57	 105	 5	 3	 2780	
8	 16	 193	 38	 95	 256	 397	 46	 18	 133	 156	 22	 12	 661	 189	 5	 3	 135	 5	 3	 135	 5	 3	 3	 864	 845	 232	 7	 5	 3	 3	 3	 55	 19	 136	 78	 5	 3	 3	 1012	 3	 3	 754	 35	 279	 18	 37	 238	 560	 237	
13	 16	 1	 176	 1	 32	 94	 24	 62	 177	 82	 21	 10	 46	 1	 50	 215	 7	 302	 177	 75	 420	 46	 5	 3	 133	 664	 217	 22	 5	 3	 3	 135	 3	 3	 1012	 3	 29	 50	 27	 364	 5	 3	 3	 364	 5	 3	 3	 1148	 5	
13	 239	 8	 1036	 4	 277	 17	 261	 11	 52	 15	 101	 4	 479	 6	 277	 10	 110	 10	 14	 92	 11	 35	 5	 3	 3	 3	 3	 3	 3	 3	 3	 3	 3	 3	 3	 3	 3	 3	 3	 3	 691	 3	 5	 3	 3	 3	 3	 3	 3	
40	 8	 57	 25	 385	 17	 33	 44	 1	 8	 164	 107	 7	 100	 6	 50	 41	 5	 3	 3	 3	 3	 33	 44	 5	 3	 3	 1023	 5	 3	 3	 33	 44	 5	 3	 3	 1023	 191	 650	 5	 3	 3	 33	 44	 5	 3	 3	 3	 691	 135	
33	 230	 63	 13	 36	 25	 32	 267	 4	 985	 15	 14	 168	 387	 1	 875	 466	 12	 202	 11	 30	 202	 9	 5	 3	 3	 3	 185	 10	 14	 1585	 20	 97	 5	 3	 234	 1	 67	 37	 248	 10	 606	 12	 81	 5	 3	 3	 2329	 5	 3	
245	 1	 110	 16	 315	 4	 3206	 95	 35	 4	 95	 136	 129	 203	 11	 960	 5	 3	 3	 486	 1	 67	 16	 32	 17	 87	 10	 232	 4	 8	 27	 5	 3	 3	 3	 3	 3	 3	 3	 611	 5	 3	 3	 3	 3	 3	 3	 49	 145	 173	
13	 16	 180	 11	 998	 4	 23	 33	 44	 1	 13	 36	 225	 17	 175	 22	 23	 50	 41	 1	 140	 62	 137	 36	 808	 15	 662	 448	 466	 1271	 10	 42	 554	 1	 361	 26	 162	 1505	 160	 175	 5	 3	 452	 5	 3	 3	 3	 3	 5	 3	
140	 13	 58	 25	 620	 6	 33	 84	 103	 11	 9	 20	 2870	 1	 140	 13	 58	 25	 620	 6	 103	 10	 6	 9	 8	 262	 4	 39	 5	 3	 3	 803	 4	 1810	 18	 6	 103	 10	 12	 33	 28	 631	 5	 3	 3	 5	 3	 417	 464	 8	
226	 18	 1327	 10	 171	 8	 139	 4	 21	 18	 49	 8	 47	 4	 837	 82	 14	 55	 1	 14	 281	 37	 238	 94	 7	 86	 24	 30	 2037	 45	 66	 220	 6	 169	 10	 6	 157	 18	 62	 1020	 10	 78	 5	 3	 3	 1012	 3	 3	 5	 3	
337	 13	 1341	 4	 120	 12	 743	 9	 1	 148	 31	 9	 28	 94	 24	 1	 19	 127	 100	 14	 55	 1811	 5	 3	 147	 1026	 81	 9	 5	 3	 135	 59	 5	 3	 1035	 10	 130	 945	 27	 1	 7	 47	 150	 35	 18	 28	 94	 38	 14	 150	
