157	 337	 403	 87	 144	 1199	 212	 3	 4	 14	 3	 118	 1064	 11	 242	 470	 5	 3	 3	 10	 2454	 2504	 3	 5	 3	 1040	 3	 242	 968	 3	 3	 3	 1156	 182	 8	 48	 500	 5	 3	 3	 3	 84	 3	 5	 3	 3	 3	 3	 1554	 69	
23	 28	 1512	 105	 19	 1504	 96	 1	 42	 26	 1233	 1616	 1811	 1	 2736	 22	 6	 52	 5	 3	 1814	 150	 2374	 29	 145	 27	 297	 5	 3	 3	 3	 3	 1066	 5	 3	 3	 3	 3	 1012	 3	 3	 3	 1319	 5	 3	 3	 3	 5	 3	 3	
13	 16	 21	 12	 161	 9	 15	 101	 4	 3646	 14	 896	 182	 1	 741	 110	 10	 14	 41	 56	 118	 1032	 5	 3	 3	 379	 5	 3	 3	 135	 135	 5	 3	 3	 33	 734	 5	 3	 3	 169	 3	 989	 39	 4	 201	 12	 635	 211	 5	 3	
8	 36	 61	 32	 687	 4	 104	 65	 219	 38	 39	 1	 42	 26	 343	 1584	 1	 7	 104	 381	 612	 38	 39	 1	 25	 684	 367	 5	 3	 3	 279	 3	 3	 1	 691	 5	 3	 3	 3	 3	 3	 5	 3	 3	 5	 3	 5	 3	 5	 3	
8	 164	 755	 4	 6	 1284	 417	 572	 18	 37	 86	 4	 504	 12	 678	 19	 8	 5	 3	 3	 1614	 1614	 192	 1	 7	 8	 58	 200	 5	 3	 3	 5	 3	 3	 3	 3	 511	 989	 8	 4	 458	 15	 5	 3	 3	 205	 171	 280	 19	 12	
13	 16	 1	 15	 14	 715	 746	 1	 363	 42	 322	 4	 47	 103	 1	 1248	 805	 7	 6	 33	 10	 14	 77	 7	 83	 28	 2999	 138	 5	 3	 3	 28	 6	 785	 19	 1	 21	 5	 3	 3	 3	 65	 5	 3	 3	 3	 5	 3	 3	 3	
606	 12	 31	 9	 3	 3	 3	 3	 3	 3	 353	 49	 28	 94	 24	 39	 5	 3	 1026	 33	 3	 515	 1108	 20	 12	 3	 3	 721	 29	 71	 49	 28	 686	 24	 39	 5	 69	 3	 69	 27	 5	 3	 3	 3	 3	 55	 5	 3	 3	 3	
13	 210	 1545	 103	 427	 4	 120	 6	 31	 9	 13	 956	 43	 8	 7	 13	 16	 51	 38	 30	 258	 7	 13	 58	 25	 620	 111	 1989	 103	 5	 3	 427	 5	 3	 3	 2196	 17	 244	 5	 3	 244	 5	 3	 341	 390	 5	 3	 3	 1012	 5	
1401	 49	 159	 369	 7	 49	 159	 3	 49	 3	 3	 3	 3	 3	 3	 3	 3	 675	 675	 3	 2458	 107	 2601	 22	 6	 2028	 195	 217	 1449	 49	 1	 667	 98	 1	 173	 56	 386	 46	 5	 3	 234	 3	 3	 669	 50	 145	 135	 5	 3	 234	
361	 26	 116	 24	 8	 11	 336	 1493	 73	 1595	 1	 11	 82	 12	 2417	 10	 12	 556	 40	 8	 354	 18	 12	 9	 28	 731	 4	 32	 228	 20	 6	 1677	 10	 12	 55	 11	 21	 156	 5	 3	 3	 3	 3	 192	 1	 23	 33	 44	 352	 25	
792	 27	 206	 750	 121	 112	 17	 315	 4	 108	 54	 17	 351	 11	 173	 154	 17	 1090	 48	 25	 11	 132	 42	 351	 5	 3	 0	 0	 0	 0	 0	 0	 0	 0	 0	 0	 0	 0	 0	 0	 0	 0	 0	 0	 0	 0	 0	 0	 0	 0	
3	 1	 7	 123	 3	 3	 1	 1	 75	 6	 168	 5	 3	 3	 3	 3	 3	 3	 3	 3	 3	 3	 3	 3	 3	 329	 3	 106	 233	 5	 3	 1007	 1472	 1012	 3	 154	 148	 209	 4	 68	 1	 225	 7	 2435	 6	 525	 9	 75	 9	 5	
13	 36	 326	 8	 10	 381	 241	 1	 7	 13	 36	 963	 12	 202	 73	 29	 1251	 73	 27	 1	 24	 288	 128	 24	 1198	 73	 29	 4420	 27	 11	 279	 29	 802	 27	 17	 539	 1627	 11	 2373	 390	 116	 4	 39	 5	 27	 5	 3	 3	 3	 3	
148	 185	 106	 6	 213	 10	 233	 164	 47	 1075	 11	 973	 9	 22	 23	 55	 5	 3	 947	 1037	 5	 3	 3	 2132	 697	 10	 213	 5	 3	 3	 3	 11	 170	 1524	 5	 3	 3	 5	 3	 3	 5	 3	 3	 5	 3	 1	 5	 3	 5	 3	
23	 345	 465	 4	 93	 10	 14	 35	 5	 3	 10	 1956	 38	 6	 33	 10	 14	 174	 5	 3	 3	 2329	 10	 174	 4	 14	 50	 53	 5	 3	 3	 102	 10	 397	 7	 6	 50	 41	 5	 3	 3	 1472	 370	 5	 3	 3	 3	 3	 3	 3	
21	 10	 12	 9	 24	 141	 950	 7	 270	 22	 30	 960	 3	 2722	 10	 50	 53	 11	 6	 652	 908	 16	 47	 156	 22	 83	 53	 22	 6	 35	 18	 37	 116	 24	 156	 5	 3	 5	 3	 3	 3	 1156	 87	 5	 3	 3	 3	 3	 41	 3	
289	 19	 127	 23	 58	 32	 598	 4	 12	 91	 54	 8	 494	 21	 6	 45	 76	 56	 3481	 18	 1740	 8	 6	 492	 22	 72	 42	 46	 36	 32	 1085	 5	 3	 3	 3	 3	 55	 669	 5	 3	 5	 3	 3	 3	 3	 78	 5	 3	 3	 3	
13	 152	 12	 31	 49	 22	 678	 18	 396	 32	 359	 146	 4	 8	 5	 3	 3	 33	 44	 1	 1309	 12	 31	 49	 1000	 7	 479	 5	 3	 3	 2329	 84	 5	 3	 0	 0	 0	 0	 0	 0	 0	 0	 0	 0	 0	 0	 0	 0	 0	 0	
8	 16	 32	 687	 4	 47	 95	 31	 9	 42	 26	 12	 98	 7	 65	 59	 5	 3	 3	 3	 1294	 1100	 410	 143	 4	 113	 8	 17	 95	 1035	 11	 58	 113	 422	 167	 4	 39	 54	 8	 37	 70	 475	 288	 102	 5	 3	 3	 3	 3	 3	
8	 16	 449	 38	 14	 52	 312	 73	 34	 74	 24	 134	 137	 5	 3	 3	 81	 5	 3	 568	 3	 5	 3	 3	 178	 307	 5	 3	 3	 1016	 1016	 59	 5	 3	 3	 3	 3	 173	 3	 3710	 5	 3	 3	 3	 5	 3	 3	 5	 3	 3	
13	 36	 326	 8	 10	 1625	 510	 1	 1636	 175	 22	 6	 55	 128	 3	 358	 10	 137	 24	 65	 5	 3	 3	 3	 3300	 3	 3	 223	 452	 59	 1	 7	 71	 69	 5	 3	 3	 3	 3	 5	 3	 3	 3	 3	 3	 3	 5	 3	 3	 3	
22	 723	 135	 1	 6	 767	 36	 849	 8	 4	 113	 6	 219	 18	 13	 113	 4	 8	 1	 391	 492	 18	 37	 15	 1655	 40	 8	 107	 70	 822	 56	 55	 5	 3	 3	 3	 2616	 5	 3	 3	 5	 3	 3	 3	 3	 135	 3	 135	 3	 648	
13	 61	 21	 9	 18	 2061	 893	 8	 7	 16	 32	 2224	 4	 70	 65	 59	 20	 30	 525	 9	 94	 38	 30	 77	 11	 4	 6	 141	 5	 3	 3	 3	 3	 3	 3	 3	 3	 3	 3	 3	 3	 3	 7	 5	 3	 3	 3	 3	 3	 3	
9	 297	 20	 45	 76	 179	 192	 3	 3	 3	 1180	 3	 169	 97	 3	 3	 3	 5	 3	 3	 3	 3	 3	 3	 289	 3	 1137	 691	 111	 704	 7	 270	 63	 3	 394	 3000	 3108	 173	 112	 25	 1016	 6	 21	 10	 6	 78	 7	 6	 30	 192	
13	 2117	 718	 4	 2352	 83	 190	 4	 57	 105	 5	 3	 5	 3	 3	 1	 70	 417	 1	 3271	 1	 933	 5	 3	 1	 933	 3	 1	 611	 5	 3	 1	 940	 5	 3	 5	 3	 3	 1	 1503	 5	 3	 3	 5	 3	 5	 3	 3	 3	 3	
1626	 192	 842	 6	 209	 4	 113	 77	 70	 524	 1075	 1481	 4	 11	 40	 21	 1075	 601	 65	 250	 3307	 22	 6	 3241	 15	 6	 2333	 398	 17	 1163	 11	 323	 600	 6	 41	 11	 6	 28	 981	 24	 6	 981	 274	 894	 38	 6	 1211	 981	 80	 5	
2099	 4	 348	 15	 445	 227	 3	 3	 652	 22	 185	 10	 6	 78	 3	 3	 3	 1	 67	 28	 1079	 476	 3094	 4	 283	 416	 38	 6	 1445	 1	 6	 1445	 56	 84	 896	 5	 3	 3	 3	 3	 3	 3	 3	 3	 3	 3	 3	 3	 3	 3	
19	 125	 9	 43	 72	 13	 21	 6	 9	 13	 956	 5	 3	 3	 3	 3	 3	 3	 3	 1105	 4	 8	 227	 79	 217	 222	 5	 3	 1012	 3	 3	 227	 7	 946	 754	 227	 393	 531	 227	 3	 393	 5	 3	 3	 3	 357	 5	 3	 3	 5	
1553	 198	 6	 9	 116	 19	 42	 96	 5	 3	 3	 102	 3	 3	 3	 3	 3	 1	 1	 1	 1	 1	 5	 3	 1180	 5	 3	 234	 10	 6	 5	 3	 81	 295	 3	 3	 3	 3	 3	 3	 3	 173	 3	 1473	 1034	 55	 10	 1076	 5	 3	
333	 100	 62	 894	 1	 12	 657	 15	 6	 1204	 58	 153	 5	 3	 3	 268	 3	 268	 1	 7	 6	 33	 10	 49	 22	 12	 395	 4	 6	 41	 29	 75	 87	 254	 280	 4	 12	 114	 5	 3	 0	 0	 0	 0	 0	 0	 0	 0	 0	 0	
31	 9	 13	 51	 3	 3	 3	 268	 3	 1	 3	 1	 7	 15	 14	 920	 15	 920	 11	 948	 3863	 18	 16	 32	 146	 19	 39	 5	 3	 1	 154	 103	 1023	 5	 3	 102	 631	 5	 3	 5	 3	 3	 3	 1100	 3	 982	 5	 3	 3	 5	
107	 14	 55	 7	 47	 39	 20	 12	 139	 5	 3	 205	 19	 865	 73	 6	 508	 39	 10	 34	 180	 5	 3	 3	 3	 3	 3	 33	 175	 5	 3	 1066	 126	 3	 5	 3	 3	 3	 5	 3	 3	 3	 5	 3	 3	 5	 3	 3	 3	 3	
13	 36	 504	 31	 9	 26	 705	 26	 64	 28	 181	 4	 885	 6	 848	 67	 8	 48	 116	 39	 4	 152	 6	 261	 1	 7	 4	 597	 261	 11	 52	 346	 5	 3	 3	 5	 3	 3	 3	 3	 5	 3	 3	 3	 3	 5	 3	 3	 3	 3	
8	 16	 143	 4	 262	 9	 43	 72	 13	 16	 32	 86	 22	 23	 41	 7	 1	 15	 67	 552	 13	 36	 32	 267	 4	 21	 6	 31	 9	 13	 51	 965	 20	 23	 33	 44	 5	 3	 3	 3300	 3	 5	 3	 3	 3	 3	 3	 5	 3	 3	
6	 103	 10	 12	 31	 9	 28	 505	 4	 39	 5	 3	 3	 33	 962	 1	 560	 34	 81	 106	 67	 8	 48	 34	 180	 15	 14	 634	 131	 167	 5	 3	 3	 3	 3	 544	 5	 3	 3	 3	 3	 135	 5	 3	 3	 691	 3	 5	 3	 3	
40	 8	 903	 93	 46	 1	 8	 16	 25	 32	 267	 4	 21	 93	 1192	 10	 6	 149	 10	 93	 41	 11	 35	 18	 363	 8	 4	 755	 7	 87	 1	 836	 4	 6	 184	 794	 73	 1611	 5	 3	 3	 364	 908	 5	 3	 3	 78	 803	 19	 12	
72	 28	 12	 161	 59	 28	 436	 86	 1	 6	 9	 8	 47	 3	 7	 12	 343	 412	 20	 12	 9	 5	 3	 3	 102	 3	 102	 1	 234	 7	 234	 10	 12	 3	 101	 7	 1026	 12	 118	 1300	 7	 12	 21	 60	 7	 3	 775	 5	 3	 3	
376	 12	 773	 26	 158	 24	 14	 80	 1	 13	 247	 8	 4	 152	 7	 85	 12	 98	 1	 65	 59	 7	 30	 31	 9	 43	 12	 205	 5	 3	 3	 947	 52	 3	 1614	 192	 35	 171	 14	 77	 58	 283	 1	 7	 902	 8	 780	 2634	 5	 3	
6	 9	 142	 10	 134	 53	 18	 51	 284	 31	 49	 28	 26	 981	 1104	 5	 3	 3	 3	 33	 44	 5	 3	 3	 33	 44	 5	 3	 3	 1012	 3	 3	 1033	 242	 169	 41	 5	 3	 3	 3	 3300	 41	 67	 28	 1478	 5	 3	 3	 3	 3	
8	 164	 711	 4	 3782	 103	 1141	 1	 67	 36	 32	 745	 54	 8	 16	 2435	 12	 2122	 81	 7	 12	 80	 189	 9	 5	 3	 234	 5	 3	 3	 3	 3	 3	 5	 3	 5	 3	 3	 3	 5	 3	 3	 5	 3	 3	 5	 3	 3	 5	 3	
17	 50	 997	 28	 3500	 26	 17	 248	 10	 17	 50	 135	 1442	 17	 426	 346	 58	 557	 6	 377	 22	 17	 80	 56	 135	 7	 6	 377	 1013	 6	 767	 10	 111	 77	 145	 5	 3	 3	 135	 5	 3	 0	 0	 0	 0	 0	 0	 0	 0	 0	
3025	 49	 907	 37	 86	 4	 148	 577	 90	 88	 7	 8	 164	 283	 18	 9	 26	 452	 5	 3	 5	 3	 3	 207	 434	 910	 5	 3	 3	 3	 452	 33	 295	 5	 3	 3	 109	 5	 3	 74	 5	 3	 3	 3	 3	 3	 55	 5	 3	 3	
17	 302	 947	 49	 282	 335	 7	 33	 142	 10	 6	 688	 4141	 37	 10	 522	 10	 535	 16	 32	 1148	 1033	 520	 5	 3	 3	 753	 18	 58	 162	 32	 94	 22	 14	 1031	 5	 3	 3	 3	 3	 3300	 10	 14	 55	 5	 3	 3	 2329	 5	 3	
6	 49	 282	 1480	 3	 7	 6	 498	 7	 33	 335	 191	 650	 15	 110	 10	 46	 191	 7	 197	 5	 3	 3	 2646	 24	 6	 633	 813	 150	 476	 7	 1076	 15	 17	 393	 531	 346	 5	 3	 669	 50	 5	 3	 3	 1815	 5	 3	 3	 3	 3	
6	 21	 10	 46	 24	 14	 52	 144	 7	 165	 25	 57	 25	 51	 1087	 1	 82	 46	 11	 50	 215	 28	 23	 15	 12	 114	 54	 8	 113	 39	 70	 65	 5	 3	 3	 3	 11	 8	 58	 57	 105	 5	 3	 3	 3	 2143	 5	 3	 611	 1	
411	 9	 1	 42	 26	 213	 1	 673	 1	 7	 249	 411	 49	 29	 880	 97	 27	 38	 30	 78	 18	 186	 8	 4	 854	 22	 6	 286	 55	 5	 3	 3	 1496	 123	 279	 3124	 5	 3	 1012	 3	 3	 3	 925	 812	 5	 3	 3	 896	 5	 3	
6	 1253	 28	 17	 3924	 10	 84	 126	 1032	 84	 5	 3	 406	 629	 10	 173	 56	 1060	 4	 21	 235	 1638	 991	 29	 676	 27	 5	 3	 289	 845	 676	 853	 5	 3	 5	 3	 3	 1812	 5	 3	 3	 5	 3	 3	 286	 10	 6	 1211	 5	 3	
148	 927	 10	 629	 324	 6	 118	 1	 11	 927	 10	 422	 506	 1	 28	 1148	 1033	 235	 1	 176	 5	 3	 5	 3	 3	 3	 5	 3	 3	 3	 3	 3	 5	 3	 3	 3	 3	 3	 3	 5	 3	 3	 5	 3	 3	 3	 1769	 993	 1066	 5	
13	 16	 607	 14	 33	 44	 1222	 8	 437	 12	 1454	 81	 20	 17	 340	 81	 5	 3	 3	 3	 52	 1314	 5	 3	 341	 203	 5	 3	 234	 3	 5	 3	 3	 3	 5	 3	 3	 3	 3	 3	 3	 3	 3	 176	 36	 32	 1051	 73	 14	 123	
9	 8	 47	 22	 14	 55	 3	 3	 3	 3	 3	 22	 12	 129	 5	 3	 3	 3	 3	 3	 3	 3	 3	 268	 1293	 268	 397	 46	 26	 204	 15	 23	 33	 223	 5	 3	 3	 192	 3	 3	 3	 3	 3	 3	 3	 3	 3	 3	 3	 3	
4	 47	 8	 20	 6	 92	 1	 35	 1	 7	 299	 241	 146	 82	 14	 35	 60	 3	 3	 49	 3	 268	 3	 268	 610	 1	 50	 215	 1	 790	 379	 11	 65	 59	 7	 234	 10	 796	 11	 30	 441	 5	 3	 27	 3	 5	 3	 80	 87	 5	
19	 1190	 10	 581	 1385	 3410	 5	 3	 3	 3	 1124	 4	 199	 125	 9	 3	 5	 3	 3	 3	 3	 3	 3	 3	 3	 3	 3	 3	 3	 3	 3	 3	 3	 3	 3	 3	 3	 3	 3	 3	 3	 3	 3	 3	 3	 3	 3	 3	 3	 3	
20	 2673	 3011	 99	 63	 2673	 3011	 7	 111	 704	 16	 85	 12	 90	 88	 9	 20	 3963	 2719	 1	 704	 1	 270	 7	 954	 5	 3	 3320	 10	 83	 92	 1	 35	 1	 7	 203	 5	 3	 3	 3320	 10	 150	 56	 346	 5	 3	 3	 1839	 35	 5	
9	 13	 51	 43	 8	 3	 16	 32	 94	 24	 17	 173	 18	 825	 39	 350	 882	 747	 4	 8	 18	 37	 871	 22	 12	 80	 211	 22	 6	 55	 1221	 5	 3	 3	 3	 3	 3	 4781	 5	 3	 3	 4781	 619	 10	 14	 41	 27	 5	 3	 3	
28	 106	 6	 1009	 3	 145	 665	 7	 15	 67	 8	 262	 6	 65	 33	 223	 29	 494	 1	 173	 1	 24	 178	 797	 27	 1	 7	 29	 6	 71	 193	 69	 27	 297	 5	 3	 3	 1890	 33	 44	 392	 5	 3	 3	 55	 3	 55	 3	 5	 3	
413	 28	 148	 1549	 19	 6	 80	 56	 864	 11	 4	 549	 125	 149	 10	 6	 78	 5	 3	 3	 5	 3	 3	 3	 3	 3	 3	 3	 5	 3	 3	 1814	 289	 50	 135	 5	 3	 3	 135	 5	 3	 3	 3	 3	 3	 3	 3	 3	 5	 3	
875	 22	 171	 8	 1328	 1	 13	 16	 239	 17	 790	 379	 8	 3273	 6	 77	 10	 6	 35	 18	 13	 239	 1108	 20	 30	 9	 146	 19	 281	 10	 42	 241	 5	 3	 3	 3	 3	 5	 3	 5	 3	 1349	 10	 14	 77	 5	 3	 234	 10	 12	
72	 37	 1005	 10	 31	 9	 29	 42	 26	 71	 118	 69	 27	 3	 29	 33	 27	 69	 3	 118	 103	 3	 3	 3	 3	 60	 46	 67	 37	 4098	 540	 8	 867	 70	 5	 3	 3	 577	 290	 148	 577	 290	 58	 186	 42	 4	 32	 283	 24	 237	
130	 320	 164	 372	 344	 43	 8	 7	 9	 43	 8	 3	 3	 3	 3	 3	 3	 3	 3	 3	 3	 3	 3	 3	 227	 3	 3	 3	 3	 3	 3	 227	 3	 3	 3	 3	 3	 3	 3	 3	 3	 3	 3	 3	 3	 3	 3	 3	 3	 3	
26	 20	 6	 1	 64	 8	 999	 12	 98	 4	 12	 81	 24	 311	 5	 3	 52	 3	 60	 3	 1	 70	 1100	 503	 52	 28	 359	 60	 7	 3	 5	 3	 5	 3	 3	 3	 5	 3	 5	 3	 5	 3	 3	 5	 3	 5	 3	 5	 3	 3	
176	 1	 13	 16	 712	 9	 18	 112	 481	 216	 43	 45	 66	 1	 42	 26	 6	 3755	 964	 517	 1710	 1416	 5	 3	 3	 1263	 480	 3	 841	 7	 841	 5	 3	 1979	 27	 5	 3	 3	 173	 197	 5	 3	 3	 691	 5	 3	 3	 3	 3	 173	
6	 1992	 18	 13	 212	 4	 6	 41	 7	 17	 55	 28	 25	 625	 19	 4	 32	 86	 24	 39	 19	 18	 30	 207	 7	 13	 36	 25	 609	 247	 19	 17	 818	 10	 6	 946	 5	 3	 3	 33	 346	 5	 3	 3	 1152	 534	 59	 5	 3	 5	
77	 58	 264	 138	 10	 6	 21	 10	 6	 1842	 122	 24	 403	 6	 256	 242	 7	 87	 169	 33	 44	 5	 3	 5	 3	 49	 282	 5	 3	 5	 3	 831	 173	 5	 3	 74	 5	 3	 3	 5	 3	 3	 5	 3	 3	 3	 5	 3	 3	 5	
6	 157	 1074	 4	 174	 37	 807	 24	 7	 82	 6	 41	 5	 3	 3	 289	 845	 495	 29	 5	 27	 3	 566	 24	 406	 126	 7	 28	 25	 86	 4	 184	 90	 88	 9	 94	 22	 6	 35	 5	 3	 173	 161	 5	 3	 3	 289	 5	 3	 3	
1800	 154	 61	 1292	 17	 168	 482	 279	 2546	 1770	 382	 6	 899	 393	 531	 1320	 26	 313	 26	 6	 91	 820	 6	 209	 1	 494	 145	 494	 108	 22	 6	 392	 359	 10	 6	 721	 10	 392	 10	 6	 721	 5	 3	 0	 0	 0	 0	 0	 0	 0	
4	 6	 672	 18	 6	 1313	 1541	 28	 221	 19	 12	 244	 1	 1268	 12	 244	 11	 33	 230	 5	 3	 3	 357	 7	 148	 81	 148	 189	 5	 3	 3	 3849	 5	 3	 1185	 1	 1	 1185	 1	 11	 1185	 5	 3	 3	 3	 5	 3	 3	 1185	 5	
62	 46	 37	 86	 4	 604	 172	 8	 48	 481	 8	 337	 8	 37	 22	 6	 41	 5	 3	 3	 3	 3	 3	 60	 3	 3	 803	 19	 297	 20	 6	 9	 787	 220	 12	 498	 667	 5	 3	 0	 0	 0	 0	 0	 0	 0	 0	 0	 0	 0	
15	 42	 461	 1	 13	 16	 2795	 11	 2627	 34	 170	 3618	 11	 209	 146	 4	 39	 5	 3	 5	 3	 3	 3	 150	 49	 103	 1	 7	 147	 692	 9	 38	 171	 8	 37	 555	 5	 3	 3	 1158	 543	 5	 3	 3	 717	 5	 3	 3	 3	 5	
518	 97	 84	 193	 334	 3	 3	 3	 3	 515	 3	 198	 50	 215	 63	 3	 182	 63	 3	 182	 807	 900	 29	 22	 6	 182	 807	 900	 807	 220	 11	 310	 6	 1034	 776	 27	 11	 48	 1049	 25	 4	 104	 34	 1658	 199	 5	 3	 3	 68	 5	
17	 656	 63	 8	 58	 285	 12	 31	 9	 73	 14	 55	 33	 223	 5	 3	 3	 1012	 3	 3	 2698	 10	 1399	 968	 5	 3	 1349	 10	 2759	 5	 3	 3	 2698	 3	 3	 3	 3	 52	 5	 3	 3	 33	 1480	 1	 406	 454	 5	 3	 3	 5	
728	 73	 1312	 233	 5	 3	 3	 3	 5	 3	 3	 5	 3	 3	 3	 3	 3	 5	 3	 1	 29	 1472	 27	 1	 1009	 3834	 5	 3	 279	 1216	 3	 1	 565	 446	 1185	 1	 1	 1	 5	 3	 5	 3	 3	 3	 3	 3	 3	 3	 721	 5	
50	 215	 58	 32	 845	 95	 1175	 10	 17	 50	 135	 5	 3	 426	 600	 50	 205	 7	 50	 155	 18	 58	 32	 1344	 19	 331	 96	 42	 26	 50	 215	 71	 50	 215	 69	 11	 1131	 1779	 15	 6	 343	 1893	 29	 42	 26	 61	 845	 630	 610	 27	
1	 3325	 3	 5	 3	 3	 3	 3	 3	 515	 515	 515	 515	 515	 515	 515	 515	 515	 3	 3	 515	 3	 515	 515	 3	 3	 3	 515	 3	 3	 3	 3	 3	 3	 3	 3	 3	 3	 3	 1034	 2636	 5	 3	 3	 3	 3	 3	 3	 3	 3	
23	 33	 223	 465	 109	 4	 9	 94	 82	 23	 50	 41	 5	 3	 135	 3	 112	 25	 1016	 70	 65	 59	 5	 3	 3	 33	 44	 452	 73	 6	 911	 10	 6	 472	 5	 3	 3	 3	 227	 3	 721	 3	 135	 3	 721	 3	 721	 3	 3	 3	
8	 1114	 25	 4	 104	 167	 38	 39	 18	 13	 58	 239	 8	 6	 558	 4	 449	 38	 62	 312	 5	 3	 3	 1	 771	 1	 673	 1	 261	 59	 1	 131	 59	 1	 6	 742	 81	 135	 11	 24	 1423	 17	 1184	 5	 3	 290	 6	 98	 5	 3	
