194	 6	 392	 10	 6	 9	 13	 728	 19	 110	 96	 10	 3041	 10	 6	 161	 250	 5	 3	 3	 33	 172	 7	 49	 171	 8	 48	 303	 228	 20	 34	 45	 76	 5	 3	 3	 3	 2720	 135	 5	 3	 3	 135	 3	 135	 3	 5	 3	 3	 3	
13	 16	 21	 6	 9	 8	 47	 4	 113	 70	 547	 11	 418	 11	 2489	 138	 6	 656	 1	 82	 14	 55	 1	 11	 100	 17	 45	 76	 55	 42	 26	 70	 747	 731	 195	 14	 55	 5	 3	 3	 3	 3	 630	 893	 135	 5	 3	 135	 5	 3	
34	 9	 8	 194	 22	 23	 55	 164	 32	 585	 54	 8	 107	 14	 78	 11	 82	 65	 5	 3	 1	 812	 1	 1110	 1	 447	 1	 447	 1	 65	 11	 30	 189	 135	 5	 3	 3	 33	 175	 1	 1072	 1	 548	 5	 3	 3	 5	 3	 3	 3	
19	 127	 1	 13	 36	 21	 12	 9	 4	 124	 181	 149	 18	 13	 354	 16	 32	 10	 232	 4	 8	 5	 3	 3	 681	 3	 3	 3	 3	 60	 1	 3	 1841	 1	 214	 886	 1	 2067	 60	 7	 3	 5	 3	 3	 5	 3	 3	 3	 3	 3	
940	 485	 22	 4638	 2387	 24	 29	 372	 3	 2805	 3	 29	 27	 5	 3	 3	 3	 3	 3	 3	 29	 14	 71	 164	 1459	 874	 69	 4	 39	 27	 5	 3	 3	 1769	 3	 1	 6	 1769	 56	 7	 145	 44	 1	 1826	 1769	 29	 14	 360	 444	 81	
4	 389	 35	 1	 42	 26	 1558	 1472	 1	 1558	 593	 11	 87	 146	 38	 179	 640	 53	 60	 3	 3	 2329	 60	 3	 35	 60	 34	 430	 8	 48	 1372	 82	 14	 35	 60	 12	 205	 22	 14	 55	 60	 3	 35	 16	 48	 94	 9	 60	 128	 3	
40	 8	 316	 200	 125	 9	 43	 23	 1060	 7	 4	 344	 12	 320	 43	 25	 881	 23	 9	 86	 24	 62	 99	 1	 431	 217	 22	 18	 10	 62	 46	 36	 32	 739	 371	 8	 287	 18	 9	 106	 6	 33	 223	 5	 3	 3	 3	 135	 5	 3	
214	 1600	 19	 331	 2997	 3	 3	 3	 3	 3	 28	 17	 102	 10	 17	 451	 263	 332	 42	 26	 6	 50	 135	 28	 367	 5	 3	 3	 3	 3	 3	 1638	 3	 1	 146	 1	 791	 26	 1437	 1293	 4	 70	 161	 59	 5	 3	 3	 3	 135	 59	
40	 8	 57	 481	 269	 12	 242	 2084	 1	 64	 28	 306	 4	 8	 4	 1209	 64	 16	 4	 1088	 22	 72	 6	 182	 807	 5	 3	 3	 0	 0	 0	 0	 0	 0	 0	 0	 0	 0	 0	 0	 0	 0	 0	 0	 0	 0	 0	 0	 0	 0	
23	 33	 44	 112	 25	 212	 4	 30	 78	 18	 37	 566	 24	 14	 78	 7	 1403	 6	 188	 10	 83	 190	 205	 5	 3	 3	 33	 142	 5	 3	 290	 233	 5	 3	 3	 3	 5	 3	 3	 3	 1034	 346	 5	 3	 3	 431	 3	 5	 3	 420	
202	 9	 26	 191	 650	 197	 5	 3	 3	 3	 3	 453	 28	 231	 22	 12	 129	 54	 8	 341	 376	 6	 81	 1	 7	 398	 12	 286	 189	 73	 12	 81	 5	 3	 3	 3	 3	 3	 3	 332	 5	 3	 3	 3	 3	 3	 3	 5	 3	 3	
1447	 23	 33	 44	 3	 3	 3	 3	 3	 3	 3	 3	 3	 3	 1137	 19	 64	 3	 1182	 109	 19	 214	 886	 514	 414	 414	 1194	 97	 5	 3	 3	 3	 3	 3	 3	 3	 3	 3	 3	 3	 3	 3	 3	 3	 3	 3	 3	 135	 3	 3	
430	 8	 1062	 4	 34	 168	 52	 5	 3	 3	 2698	 4	 1529	 752	 3	 5	 3	 3	 3	 3	 3	 1	 2319	 2016	 5	 3	 3	 3	 3	 3	 611	 10	 1535	 3	 70	 4	 2123	 5	 3	 3	 1100	 5	 3	 3	 3	 3	 3	 3	 3	 3	
8	 16	 25	 1486	 1	 260	 8	 48	 500	 1998	 155	 11	 87	 18	 8	 262	 4	 6	 50	 41	 160	 919	 947	 5	 3	 3	 2480	 234	 5	 3	 3	 3	 3	 3	 3	 3	 3	 3	 3	 5	 3	 3	 3	 3	 3	 3	 3	 3	 2636	 5	
40	 8	 316	 200	 4	 344	 125	 43	 46	 1	 79	 226	 18	 237	 755	 333	 898	 12	 11	 343	 4	 152	 6	 202	 9	 16	 32	 86	 5	 3	 3	 169	 52	 5	 3	 84	 850	 5	 3	 632	 5	 3	 3	 1496	 5	 3	 3	 3	 3	 5	
13	 36	 124	 62	 137	 180	 38	 74	 4	 74	 5	 3	 33	 175	 28	 452	 791	 5	 3	 452	 234	 40	 485	 5	 3	 3	 5	 3	 3	 431	 50	 5	 3	 3	 5	 3	 3	 5	 3	 3	 259	 5	 3	 3	 5	 3	 3	 1016	 135	 3	
13	 36	 504	 7	 21	 12	 31	 9	 19	 26	 705	 26	 181	 4	 325	 20	 14	 170	 848	 1	 879	 1039	 1	 7	 550	 14	 730	 5	 3	 3	 3	 33	 44	 5	 3	 3	 3	 5	 3	 3	 5	 3	 3	 3	 3	 2263	 5	 3	 3	 3	
13	 36	 326	 8	 10	 34	 416	 137	 4	 6	 452	 234	 10	 23	 33	 44	 26	 313	 26	 612	 10	 34	 137	 29	 67	 36	 1080	 12	 168	 9	 27	 5	 3	 3	 33	 175	 5	 3	 3	 3	 3	 3	 55	 41	 5	 3	 3	 3	 3	 3	
1522	 289	 224	 16	 191	 306	 70	 81	 84	 1247	 15	 17	 660	 15	 6	 582	 1247	 4	 47	 14	 174	 20	 6	 35	 8	 728	 54	 8	 937	 6	 52	 5	 3	 3	 274	 1202	 5	 3	 122	 611	 5	 3	 3	 122	 28	 845	 1842	 5	 3	 3	
17	 5	 1003	 1216	 3	 3	 1003	 1216	 3	 3	 3	 1068	 1617	 20	 6	 498	 721	 10	 1076	 56	 33	 7	 286	 183	 5	 3	 69	 3	 721	 3	 531	 3	 721	 3	 721	 721	 1	 721	 1	 1472	 22	 1230	 1293	 5	 3	 3	 286	 3	 721	 3	
21	 10	 12	 9	 24	 7	 28	 243	 4	 6	 33	 44	 10	 6	 55	 5	 3	 3	 3	 3	 3	 3	 3	 5	 3	 3	 3	 3	 3	 878	 7	 405	 1189	 52	 1	 75	 6	 331	 60	 7	 3	 3	 431	 33	 44	 1012	 41	 5	 3	 3	
21	 10	 14	 52	 464	 24	 8	 4	 458	 306	 19	 17	 286	 81	 5	 3	 3	 3	 3	 19	 14	 126	 219	 5	 3	 3	 3	 1097	 10	 232	 5	 3	 3	 1496	 3	 261	 5	 3	 364	 67	 36	 1091	 6	 656	 5	 3	 3	 5	 3	 3	
6	 1399	 38	 626	 38	 93	 514	 626	 7	 1329	 1951	 900	 6	 246	 10	 572	 119	 1013	 108	 5	 3	 290	 233	 227	 874	 61	 1	 71	 1609	 7	 130	 2353	 69	 22	 6	 2089	 532	 35	 11	 52	 5	 3	 3	 3	 3	 3	 1549	 5	 3	 5	
29	 79	 194	 6	 3041	 197	 22	 72	 49	 297	 278	 27	 5	 3	 33	 183	 3	 50	 464	 306	 4	 194	 83	 216	 33	 142	 5	 3	 3	 5	 3	 0	 0	 0	 0	 0	 0	 0	 0	 0	 0	 0	 0	 0	 0	 0	 0	 0	 0	 0	
13	 21	 31	 49	 19	 6	 178	 207	 3	 857	 1	 35	 1	 7	 292	 980	 680	 5	 3	 3	 2250	 3	 3480	 15	 229	 20	 14	 270	 29	 71	 2646	 69	 27	 1	 382	 6	 271	 298	 7	 23	 33	 44	 5	 3	 3	 3	 3300	 3	 278	 5	
2062	 4802	 1	 717	 36	 25	 32	 106	 6	 33	 665	 19	 151	 7	 284	 33	 151	 20	 6	 159	 10	 90	 88	 9	 5	 3	 3	 534	 954	 7	 352	 25	 32	 106	 34	 335	 10	 6	 21	 10	 6	 3329	 15	 111	 634	 5	 3	 3	 3	 5	
333	 8	 262	 34	 9	 4	 14	 84	 165	 1	 13	 36	 153	 859	 1	 419	 71	 49	 282	 69	 19	 12	 1538	 9	 5	 3	 3	 3	 2874	 268	 123	 207	 5	 3	 3	 3	 3	 3	 3	 3	 3300	 1012	 3	 5	 3	 3	 3	 3	 3	 3	
140	 13	 36	 148	 577	 57	 105	 8	 47	 6	 432	 581	 939	 11	 73	 6	 74	 8	 108	 9	 100	 12	 579	 59	 5	 3	 3	 261	 261	 52	 33	 44	 5	 3	 3	 452	 568	 5	 3	 3	 3	 5	 3	 3	 5	 3	 3	 452	 5	 3	
13	 61	 21	 1913	 4	 674	 445	 7	 274	 6	 795	 10	 14	 182	 4	 208	 5	 3	 3	 3	 63	 3	 778	 92	 7	 35	 5	 3	 3	 1012	 3	 3	 784	 19	 92	 7	 35	 5	 3	 3	 0	 0	 0	 0	 0	 0	 0	 0	 0	 0	
2094	 8	 19	 403	 63	 3	 1	 717	 5	 3	 3	 3	 3	 3	 41	 3	 192	 3	 29	 3003	 27	 1	 29	 565	 27	 329	 106	 1094	 279	 940	 279	 1369	 279	 3	 3	 1	 29	 647	 1	 71	 413	 5	 69	 3	 3	 3	 3	 1	 405	 1	
802	 27	 4	 152	 12	 101	 11	 2052	 12	 101	 11	 362	 20	 6	 239	 1	 12	 656	 1055	 7	 1	 443	 14	 123	 7	 6	 2060	 8	 108	 1	 11	 54	 8	 437	 342	 20	 342	 1	 7	 30	 205	 10	 6	 30	 5	 3	 3	 3	 3	 3	
89	 8	 20	 592	 892	 9	 238	 94	 404	 6	 202	 152	 5	 3	 3	 3	 3	 3	 3	 3	 3	 3	 3	 3	 1026	 659	 19	 21	 5	 3	 3	 3	 3	 3	 3	 3	 3	 3	 3	 3	 3	 3	 3	 3	 3	 135	 3	 3	 3	 691	
13	 36	 326	 8	 10	 1487	 15	 18	 12	 81	 36	 32	 1018	 38	 6	 2028	 38	 67	 8	 37	 1359	 5	 3	 5	 3	 1769	 7	 150	 955	 5	 3	 3	 0	 0	 0	 0	 0	 0	 0	 0	 0	 0	 0	 0	 0	 0	 0	 0	 0	 0	
1829	 1	 624	 446	 2203	 3	 3	 634	 884	 146	 60	 1981	 37	 1978	 7	 390	 73	 67	 6	 118	 60	 11	 3	 3	 114	 165	 60	 6	 0	 0	 0	 0	 0	 0	 0	 0	 0	 0	 0	 0	 0	 0	 0	 0	 0	 0	 0	 0	 0	 0	
194	 6	 44	 197	 259	 10	 72	 258	 89	 9	 5	 3	 3	 123	 721	 227	 721	 1	 1472	 1	 26	 313	 26	 6	 278	 33	 28	 86	 4	 1807	 817	 7	 137	 4	 6	 55	 5	 3	 33	 346	 5	 3	 3	 3	 3	 3	 1302	 165	 242	 968	
23	 2735	 22	 6	 172	 8	 319	 1	 140	 8	 58	 191	 46	 38	 18	 129	 29	 46	 27	 4354	 8	 10	 42	 30	 78	 18	 6	 21	 10	 6	 52	 36	 25	 664	 5	 3	 5	 3	 52	 845	 55	 27	 5	 3	 3	 5	 3	 2396	 1012	 5	
840	 10	 2237	 92	 7	 35	 37	 146	 22	 5	 3	 3	 3	 3	 3	 10	 611	 71	 173	 29	 109	 27	 50	 268	 50	 41	 5	 3	 1358	 192	 5	 3	 652	 1180	 5	 3	 50	 1669	 3	 108	 26	 71	 150	 52	 69	 15	 34	 357	 5	 3	
2006	 402	 993	 1456	 10	 9	 54	 8	 107	 1949	 78	 5	 3	 234	 63	 3	 3	 234	 60	 135	 60	 2499	 10	 343	 28	 626	 5	 3	 3	 3632	 10	 50	 1211	 60	 9	 42	 26	 135	 172	 5	 3	 3	 3	 3	 3	 2329	 5	 3	 3	 3	
6	 33	 44	 1179	 72	 13	 58	 12	 1	 344	 18	 1326	 38	 8	 16	 32	 20	 1	 726	 30	 786	 1	 67	 23	 55	 28	 6	 432	 26	 6	 55	 26	 185	 8	 5	 3	 3	 28	 25	 566	 24	 39	 5	 3	 3	 72	 8	 58	 68	 11	
49	 506	 5	 3	 3	 268	 3	 3	 3	 3	 50	 41	 29	 372	 27	 3	 565	 279	 279	 4372	 102	 5	 3	 81	 279	 2222	 102	 10	 1009	 1612	 3	 1369	 5	 3	 95	 215	 279	 50	 215	 279	 49	 159	 5	 3	 3	 3	 3	 3	 3	 3	
9	 8	 47	 5	 3	 3	 3	 3	 3	 3	 3	 3	 3	 3	 3	 3	 3	 3	 3	 82	 12	 89	 9	 3	 22	 12	 922	 82	 6	 35	 7	 918	 12	 90	 88	 9	 7	 202	 82	 6	 918	 444	 189	 5	 3	 3	 664	 1	 135	 1	
15	 245	 1	 31	 49	 16	 32	 1181	 24	 39	 1	 14	 294	 11	 631	 24	 4193	 10	 1126	 1	 17	 123	 1700	 5	 3	 5	 3	 3	 207	 10	 14	 126	 165	 5	 3	 3	 3	 3	 3	 33	 44	 5	 3	 3	 3	 5	 3	 3	 5	 3	
12	 265	 7	 430	 3	 33	 38	 4146	 7	 43	 942	 13	 37	 2805	 4	 283	 134	 187	 73	 6	 911	 10	 723	 503	 11	 1536	 20	 1246	 492	 5	 3	 3	 33	 5	 3	 3	 33	 84	 52	 5	 3	 3	 1302	 1034	 5	 3	 5	 3	 3	 5	
38	 74	 4	 74	 13	 16	 285	 6	 33	 44	 15	 1119	 20	 12	 31	 9	 5	 3	 3	 1425	 947	 10	 403	 6	 1034	 1820	 10	 35	 5	 3	 3	 534	 3300	 5	 3	 1007	 1503	 1012	 3	 7	 641	 111	 1722	 5	 3	 69	 3	 3	 3	 452	
23	 33	 379	 465	 4	 9	 22	 14	 41	 1	 67	 21	 23	 41	 56	 878	 7	 30	 320	 19	 6	 9	 159	 142	 10	 6	 9	 7	 6	 142	 10	 6	 159	 10	 9	 24	 14	 196	 7	 83	 45	 66	 82	 6	 35	 29	 1129	 27	 21	 7	
6	 656	 782	 492	 22	 1356	 56	 1899	 29	 67	 464	 8	 4	 2216	 1530	 27	 1	 1299	 19	 884	 2360	 1	 119	 58	 61	 415	 17	 449	 230	 5	 3	 5	 3	 2896	 1097	 5	 3	 5	 3	 3	 5	 3	 568	 5	 3	 3	 5	 3	 3	 568	
1551	 10	 33	 44	 3	 72	 452	 1858	 62	 3	 3	 3	 3	 3	 3	 3	 487	 19	 49	 159	 28	 146	 73	 6	 102	 10	 22	 111	 625	 1300	 29	 27	 29	 27	 173	 56	 50	 135	 3	 934	 289	 4	 51	 44	 5	 3	 3	 452	 234	 29	
8	 36	 32	 1197	 10	 42	 17	 516	 29	 40	 12	 1350	 11	 6	 1672	 145	 27	 40	 6	 66	 145	 149	 11	 34	 31	 9	 146	 24	 42	 17	 173	 28	 25	 243	 4	 23	 33	 223	 5	 3	 3	 3300	 27	 5	 3	 3	 3	 3	 3	 3	
64	 28	 86	 4843	 109	 24	 2125	 2384	 4	 201	 111	 3997	 1	 140	 174	 58	 32	 3864	 324	 74	 5	 3	 2020	 1496	 19	 3522	 281	 148	 577	 32	 267	 4	 32	 7	 86	 24	 1626	 192	 67	 58	 25	 162	 32	 86	 15	 12	 523	 654	 5	 3	
52	 144	 16	 21	 11	 132	 31	 9	 466	 108	 18	 119	 378	 26	 434	 89	 3405	 11	 111	 123	 165	 26	 846	 4	 47	 128	 443	 394	 35	 5	 3	 3	 3	 3	 3	 452	 3	 3	 3	 3	 3	 3	 3	 3	 3	 3	 3	 3	 3	 3	
8	 58	 224	 7	 180	 12	 31	 9	 73	 34	 74	 24	 1001	 22	 6	 41	 11	 34	 30	 55	 5	 3	 3	 3237	 20	 8	 1	 237	 71	 57	 25	 273	 69	 947	 3	 568	 5	 3	 3	 3	 3	 3	 3	 3	 3	 3	 3	 3	 5	 3	
6	 1543	 56	 775	 10	 8	 1904	 15	 101	 4	 47	 6	 884	 8	 47	 39	 28	 125	 43	 12	 301	 5	 3	 3	 3	 80	 60	 3	 80	 172	 15	 229	 20	 6	 41	 60	 91	 1203	 60	 74	 3	 1739	 3	 102	 27	 60	 3	 1200	 55	 59	
79	 314	 8	 48	 1581	 450	 39	 3	 11	 153	 293	 10	 26	 2863	 10	 581	 5	 3	 3	 1501	 11	 1072	 5	 3	 314	 18	 8	 48	 367	 5	 3	 3	 3	 5	 3	 3	 3	 3	 3	 3	 3	 3	 3	 3	 3	 3	 3	 3	 3	 3	
62	 149	 16	 51	 12	 161	 59	 1	 67	 135	 8	 37	 403	 22	 14	 41	 1	 7	 16	 191	 17	 122	 4	 373	 6	 453	 4	 664	 939	 5	 3	 3	 1026	 1624	 1026	 1026	 3604	 3	 192	 5	 3	 3	 5	 3	 3	 5	 3	 3	 3	 3	
1	 15	 254	 461	 1	 13	 57	 25	 387	 11	 85	 150	 392	 20	 30	 77	 11	 123	 165	 5	 3	 3	 736	 19	 83	 216	 261	 11	 52	 11	 34	 30	 441	 5	 3	 3	 3	 5	 3	 5	 3	 3	 3	 3	 3	 71	 5	 3	 3	 3	
68	 4	 407	 9	 43	 12	 107	 5	 3	 3	 4125	 102	 7	 4728	 205	 60	 3	 3	 169	 3	 259	 5	 3	 1814	 19	 606	 9	 7	 61	 48	 303	 0	 0	 0	 0	 0	 0	 0	 0	 0	 0	 0	 0	 0	 0	 0	 0	 0	 0	 0	
13	 483	 8	 4	 224	 6	 3609	 525	 33	 44	 197	 5	 3	 3	 33	 1024	 19	 8	 5	 3	 3	 3	 3	 3	 1814	 173	 82	 6	 21	 10	 23	 55	 5	 3	 3	 3	 3	 3	 3	 3	 3	 3	 3	 2263	 5	 3	 3	 2396	 3	 3	
347	 10	 9	 13	 51	 3	 3	 3	 3	 3	 3	 3	 3	 49	 3	 3	 840	 9	 3	 3	 840	 9	 3	 709	 73	 12	 311	 5	 3	 3	 3	 102	 5	 3	 3	 3	 102	 10	 390	 18	 37	 220	 12	 91	 56	 5	 3	 3	 1349	 10	
100	 17	 1125	 122	 403	 2950	 3	 2713	 38	 70	 242	 1156	 22	 6	 50	 53	 5	 3	 3	 3	 3	 397	 3	 1598	 3	 5	 3	 3	 3	 207	 5	 3	 3	 3	 3	 55	 3	 1046	 5	 3	 3	 3	 3	 3	 55	 3	 3	 5	 3	 3	
2215	 63	 13	 21	 12	 7	 411	 9	 15	 101	 19	 8	 4	 124	 249	 608	 952	 7	 125	 2207	 2315	 41	 5	 3	 3	 150	 52	 5	 3	 3	 2329	 105	 5	 3	 3	 261	 4243	 3	 92	 7	 35	 82	 67	 8	 48	 6	 123	 5	 3	 3	
8	 164	 224	 23	 33	 44	 38	 423	 6	 576	 33	 151	 22	 6	 55	 1	 7	 18	 30	 78	 16	 51	 1	 21	 7	 132	 95	 31	 9	 15	 101	 4	 113	 8	 9	 11	 9	 5	 3	 3	 1497	 3	 5	 3	 3	 3	 3	 3	 3	 192	
40	 13	 124	 34	 137	 4	 23	 44	 1	 13	 36	 326	 8	 222	 1	 24	 65	 1	 11	 24	 307	 10	 70	 554	 22	 6	 41	 1	 11	 20	 6	 554	 24	 39	 22	 7	 243	 6	 117	 10	 23	 44	 5	 3	 3	 3	 5	 3	 3	 3	
4	 597	 12	 101	 11	 21	 17	 2817	 1	 13	 51	 6	 9	 38	 12	 114	 11	 129	 38	 1	 6	 102	 10	 12	 129	 1	 6	 74	 7	 234	 7	 74	 10	 12	 107	 5	 3	 3	 135	 1373	 5	 3	 3	 3	 135	 1273	 5	 3	 3	 3781	
54	 8	 107	 6	 53	 1	 13	 16	 329	 46	 22	 12	 114	 11	 129	 11	 9	 5	 3	 3	 1496	 3	 1362	 5	 3	 3	 482	 198	 5	 3	 3	 3	 955	 5	 3	 3	 3	 3	 3	 192	 52	 5	 3	 3	 3	 3	 3	 3	 41	 5	
1874	 38	 6	 49	 1764	 145	 10	 49	 602	 4	 49	 22	 1616	 1048	 29	 660	 10	 6	 214	 886	 27	 49	 5	 3	 331	 33	 44	 5	 3	 3	 3	 3	 652	 4263	 691	 3	 3	 84	 33	 3	 568	 5	 3	 3	 71	 1369	 2248	 5	 3	 3	
23	 33	 44	 751	 6	 21	 10	 46	 24	 34	 45	 76	 4707	 23	 122	 905	 1065	 8	 18	 6	 822	 36	 247	 8	 4	 194	 34	 434	 248	 10	 6	 33	 1810	 5	 3	 3	 3	 26	 71	 270	 10	 5	 69	 3	 3	 5	 3	 3	 5	 3	
89	 2752	 43	 459	 3	 6	 50	 53	 566	 24	 77	 10	 400	 82	 6	 400	 50	 53	 37	 555	 7	 111	 253	 99	 57	 25	 319	 20	 9	 94	 24	 400	 43	 111	 77	 145	 50	 445	 1	 11	 38	 39	 5	 3	 3	 331	 532	 1020	 7	 292	
24	 100	 7	 236	 39	 20	 9	 1	 1881	 20	 1554	 69	 1499	 69	 39	 4	 34	 1250	 10	 114	 18	 37	 231	 22	 1	 50	 53	 11	 15	 70	 84	 899	 29	 948	 3863	 27	 5	 3	 3	 173	 3	 259	 5	 3	 3	 3	 5	 3	 3	 3	
4745	 274	 16	 1582	 421	 274	 3081	 726	 77	 145	 1151	 654	 171	 8	 1164	 4749	 15	 17	 343	 775	 3	 605	 28	 220	 7	 3	 67	 37	 86	 4	 1071	 2634	 38	 12	 114	 5	 3	 3	 1012	 3	 3	 135	 5	 3	 3	 3	 3	 135	 5	 3	
8	 36	 315	 4	 240	 19	 70	 81	 1	 89	 39	 11	 1149	 2385	 81	 60	 3	 722	 34	 2290	 1	 224	 1	 7	 695	 22	 12	 272	 82	 6	 81	 202	 152	 5	 3	 3	 22	 6	 41	 5	 3	 3	 5	 3	 3	 3	 3	 3	 3	 3	
13	 85	 9	 4	 879	 1039	 1	 121	 48	 17	 1169	 1251	 4551	 11	 827	 68	 4	 1	 3906	 7	 429	 15	 14	 170	 152	 1	 11	 4	 941	 7	 941	 450	 170	 183	 7	 6	 183	 10	 173	 5	 3	 3	 69	 3	 3	 135	 5	 3	 3	 33	
217	 222	 4	 17	 41	 5	 3	 1493	 29	 6	 71	 89	 897	 1163	 69	 27	 1	 3	 2130	 1	 1	 2917	 1	 1	 288	 1	 1	 1	 1	 1	 1	 1	 1	 1	 1	 1	 1	 1	 931	 1	 1	 1	 3477	 1	 1	 451	 1163	 1	 7	 6	
100	 9	 349	 82	 14	 46	 22	 6	 444	 91	 568	 10	 42	 53	 63	 1419	 14	 35	 1	 12	 172	 1	 7	 6	 55	 56	 87	 1	 75	 6	 4515	 7	 55	 955	 392	 5	 3	 3	 122	 347	 3	 4515	 3	 3104	 3	 50	 41	 5	 3	 3	
342	 7	 478	 16	 363	 18	 8	 373	 39	 4	 584	 2113	 56	 151	 5	 3	 3	 33	 44	 1541	 5	 3	 3	 10	 6	 33	 142	 10	 6	 968	 10	 232	 5	 3	 322	 1	 864	 1	 7	 125	 5	 3	 443	 381	 1450	 78	 5	 3	 3	 35	
19	 127	 1	 100	 46	 7	 30	 177	 37	 204	 15	 6	 432	 50	 2737	 37	 1478	 24	 156	 5	 3	 3	 3	 3	 3	 446	 5	 3	 3	 3	 3	 3	 5	 3	 3	 3	 3	 3	 3	 526	 55	 5	 3	 3	 3	 3	 3	 3	 50	 135	
