4526	 16	 391	 187	 15	 6	 15	 62	 639	 1	 75	 140	 15	 62	 639	 1	 13	 16	 32	 62	 15	 62	 639	 1	 75	 1	 1	 1	 543	 10	 543	 1	 543	 1	 543	 1	 543	 1	 543	 1	 543	 1	 543	 1	 543	 1	 543	 1	 543	 1	
4526	 16	 391	 187	 15	 62	 639	 1	 140	 13	 16	 32	 15	 62	 639	 1	 140	 13	 16	 32	 304	 15	 62	 347	 10	 543	 1	 75	 1	 543	 1	 543	 1	 543	 1	 543	 1	 543	 1	 543	 1	 543	 1	 543	 1	 543	 1	 543	 1	 543	
4526	 16	 391	 187	 15	 856	 11	 15	 6	 2085	 856	 140	 15	 6	 9	 1	 248	 1	 13	 16	 32	 1755	 15	 62	 639	 4	 642	 15	 62	 639	 29	 75	 15	 62	 639	 1	 15	 62	 639	 1	 6	 895	 15	 62	 639	 15	 62	 639	 1	 62	
4526	 16	 391	 187	 15	 70	 26	 13	 16	 642	 15	 62	 639	 15	 6	 639	 18	 13	 16	 642	 15	 62	 639	 15	 6	 639	 15	 6	 895	 15	 62	 639	 15	 6	 895	 10	 62	 639	 1	 75	 15	 1	 15	 62	 639	 1	 15	 62	 639	 1	
4526	 16	 391	 187	 15	 14	 856	 7	 15	 62	 53	 140	 13	 16	 32	 15	 639	 1	 75	 134	 15	 62	 639	 1	 15	 6	 895	 1	 75	 1	 13	 16	 642	 15	 62	 639	 15	 62	 639	 15	 62	 639	 1	 15	 62	 639	 1	 15	 62	 639	
4526	 1	 226	 40	 13	 1149	 6	 9	 8	 116	 40	 13	 1099	 18	 13	 16	 2098	 18	 9	 40	 13	 224	 6	 9	 8	 116	 1	 13	 16	 1099	 18	 9	 8	 16	 1099	 18	 13	 16	 1099	 18	 9	 8	 16	 1099	 18	 13	 16	 1099	 18	 9	
4526	 16	 391	 187	 15	 70	 856	 140	 15	 62	 639	 1	 15	 62	 639	 1	 13	 16	 32	 6	 895	 1	 75	 1	 1	 1	 1	 1	 1	 1	 523	 1	 173	 1	 543	 1	 543	 1	 543	 1	 543	 1	 543	 1	 543	 10	 627	 543	 1	 543	
4526	 16	 391	 187	 15	 70	 856	 173	 29	 75	 15	 248	 10	 457	 895	 1	 62	 53	 15	 62	 639	 16	 32	 304	 15	 62	 347	 10	 895	 1	 6	 49	 78	 15	 62	 639	 1	 15	 62	 639	 1	 15	 62	 639	 1	 15	 62	 639	 1	 75	
4526	 16	 391	 187	 15	 62	 856	 7	 13	 16	 642	 15	 62	 639	 15	 6	 895	 29	 75	 15	 62	 639	 30	 290	 15	 62	 639	 1	 15	 62	 639	 1	 15	 62	 639	 1	 15	 62	 639	 1	 15	 6	 895	 15	 62	 639	 1	 15	 62	 639	
4526	 16	 391	 187	 15	 70	 856	 7	 856	 15	 856	 7	 15	 639	 15	 6	 895	 15	 6	 895	 15	 62	 639	 16	 15	 6	 895	 15	 62	 639	 1	 15	 62	 639	 1	 134	 18	 16	 32	 304	 15	 62	 639	 16	 191	 15	 62	 347	 10	 895	
4526	 16	 391	 187	 15	 62	 856	 7	 29	 140	 13	 16	 391	 6	 1	 1	 1	 13	 16	 32	 1755	 15	 62	 639	 1	 15	 62	 639	 1	 75	 134	 10	 62	 53	 1	 62	 117	 10	 62	 78	 16	 32	 26	 13	 16	 32	 304	 15	 62	 347	
4526	 16	 391	 187	 15	 14	 856	 7	 15	 62	 856	 140	 13	 16	 642	 15	 62	 639	 15	 62	 639	 1	 15	 62	 639	 1	 13	 16	 32	 15	 62	 639	 15	 6	 895	 15	 62	 639	 1	 15	 6	 895	 1	 62	 16	 32	 32	 15	 248	 10	
4526	 16	 391	 187	 15	 10	 856	 7	 856	 15	 62	 1	 140	 13	 16	 642	 15	 62	 10	 62	 53	 15	 62	 15	 62	 15	 62	 639	 16	 15	 62	 639	 15	 62	 639	 1	 15	 62	 639	 1	 13	 16	 15	 62	 639	 15	 62	 639	 15	 62	
4526	 28	 576	 810	 15	 70	 223	 29	 75	 1	 140	 15	 62	 117	 1	 1	 730	 1	 75	 15	 62	 1354	 1	 543	 1	 543	 1	 543	 1	 543	 1	 543	 1	 543	 1	 543	 1	 543	 1	 543	 1	 543	 1	 543	 1	 543	 1	 543	 1	 543	
4526	 16	 391	 187	 15	 70	 856	 7	 856	 15	 18	 13	 16	 32	 304	 15	 62	 639	 1	 75	 1	 15	 62	 639	 1	 13	 16	 642	 15	 62	 639	 15	 62	 639	 1	 15	 62	 639	 1	 13	 16	 32	 15	 62	 639	 15	 62	 639	 15	 62	
4526	 16	 391	 187	 15	 14	 856	 7	 15	 856	 1	 13	 16	 642	 15	 62	 639	 15	 62	 639	 1	 15	 62	 639	 1	 6	 2085	 10	 62	 639	 29	 75	 1	 140	 13	 16	 32	 15	 62	 639	 1	 15	 62	 639	 1	 13	 16	 32	 134	 15	
4526	 16	 391	 187	 15	 70	 856	 7	 856	 15	 6	 15	 856	 7	 15	 856	 1	 140	 13	 16	 32	 304	 15	 62	 639	 30	 639	 1	 140	 13	 16	 32	 304	 15	 62	 639	 1	 75	 1	 1	 1	 1	 1	 1	 543	 10	 543	 1	 543	 1	
4526	 16	 391	 187	 15	 62	 856	 7	 13	 16	 642	 15	 62	 639	 15	 62	 639	 1	 75	 15	 523	 639	 1	 30	 639	 1	 543	 1	 543	 10	 543	 1	 543	 1	 543	 1	 543	 1	 543	 1	 543	 1	 543	 1	 543	 1	 543	 1	 543	 1	
4526	 16	 391	 187	 15	 6	 15	 62	 639	 1	 15	 62	 639	 1	 13	 16	 642	 15	 62	 639	 16	 642	 15	 62	 639	 16	 642	 15	 62	 639	 1	 62	 62	 639	 16	 15	 62	 639	 16	 642	 15	 62	 639	 15	 62	 639	 1	 15	 62	 639	
4526	 16	 391	 187	 15	 14	 856	 15	 62	 639	 1	 15	 6	 895	 1	 75	 134	 15	 62	 639	 1	 13	 16	 642	 15	 62	 639	 15	 6	 474	 10	 639	 1	 15	 62	 639	 1	 15	 62	 639	 1	 13	 16	 32	 15	 62	 639	 15	 6	 895	
4526	 16	 391	 187	 15	 14	 856	 7	 13	 16	 642	 15	 62	 824	 53	 15	 62	 639	 1	 15	 62	 639	 1	 13	 16	 32	 6	 895	 10	 62	 335	 15	 62	 639	 1	 15	 6	 895	 10	 62	 639	 1	 15	 62	 639	 1	 15	 62	 639	 1	
4526	 16	 391	 187	 15	 70	 26	 13	 16	 642	 15	 62	 639	 140	 13	 16	 642	 15	 62	 639	 15	 62	 639	 15	 62	 639	 1	 75	 639	 15	 6	 639	 15	 62	 639	 1	 75	 134	 10	 62	 639	 1	 13	 16	 32	 304	 15	 62	 639	 30	
4526	 842	 6	 74	 18	 13	 16	 642	 15	 62	 347	 10	 62	 144	 7	 16	 642	 15	 62	 347	 10	 9	 62	 99	 16	 642	 15	 62	 347	 10	 274	 289	 16	 642	 15	 62	 347	 10	 9	 62	 99	 16	 642	 15	 62	 347	 10	 62	 347	 10	
4526	 16	 391	 187	 15	 355	 856	 7	 15	 70	 1785	 10	 173	 1	 13	 16	 32	 1755	 24	 15	 6	 895	 10	 62	 639	 1	 15	 62	 639	 1	 62	 16	 32	 566	 15	 62	 639	 1	 15	 62	 639	 1	 15	 62	 639	 1	 15	 62	 639	 1	
4526	 16	 391	 187	 15	 62	 26	 13	 15	 6	 357	 15	 62	 1	 1	 13	 16	 32	 1755	 15	 62	 639	 15	 6	 895	 15	 62	 639	 1	 15	 62	 639	 1	 15	 62	 639	 1	 15	 62	 639	 1	 13	 16	 15	 62	 639	 1	 15	 6	 895	
4526	 16	 391	 187	 15	 355	 856	 7	 13	 16	 642	 15	 62	 639	 15	 62	 639	 1	 75	 15	 639	 15	 639	 1	 15	 62	 639	 1	 75	 1	 1	 1	 1	 831	 173	 1	 75	 1802	 15	 639	 1	 75	 15	 15	 639	 1	 15	 62	 639	 1	
4526	 16	 391	 187	 15	 14	 856	 7	 13	 642	 15	 62	 78	 15	 62	 639	 1	 13	 16	 32	 267	 15	 62	 639	 1	 15	 62	 639	 1	 15	 62	 639	 1	 134	 10	 62	 627	 543	 1	 75	 1	 15	 62	 639	 1	 15	 62	 639	 1	 13	
4526	 16	 391	 187	 15	 856	 7	 15	 62	 639	 140	 15	 639	 15	 70	 895	 1	 13	 16	 1099	 18	 13	 16	 32	 304	 15	 62	 639	 1	 15	 62	 639	 1	 13	 16	 1099	 62	 639	 18	 15	 62	 639	 1	 75	 639	 15	 62	 639	 1	 15	
4526	 16	 391	 187	 15	 856	 7	 15	 62	 639	 1	 15	 62	 639	 1	 13	 16	 32	 304	 15	 62	 639	 1	 134	 10	 62	 53	 1	 140	 13	 16	 32	 304	 15	 62	 639	 1	 15	 62	 639	 1	 13	 16	 32	 15	 62	 639	 1	 75	 134	
4526	 16	 391	 187	 15	 14	 856	 7	 15	 62	 53	 140	 13	 16	 32	 1731	 15	 62	 639	 1	 75	 62	 639	 1	 15	 62	 639	 1	 13	 16	 32	 304	 15	 62	 639	 30	 639	 1	 75	 134	 15	 62	 639	 5	 0	 0	 0	 0	 0	 0	
4526	 16	 391	 187	 15	 70	 856	 1	 856	 1	 13	 16	 32	 304	 15	 62	 639	 1	 75	 1	 15	 70	 831	 1	 13	 16	 32	 1755	 15	 15	 62	 639	 15	 62	 639	 16	 32	 639	 15	 15	 639	 1	 75	 134	 15	 62	 639	 1	 15	 6	
4526	 16	 391	 187	 15	 70	 856	 7	 856	 140	 15	 6	 173	 1	 13	 16	 642	 15	 62	 639	 15	 6	 895	 15	 62	 639	 1	 15	 639	 15	 6	 895	 1	 13	 16	 1099	 18	 9	 10	 134	 639	 16	 15	 62	 639	 1	 15	 62	 639	 1	
4526	 16	 391	 187	 15	 6	 15	 70	 357	 13	 16	 32	 304	 15	 62	 639	 1	 75	 639	 1	 15	 608	 639	 1	 75	 639	 15	 6	 895	 1	 15	 62	 639	 1	 15	 62	 639	 1	 15	 62	 639	 1	 15	 62	 639	 1	 15	 62	 639	 1	
4526	 16	 391	 187	 15	 6	 15	 62	 639	 1	 140	 13	 16	 32	 1731	 62	 99	 15	 62	 639	 1	 75	 639	 15	 62	 639	 1	 75	 639	 15	 62	 639	 1	 15	 62	 639	 1	 75	 6	 2133	 639	 15	 14	 474	 10	 62	 639	 1	 543	 1	
4526	 16	 391	 187	 15	 70	 856	 7	 856	 15	 13	 29	 75	 15	 6	 53	 7	 13	 16	 642	 15	 62	 117	 15	 14	 1	 62	 117	 1	 15	 62	 639	 16	 252	 18	 13	 16	 642	 15	 62	 639	 15	 62	 639	 16	 32	 15	 639	 1	 15	
4526	 16	 391	 187	 15	 70	 856	 15	 856	 7	 13	 16	 642	 15	 62	 639	 1	 75	 1	 15	 6	 639	 15	 6	 895	 1	 6	 895	 10	 62	 895	 29	 15	 6	 474	 10	 895	 1	 62	 639	 16	 32	 15	 895	 1	 15	 62	 639	 1	 15	
4526	 16	 391	 187	 15	 14	 856	 7	 13	 16	 642	 15	 62	 639	 15	 6	 895	 15	 62	 639	 15	 62	 639	 1	 15	 62	 639	 1	 15	 62	 639	 1	 15	 62	 639	 1	 134	 13	 16	 32	 10	 62	 639	 1	 75	 15	 62	 639	 1	 13	
4526	 16	 391	 187	 15	 70	 856	 1	 856	 1	 140	 13	 1	 15	 6	 639	 18	 13	 16	 642	 15	 62	 639	 1	 75	 1	 140	 15	 6	 895	 10	 62	 639	 1	 15	 6	 895	 1	 15	 62	 639	 1	 15	 62	 639	 1	 15	 62	 639	 1	
4526	 16	 391	 187	 15	 856	 7	 15	 15	 62	 639	 1	 13	 16	 32	 15	 62	 639	 1	 75	 134	 639	 1	 13	 16	 32	 304	 15	 62	 639	 1	 15	 62	 639	 1	 15	 62	 639	 1	 13	 16	 32	 267	 4	 642	 15	 62	 639	 16	 642	
4526	 16	 391	 187	 15	 6	 15	 62	 639	 1	 140	 13	 16	 32	 70	 633	 1670	 895	 15	 62	 639	 15	 62	 639	 16	 15	 62	 639	 15	 62	 639	 16	 51	 15	 62	 639	 16	 51	 284	 9	 15	 62	 639	 1	 140	 13	 16	 32	 365	 18	
4526	 16	 391	 187	 15	 248	 10	 62	 53	 140	 13	 16	 32	 1755	 15	 62	 639	 29	 75	 15	 62	 639	 1	 13	 16	 642	 15	 62	 62	 53	 15	 62	 639	 1	 15	 62	 1	 62	 639	 16	 642	 15	 62	 639	 15	 62	 639	 16	 642	 15	
4526	 16	 391	 187	 15	 70	 856	 7	 856	 15	 67	 13	 16	 642	 15	 62	 639	 15	 6	 895	 10	 62	 639	 1	 75	 15	 62	 639	 1	 15	 6	 895	 10	 62	 639	 1	 15	 62	 639	 1	 15	 6	 895	 10	 62	 639	 1	 15	 62	 639	
4526	 16	 391	 187	 15	 355	 856	 140	 13	 16	 32	 15	 62	 639	 1	 140	 13	 16	 32	 365	 10	 62	 78	 18	 13	 16	 32	 10	 62	 425	 639	 16	 32	 639	 15	 70	 831	 7	 16	 32	 1755	 15	 62	 639	 15	 62	 639	 1	 15	 62	
4526	 16	 391	 187	 15	 6	 15	 62	 639	 1	 15	 62	 639	 1	 13	 16	 32	 639	 15	 6	 639	 15	 62	 639	 1	 15	 62	 639	 1	 13	 16	 32	 304	 15	 62	 347	 10	 9	 1	 15	 134	 639	 1	 15	 62	 639	 1	 15	 62	 639	
4526	 16	 391	 187	 15	 62	 856	 7	 13	 16	 642	 15	 62	 10	 62	 53	 15	 62	 639	 1	 15	 62	 639	 1	 13	 16	 32	 252	 18	 13	 16	 32	 248	 10	 62	 639	 15	 62	 639	 1	 75	 335	 15	 62	 639	 1	 13	 16	 32	 304	
4526	 16	 391	 187	 15	 62	 1	 140	 13	 16	 642	 15	 62	 62	 53	 7	 15	 62	 639	 15	 62	 639	 1	 13	 16	 642	 15	 62	 639	 15	 62	 639	 1	 75	 15	 62	 639	 1	 15	 62	 639	 1	 15	 62	 639	 1	 13	 16	 32	 15	
4526	 16	 391	 187	 15	 110	 10	 62	 78	 140	 13	 16	 642	 15	 62	 639	 15	 62	 639	 1	 15	 62	 639	 1	 13	 16	 32	 304	 15	 62	 639	 16	 642	 15	 62	 639	 15	 62	 639	 1	 15	 62	 639	 1	 13	 16	 642	 15	 62	 639	
4526	 28	 221	 19	 1639	 62	 543	 335	 15	 62	 461	 1	 75	 140	 13	 16	 4396	 10	 9	 15	 62	 347	 10	 474	 1	 1	 13	 16	 642	 15	 62	 427	 15	 14	 715	 223	 29	 75	 15	 62	 461	 1	 62	 66	 16	 642	 15	 62	 427	 15	
4526	 16	 391	 187	 15	 6	 15	 62	 639	 1	 140	 13	 16	 32	 15	 62	 639	 1	 140	 15	 62	 639	 1	 13	 16	 32	 304	 15	 62	 639	 1	 75	 62	 543	 1	 15	 62	 639	 1	 62	 10	 62	 639	 1	 15	 62	 639	 1	 75	 134	
4526	 28	 1042	 29	 140	 13	 16	 391	 110	 9	 1	 13	 16	 32	 2805	 15	 62	 461	 1	 13	 16	 642	 15	 62	 519	 62	 15	 62	 639	 1	 15	 62	 639	 1	 13	 16	 642	 15	 62	 639	 15	 62	 639	 1	 15	 62	 639	 1	 15	 62	
4526	 16	 391	 187	 15	 62	 856	 7	 13	 16	 642	 15	 62	 347	 10	 15	 62	 639	 15	 62	 639	 1	 15	 62	 639	 1	 15	 62	 639	 1	 6	 895	 10	 134	 15	 62	 639	 1	 15	 62	 639	 1	 13	 16	 32	 38	 62	 639	 15	 62	
4526	 16	 391	 187	 15	 6	 15	 70	 357	 13	 16	 642	 15	 62	 639	 15	 62	 639	 1	 75	 15	 639	 310	 6	 895	 10	 62	 639	 1	 15	 6	 639	 1	 53	 1	 92	 1	 543	 1	 543	 1	 543	 1	 543	 1	 543	 1	 543	 1	 543	
4526	 16	 391	 187	 15	 6	 15	 14	 15	 62	 639	 1	 140	 13	 16	 32	 1731	 62	 62	 53	 26	 248	 10	 62	 368	 1	 13	 16	 32	 70	 248	 15	 62	 639	 1	 13	 16	 32	 1755	 15	 62	 347	 15	 62	 1	 15	 62	 639	 1	 53	
4526	 16	 391	 187	 15	 6	 474	 15	 14	 895	 1	 140	 15	 62	 117	 1	 13	 16	 642	 15	 62	 639	 62	 639	 16	 15	 62	 639	 15	 62	 639	 1	 15	 62	 639	 1	 13	 16	 32	 15	 639	 15	 62	 639	 1	 75	 134	 30	 639	 16	
4526	 16	 391	 187	 15	 62	 639	 1	 140	 13	 16	 32	 304	 15	 62	 347	 10	 74	 1	 13	 16	 32	 15	 62	 639	 1	 75	 134	 10	 62	 639	 1	 13	 16	 32	 304	 15	 62	 639	 1	 75	 6	 543	 15	 18	 10	 62	 117	 10	 62	
4526	 16	 391	 187	 15	 70	 26	 13	 16	 32	 304	 15	 62	 639	 1	 75	 1	 15	 62	 639	 1	 13	 16	 32	 304	 15	 62	 639	 1	 75	 1	 543	 10	 62	 543	 1	 62	 543	 1	 543	 1	 543	 1	 543	 1	 543	 1	 543	 1	 543	
4526	 16	 391	 187	 15	 70	 26	 13	 16	 32	 304	 15	 62	 639	 1	 140	 13	 16	 32	 62	 15	 62	 639	 1	 15	 62	 639	 1	 13	 16	 1688	 62	 543	 1	 75	 1	 13	 16	 32	 304	 15	 62	 543	 1	 15	 62	 639	 1	 13	 16	
4526	 16	 391	 187	 38	 856	 29	 140	 13	 16	 642	 15	 62	 639	 15	 62	 639	 15	 62	 639	 1	 15	 62	 639	 1	 75	 639	 15	 62	 639	 1	 13	 16	 32	 15	 62	 639	 1	 75	 62	 639	 1	 13	 16	 642	 15	 62	 639	 15	 62	
4526	 16	 391	 187	 15	 6	 856	 7	 13	 16	 642	 15	 62	 639	 15	 62	 639	 15	 62	 639	 15	 62	 639	 1	 75	 15	 62	 639	 1	 15	 62	 639	 1	 70	 831	 45	 173	 16	 642	 15	 62	 639	 15	 62	 639	 15	 62	 639	 1	 75	
4526	 16	 391	 187	 15	 6	 15	 70	 895	 15	 62	 639	 1	 15	 62	 639	 1	 13	 16	 32	 267	 4	 1099	 18	 13	 16	 642	 15	 62	 639	 1	 15	 62	 639	 1	 15	 62	 639	 1	 13	 16	 32	 6	 895	 18	 16	 3709	 6	 10	 62	
4526	 16	 810	 810	 810	 40	 13	 1099	 18	 13	 16	 1099	 18	 13	 16	 642	 15	 62	 347	 10	 888	 15	 62	 1	 62	 99	 1	 62	 99	 16	 642	 15	 62	 347	 10	 888	 15	 62	 639	 16	 51	 110	 9	 40	 13	 1099	 18	 642	 15	 62	
4526	 16	 391	 187	 15	 70	 26	 13	 16	 642	 15	 62	 639	 15	 75	 639	 1	 75	 1	 15	 62	 639	 1	 13	 16	 642	 15	 62	 639	 15	 62	 639	 1	 75	 134	 13	 16	 1099	 18	 9	 13	 16	 32	 15	 639	 1	 13	 16	 32	 1115	
4526	 16	 391	 187	 15	 14	 856	 7	 13	 16	 642	 15	 62	 824	 53	 15	 62	 639	 16	 642	 15	 62	 639	 15	 62	 639	 15	 62	 639	 1	 75	 15	 639	 15	 6	 639	 10	 639	 1	 15	 62	 639	 1	 13	 16	 32	 15	 62	 639	 1	
4526	 16	 391	 187	 15	 14	 856	 7	 15	 62	 78	 140	 13	 16	 642	 15	 62	 639	 15	 62	 639	 1	 15	 62	 639	 1	 13	 16	 32	 110	 10	 62	 639	 15	 62	 639	 1	 75	 134	 13	 16	 15	 62	 639	 1	 355	 10	 62	 639	 16	
