8	 58	 61	 758	 279	 642	 20	 961	 15	 67	 8	 1328	 5	 3	 3	 1508	 3	 3	 760	 3	 1541	 8	 5	 3	 3	 1289	 80	 443	 111	 92	 5	 3	 3	 331	 286	 97	 52	 5	 3	 3	 3	 3	 3	 2143	 50	 5	 3	 3	 3	 3	
13	 210	 374	 614	 4	 314	 18	 6	 103	 10	 9	 28	 1784	 2909	 235	 5	 3	 3	 103	 5	 3	 5	 3	 3	 5	 3	 1	 3	 1	 7	 5	 3	 3	 5	 3	 3	 1	 716	 1	 285	 7	 381	 5	 3	 1789	 293	 60	 3	 2653	 52	
40	 8	 584	 17	 212	 4	 14	 78	 1	 79	 226	 18	 13	 16	 51	 9	 43	 34	 10	 14	 78	 1	 75	 97	 7	 936	 4	 8	 1	 75	 34	 31	 9	 8	 48	 585	 82	 62	 517	 146	 35	 42	 26	 12	 656	 1	 7	 179	 640	 41	
606	 6	 103	 10	 9	 28	 1122	 505	 5	 3	 3	 1	 1380	 1	 75	 150	 52	 954	 60	 3	 7	 9	 64	 402	 38	 14	 77	 5	 3	 3	 0	 0	 0	 0	 0	 0	 0	 0	 0	 0	 0	 0	 0	 0	 0	 0	 0	 0	 0	 0	
8	 58	 180	 12	 31	 9	 73	 95	 1153	 10	 42	 9	 18	 28	 146	 4	 95	 1	 26	 1077	 278	 5	 3	 3	 122	 33	 44	 19	 6	 472	 1	 259	 10	 23	 5	 3	 135	 3	 135	 3	 5	 3	 3	 3	 55	 52	 3	 5	 3	 5	
3811	 1	 2184	 1	 917	 1	 852	 917	 1	 2442	 917	 10	 6	 87	 1	 1696	 11	 2199	 1	 835	 1	 2082	 1	 1	 852	 1	 506	 7	 34	 10	 12	 168	 15	 317	 20	 6	 218	 854	 940	 5	 3	 3	 5	 3	 192	 192	 5	 3	 3	 5	
15	 62	 461	 1	 8	 16	 32	 158	 4	 262	 90	 88	 9	 1	 100	 22	 30	 35	 1	 11	 262	 4	 42	 45	 76	 5	 3	 3	 3	 3	 5	 3	 2034	 5	 3	 3	 5	 3	 33	 1023	 5	 3	 3	 1023	 5	 3	 3	 3	 3	 3	
23	 364	 28	 621	 24	 17	 682	 351	 500	 333	 687	 6	 1131	 87	 29	 171	 1052	 27	 1173	 146	 4	 32	 631	 5	 3	 81	 282	 5	 3	 69	 307	 60	 3	 3	 289	 19	 282	 10	 80	 56	 188	 5	 3	 3	 3	 5	 3	 2132	 3	 5	
343	 1675	 1752	 22	 3	 3	 5	 3	 322	 3	 343	 5	 3	 3	 3	 3	 1503	 84	 52	 205	 3170	 220	 6	 50	 3	 3	 10	 3	 5	 3	 3	 3	 3	 3	 3	 3	 135	 5	 3	 3	 3	 3	 3	 1289	 55	 135	 29	 171	 1	 27	
171	 8	 48	 3500	 12	 9	 4	 185	 10	 14	 405	 78	 1	 64	 28	 6	 49	 739	 16	 32	 7	 148	 30	 192	 5	 3	 3	 1026	 169	 68	 5	 3	 3	 3300	 59	 5	 3	 3	 135	 3	 5	 3	 3	 3	 3	 3	 5	 3	 3	 2374	
40	 1397	 668	 28	 1112	 34	 18	 13	 48	 12	 139	 1	 13	 36	 225	 64	 22	 185	 10	 6	 561	 7	 36	 109	 287	 64	 5	 3	 3	 5	 3	 3	 3	 611	 3	 611	 611	 802	 279	 611	 611	 5	 3	 611	 5	 3	 3	 3	 3	 5	
40	 8	 819	 18	 8	 57	 481	 269	 4	 104	 30	 347	 10	 167	 29	 42	 26	 2604	 1	 510	 1	 510	 1	 943	 1	 1351	 219	 1	 509	 5	 27	 8	 48	 1565	 4	 104	 1	 682	 1	 359	 146	 24	 1237	 35	 5	 3	 291	 33	 5	 3	
347	 10	 9	 13	 51	 3	 893	 8	 3	 3	 5	 3	 3	 3	 3	 364	 52	 1	 67	 398	 6	 346	 64	 1338	 4	 70	 1211	 52	 27	 1	 65	 59	 1	 7	 411	 9	 42	 26	 6	 662	 49	 2575	 135	 73	 6	 55	 5	 3	 3	 3	
13	 238	 51	 12	 161	 59	 29	 194	 22	 17	 50	 135	 19	 1200	 4	 373	 39	 38	 7	 4	 68	 6	 155	 22	 14	 41	 27	 5	 3	 3	 399	 27	 5	 3	 3	 3	 3	 3	 50	 135	 5	 3	 3	 3	 3	 55	 3	 3	 3	 3	
137	 4	 6	 33	 44	 3	 3	 3	 50	 1046	 9	 3	 84	 33	 223	 3	 5	 3	 33	 3	 223	 3	 135	 3	 5	 3	 3	 33	 175	 3	 223	 1293	 3	 3	 1046	 7	 33	 44	 5	 3	 3	 1856	 3	 3	 3	 3	 3	 3	 3	 3	
110	 435	 16	 194	 182	 807	 24	 182	 5	 38	 30	 736	 145	 11	 658	 16	 21	 50	 215	 4	 133	 6	 55	 3060	 182	 5	 3	 3	 295	 5	 3	 3	 3	 3	 3	 3	 5	 3	 3	 452	 5	 3	 126	 3	 5	 3	 397	 3	 5	 3	
679	 12	 87	 22	 6	 52	 3	 3	 4	 414	 518	 87	 1	 42	 26	 97	 4	 47	 1683	 3	 24	 8	 60	 3	 3	 632	 666	 60	 3	 4260	 60	 7	 30	 795	 11	 52	 452	 26	 218	 5	 3	 3	 3	 60	 3	 3	 261	 3	 3	 608	
23	 28	 845	 17	 102	 10	 192	 1425	 608	 35	 5	 3	 1066	 29	 828	 26	 830	 27	 5	 3	 3	 3	 515	 515	 515	 515	 515	 515	 515	 3	 515	 515	 515	 5	 3	 3	 3	 3	 3	 3	 3	 3	 3	 3	 33	 408	 5	 3	 3	 3	
3457	 109	 501	 9	 166	 6	 455	 1211	 864	 1	 7	 6	 49	 94	 24	 6	 53	 1	 75	 900	 121	 283	 1	 7	 570	 626	 7	 56	 77	 145	 172	 5	 3	 3	 3	 3	 3	 896	 5	 3	 3	 896	 182	 5	 3	 192	 3	 5	 3	 3	
716	 9	 47	 8	 20	 6	 1219	 35	 1	 42	 26	 1461	 81	 9	 1	 7	 2180	 339	 4	 762	 134	 322	 5	 3	 241	 63	 12	 850	 1203	 1	 189	 943	 63	 3	 1337	 1	 673	 1	 7	 850	 26	 6	 301	 5	 3	 3	 3	 2698	 5	 3	
12	 360	 33	 183	 3	 108	 5	 3	 3	 1294	 3	 465	 4	 93	 258	 145	 775	 5	 3	 290	 1246	 22	 67	 12	 339	 39	 154	 17	 366	 52	 333	 3417	 6	 366	 656	 5	 3	 3	 3	 33	 44	 5	 3	 3	 2698	 5	 3	 3	 28	 191	
4479	 901	 29	 27	 927	 63	 15	 545	 4	 1458	 1	 3477	 1	 2130	 1	 118	 1	 11	 30	 299	 323	 1	 288	 1606	 1	 11	 2538	 148	 454	 11	 422	 3939	 11	 29	 611	 27	 89	 653	 28	 94	 38	 168	 423	 10	 111	 55	 5	 3	 3	 1012	
13	 51	 148	 31	 9	 43	 8	 404	 70	 65	 109	 18	 13	 316	 1418	 4	 32	 412	 20	 6	 21	 5	 3	 3	 3	 122	 1349	 10	 6	 9	 714	 38	 46	 18	 86	 4	 21	 6	 35	 5	 3	 3	 81	 3	 3	 3	 3	 3	 3	 3	
21	 10	 6	 297	 10	 9	 110	 10	 6	 35	 28	 243	 4	 6	 74	 10	 49	 282	 5	 3	 3	 112	 25	 1016	 14	 33	 142	 5	 3	 3	 3	 5	 3	 3	 5	 3	 3	 5	 3	 3	 5	 3	 3	 5	 3	 3	 5	 3	 431	 5	
12	 632	 172	 7	 255	 1094	 396	 32	 116	 15	 6	 263	 4	 8	 15	 34	 30	 487	 15	 67	 12	 257	 16	 32	 228	 20	 6	 45	 66	 18	 58	 25	 32	 412	 20	 8	 5	 3	 3	 3663	 191	 477	 38	 6	 80	 189	 453	 5	 3	 3	
110	 797	 36	 153	 202	 19	 127	 1	 6	 98	 10	 6	 50	 41	 11	 52	 8	 852	 4	 30	 77	 5	 3	 198	 10	 12	 31	 9	 5	 3	 3	 234	 7	 74	 10	 159	 5	 3	 3	 3	 67	 664	 1	 11	 28	 86	 19	 62	 96	 5	
2007	 1	 875	 22	 6	 970	 289	 1	 12	 21	 10	 588	 228	 1269	 37	 555	 16	 61	 32	 876	 15	 6	 278	 185	 10	 6	 432	 1047	 5	 3	 3	 5	 3	 5	 3	 3	 331	 1137	 5	 3	 3	 3	 1318	 5	 3	 3	 3	 721	 5	 3	
33	 44	 452	 234	 63	 2282	 4569	 1	 734	 3	 666	 803	 4	 120	 12	 90	 88	 9	 109	 15	 14	 522	 756	 64	 462	 303	 966	 11	 19	 17	 1315	 1	 11	 18	 5	 3	 3	 150	 3	 3	 3	 5	 3	 3	 3	 41	 52	 5	 3	 3	
38	 74	 4	 74	 1	 13	 239	 478	 1	 418	 1	 7	 30	 342	 5	 3	 3	 92	 5	 3	 38	 45	 76	 592	 5	 3	 3	 5	 3	 3	 5	 3	 3	 691	 1	 691	 7	 14	 126	 469	 5	 3	 3	 52	 173	 5	 3	 3	 638	 413	
3	 3271	 279	 2203	 3	 3	 842	 6	 209	 4	 113	 17	 634	 1556	 4	 6	 300	 33	 662	 175	 15	 1479	 4	 6	 347	 10	 35	 119	 37	 1731	 5	 3	 0	 0	 0	 0	 0	 0	 0	 0	 0	 0	 0	 0	 0	 0	 0	 0	 0	 0	
565	 27	 4	 1780	 12	 617	 29	 741	 845	 71	 89	 89	 653	 69	 27	 279	 200	 14	 346	 28	 146	 4	 47	 289	 35	 1	 89	 8	 1	 741	 507	 366	 5	 3	 3	 2674	 261	 11	 52	 60	 2438	 304	 22	 6	 1683	 19	 67	 31	 9	 28	
383	 915	 63	 1856	 4470	 1	 734	 3	 3	 3	 3	 3	 3	 223	 3	 223	 3	 3	 2636	 3	 2698	 691	 63	 3	 4253	 1378	 189	 1175	 3	 187	 3	 33	 44	 3	 223	 3	 3	 3	 3	 3	 3	 3	 29	 27	 3	 4253	 4383	 1	 3	 3881	
13	 16	 85	 563	 9	 67	 112	 25	 153	 9	 18	 316	 655	 1303	 4	 47	 1683	 1	 35	 1	 11	 196	 1	 4	 1325	 774	 952	 22	 55	 80	 7	 654	 457	 654	 1409	 22	 14	 55	 5	 3	 3	 1100	 1571	 7	 103	 5	 3	 470	 3	 7	
13	 16	 61	 21	 1	 488	 11	 482	 255	 1	 7	 341	 9	 38	 8	 1	 42	 26	 12	 98	 1	 65	 59	 1	 89	 293	 11	 411	 9	 4	 350	 1418	 12	 9	 1	 75	 12	 161	 59	 1	 790	 379	 11	 284	 90	 88	 9	 5	 3	 3	
95	 1698	 9	 316	 32	 1344	 26	 300	 1	 140	 396	 153	 12	 98	 1	 59	 7	 30	 31	 9	 5	 3	 173	 668	 60	 9	 22	 34	 1250	 1	 26	 313	 26	 34	 30	 9	 8	 16	 1832	 15	 34	 511	 719	 5	 3	 3	 3	 3	 3	 3	
13	 16	 21	 31	 9	 4	 47	 8	 20	 801	 167	 128	 87	 18	 8	 16	 437	 404	 202	 11	 285	 8	 73	 6	 74	 8	 953	 1077	 8	 48	 367	 11	 714	 5	 3	 3	 3	 3	 3	 3	 3	 5	 3	 3	 3	 3	 3	 5	 3	 3	
606	 6	 103	 10	 6	 31	 9	 3	 10	 7	 18	 12	 21	 10	 64	 3	 75	 12	 98	 1	 244	 1	 11	 131	 59	 60	 3	 3256	 3	 26	 313	 26	 277	 10	 14	 35	 5	 3	 234	 3	 3	 3	 234	 3	 742	 3	 5	 3	 3	 3	
63	 29	 4420	 27	 3	 2106	 2106	 678	 11	 3	 390	 3	 1163	 5	 3	 3	 3	 3	 173	 291	 3	 279	 845	 1352	 1	 179	 192	 1813	 5	 3	 3	 3	 3	 3	 135	 3	 5	 3	 3	 3	 3	 3	 3	 173	 3	 3	 3	 52	 3	 3	
738	 4	 811	 10	 33	 44	 3	 5	 3	 596	 3	 3	 3	 925	 392	 3	 3	 5	 3	 3	 3	 3	 2732	 5	 3	 3	 33	 44	 5	 3	 3	 3	 3	 3	 3	 3	 1753	 198	 84	 33	 223	 5	 3	 3	 3	 3	 3	 3	 33	 44	
54	 1461	 70	 353	 1	 15	 95	 149	 1	 12	 16	 32	 158	 4	 240	 20	 1476	 7	 111	 755	 167	 5	 3	 3	 3	 1468	 3	 3	 5	 3	 3	 5	 3	 5	 3	 3	 3	 3	 3	 5	 3	 3	 5	 3	 3	 3	 5	 3	 3	 5	
141	 182	 16	 807	 97	 24	 45	 66	 60	 3	 28	 25	 1217	 15	 70	 242	 3	 87	 11	 84	 97	 5	 3	 3	 97	 29	 41	 27	 97	 27	 5	 3	 3	 2444	 3379	 3	 55	 3	 3	 3	 135	 3	 3	 3	 3	 3	 135	 3	 3	 55	
40	 8	 37	 555	 310	 14	 1048	 11	 95	 639	 310	 6	 498	 1	 13	 58	 25	 1857	 8	 881	 6	 432	 1953	 74	 6	 49	 94	 67	 16	 25	 32	 94	 38	 6	 577	 1369	 5	 3	 3	 268	 5	 3	 3	 3	 1180	 5	 3	 0	 0	 0	
4	 415	 87	 42	 26	 1962	 1	 11	 3483	 5	 3	 3	 3	 3	 3	 10	 50	 41	 3604	 3	 2821	 3604	 1	 1165	 38	 45	 76	 4	 827	 6	 87	 1231	 225	 60	 3	 50	 135	 1373	 27	 599	 5	 3	 3	 1021	 10	 187	 5	 3	 3	 3	
1063	 39	 73	 1	 2689	 3326	 1	 1072	 1	 2557	 1	 1322	 3	 1	 1769	 63	 1	 2557	 5	 3	 1	 2181	 19	 271	 298	 7	 173	 5	 3	 3	 3	 3	 3	 3	 3	 717	 5	 3	 3	 3	 3	 3	 3	 3	 3	 3	 3	 173	 29	 2236	
72	 8	 58	 68	 11	 560	 12	 9	 3	 3	 3	 33	 3	 320	 1	 284	 3	 11	 728	 259	 1129	 197	 5	 3	 3	 3	 3	 3	 3	 3	 3	 1	 5	 3	 3	 3	 3	 3	 145	 3	 5	 3	 3	 3	 3	 3	 3	 3	 3	 3	
13	 210	 300	 427	 4	 314	 18	 6	 31	 9	 28	 280	 4	 1122	 80	 1	 7	 4	 597	 17	 80	 101	 19	 1330	 10	 95	 300	 644	 7	 805	 5	 3	 3	 3	 5	 3	 3	 3	 5	 3	 3	 3	 3	 5	 3	 3	 3	 3	 5	 3	
15	 1354	 171	 64	 511	 1502	 1264	 1238	 9	 7	 30	 9	 13	 104	 29	 356	 1	 4	 381	 461	 15	 110	 461	 1	 17	 2869	 56	 1015	 11	 2418	 311	 330	 27	 1	 82	 14	 55	 1	 11	 82	 17	 175	 18	 28	 146	 73	 14	 55	 5	 3	
40	 8	 37	 1613	 43	 6	 4900	 524	 56	 1021	 10	 1	 6	 33	 44	 86	 22	 134	 78	 4	 326	 8	 43	 6	 261	 7	 9	 159	 142	 5	 3	 3	 3	 3	 3	 5	 3	 3	 3	 3	 33	 44	 5	 3	 3	 33	 3	 346	 1363	 346	
15	 110	 461	 1	 13	 16	 699	 6	 519	 18	 16	 186	 8	 4	 415	 17	 1405	 81	 82	 14	 55	 11	 40	 8	 316	 200	 4	 264	 138	 10	 95	 92	 7	 35	 5	 3	 5	 3	 3	 2329	 5	 3	 3	 3	 680	 5	 3	 3	 3	 3	
29	 565	 27	 90	 88	 9	 142	 10	 6	 2502	 514	 78	 29	 75	 179	 640	 53	 27	 8	 58	 68	 9	 43	 12	 179	 640	 53	 11	 83	 189	 29	 356	 1	 179	 640	 35	 27	 7	 124	 1161	 146	 599	 5	 3	 3	 568	 5	 3	 3	 3	
540	 8	 37	 1025	 100	 12	 635	 775	 1	 64	 36	 32	 521	 1605	 4	 12	 50	 91	 73	 67	 6	 432	 114	 28	 4090	 315	 4	 152	 322	 19	 12	 108	 5	 3	 3	 5	 3	 3	 227	 1199	 845	 611	 611	 5	 3	 5	 3	 3	 5	 3	
17	 353	 3337	 397	 28	 1439	 5	 3	 3	 102	 845	 2214	 106	 67	 64	 28	 686	 1	 7	 6	 97	 1	 6	 408	 7	 28	 25	 4171	 5	 3	 3	 27	 5	 3	 3	 3	 5	 3	 3	 3	 123	 5	 3	 3	 5	 3	 3	 5	 3	 3	
137	 4	 23	 33	 44	 3	 402	 31	 9	 3	 3	 3	 9	 3	 3	 198	 5	 3	 614	 5	 3	 3	 3300	 1012	 3	 3	 33	 44	 5	 3	 3	 33	 175	 5	 3	 3	 3	 5	 3	 3	 268	 33	 5	 3	 28	 5	 3	 3	 3	 5	
4	 1191	 138	 14	 848	 1178	 600	 6	 1009	 1029	 11	 1207	 669	 10	 282	 1178	 38	 11	 602	 4	 23	 152	 1	 1383	 10	 115	 7	 6	 115	 60	 243	 1257	 5	 3	 3	 3	 3	 3	 3	 3	 3	 3	 3	 3	 5	 3	 3	 5	 3	 3	
29	 1129	 27	 3100	 4259	 862	 3	 3	 3	 3	 3	 3	 2917	 3	 5	 3	 3	 5	 3	 3	 60	 3	 3	 3	 3	 60	 3	 60	 3	 3	 3	 60	 3	 1870	 5	 3	 3	 5	 3	 3	 3	 3	 3	 3	 3	 3	 3	 3	 3	 3	
110	 10	 6	 9	 13	 51	 36	 32	 235	 3	 3	 268	 4	 64	 29	 875	 22	 12	 81	 296	 1	 26	 313	 26	 235	 441	 27	 5	 3	 234	 10	 12	 1940	 7	 1925	 81	 5	 3	 989	 39	 910	 12	 91	 4	 32	 191	 7	 994	 220	 6	
8	 61	 48	 6	 568	 4	 225	 430	 22	 14	 323	 735	 11	 812	 1	 176	 1	 18	 9	 16	 32	 146	 19	 12	 31	 9	 5	 3	 3	 812	 1	 11	 12	 1002	 20	 6	 78	 5	 3	 3	 234	 3	 74	 3	 74	 8	 107	 5	 3	 3	
24	 100	 6	 52	 20	 39	 11	 225	 1	 90	 536	 9	 11	 30	 9	 8	 47	 4	 39	 1	 75	 12	 98	 1	 65	 59	 1	 80	 98	 7	 173	 794	 1	 244	 1	 7	 536	 9	 5	 3	 234	 1	 7	 775	 10	 9	 5	 3	 234	 10	
72	 8	 58	 68	 11	 560	 12	 9	 3	 3	 3	 3	 3	 3	 3	 1	 1322	 3	 1	 160	 12	 5	 3	 3	 3	 3	 3	 3	 3	 3	 3	 3	 3	 3	 3	 3	 3	 3	 3	 5	 3	 3	 3	 3	 3	 3	 3	 3	 3	 5	
14	 53	 48	 23	 44	 63	 3	 3	 379	 175	 7	 2079	 446	 399	 29	 71	 489	 20	 69	 27	 5	 3	 29	 71	 33	 44	 69	 27	 5	 3	 3	 3	 3	 2196	 364	 242	 1811	 19	 1650	 22	 23	 55	 5	 3	 399	 399	 399	 3	 3	 5	
110	 10	 12	 1357	 16	 32	 10	 1004	 1254	 4	 6	 331	 49	 282	 44	 5	 3	 1402	 74	 3	 55	 5	 3	 33	 44	 1152	 1124	 4	 259	 10	 6	 117	 10	 52	 5	 3	 3	 5	 3	 3	 3	 209	 10	 6	 168	 5	 3	 3	 3	 3	
975	 10	 117	 7	 358	 3	 3	 3	 3	 44	 3	 3	 1089	 3	 379	 3	 3	 3	 1444	 3	 3	 5	 3	 3	 665	 3	 3	 3	 659	 166	 101	 4	 32	 686	 19	 534	 24	 271	 1	 3	 5	 3	 7	 3	 5	 3	 3	 3	 3	 3	
8	 58	 21	 42	 45	 76	 203	 200	 291	 431	 11	 113	 70	 179	 192	 52	 22	 14	 55	 5	 3	 3	 1230	 2355	 42	 26	 6	 1211	 3	 55	 5	 3	 2396	 2396	 5	 3	 3	 2182	 5	 3	 3	 135	 2355	 6	 533	 5	 3	 135	 3	 5	
4	 47	 2433	 35	 22	 6	 41	 60	 3	 3	 3	 3	 126	 7	 299	 219	 60	 30	 192	 16	 501	 530	 38	 30	 174	 5	 3	 3	 80	 2374	 60	 3	 2560	 9	 1	 7	 6	 1029	 9	 171	 6	 9	 28	 94	 15	 14	 263	 5	 3	 3	
71	 148	 189	 58	 32	 359	 168	 82	 6	 55	 1	 140	 16	 32	 231	 15	 14	 390	 11	 78	 11	 1	 40	 8	 37	 185	 10	 6	 1160	 1	 79	 57	 25	 240	 20	 39	 5	 3	 5	 3	 3	 279	 1199	 2322	 22	 14	 482	 71	 12	 50	
360	 988	 16	 108	 95	 1020	 10	 31	 9	 7	 264	 138	 10	 95	 1786	 35	 19	 95	 434	 9	 19	 95	 126	 11	 299	 205	 19	 95	 35	 11	 253	 4	 9	 199	 5	 3	 3	 33	 183	 5	 3	 3	 69	 3	 173	 3	 123	 96	 5	 3	
4589	 16	 38	 74	 4	 2562	 4589	 1	 7	 186	 8	 4	 615	 7	 674	 476	 22	 23	 255	 5	 3	 3	 135	 3	 135	 1026	 155	 1026	 155	 5	 3	 864	 10	 232	 7	 133	 1383	 5	 3	 3	 41	 5	 3	 3	 3	 896	 3	 5	 3	 3	
62	 177	 16	 61	 32	 86	 4	 501	 605	 19	 880	 1097	 1	 145	 11	 129	 936	 16	 32	 555	 15	 639	 310	 6	 661	 97	 332	 5	 3	 3	 600	 8	 7	 61	 8	 16	 702	 4	 104	 97	 18	 16	 32	 10	 232	 4	 12	 295	 5	 3	
15	 42	 461	 13	 580	 6	 209	 4	 2795	 11	 2627	 34	 170	 3618	 11	 209	 146	 4	 39	 5	 3	 3	 3	 5	 3	 3	 1	 214	 307	 5	 3	 3	 268	 5	 3	 3	 3	 5	 3	 3	 5	 3	 5	 3	 3	 691	 5	 3	 3	 5	
72	 13	 21	 31	 9	 63	 3	 3	 29	 6	 767	 27	 171	 17	 55	 464	 77	 4	 124	 42	 17	 108	 60	 669	 50	 2633	 9	 3	 137	 60	 33	 172	 27	 60	 3	 179	 192	 3	 3	 50	 41	 322	 5	 3	 3	 179	 3	 53	 5	 3	
8	 16	 104	 3484	 1606	 26	 17	 10	 148	 307	 93	 776	 11	 6	 28	 621	 4	 32	 82	 1	 11	 22	 6	 759	 10	 34	 621	 302	 416	 137	 22	 6	 78	 1	 11	 72	 4	 560	 11	 285	 12	 9	 28	 25	 523	 5	 3	 3	 5	 3	
110	 10	 134	 2940	 36	 47	 6	 432	 755	 98	 7	 59	 7	 411	 9	 119	 113	 100	 6	 87	 18	 8	 396	 32	 2839	 19	 5	 3	 3	 33	 44	 1	 38	 67	 119	 36	 32	 1521	 228	 24	 12	 91	 5	 3	 3	 122	 5	 3	 1349	 5	
353	 182	 253	 4	 6	 21	 10	 6	 50	 41	 16	 32	 304	 22	 31	 9	 94	 22	 6	 53	 5	 3	 3	 3	 3	 135	 3	 41	 3	 135	 3	 135	 3	 135	 3	 135	 3	 135	 3	 50	 135	 6	 135	 5	 3	 3	 135	 3	 135	 3	
4521	 192	 717	 5	 3	 173	 3	 33	 44	 63	 1607	 193	 10	 676	 3	 29	 27	 3	 135	 3	 33	 44	 5	 3	 3	 173	 3	 3	 3	 3	 3	 3	 3	 3	 5	 3	 3	 3	 3	 3	 3	 3	 3	 3	 5	 3	 3	 3	 3	 3	
1739	 94	 24	 141	 4429	 35	 3	 11	 50	 377	 907	 16	 153	 6	 98	 11	 667	 1	 59	 10	 6	 155	 626	 1	 11	 30	 9	 166	 41	 1373	 42	 26	 91	 77	 145	 161	 59	 1	 161	 59	 7	 411	 9	 5	 3	 3	 102	 5	 3	 234	
