13	 16	 61	 47	 8	 6	 35	 146	 82	 14	 55	 1	 75	 12	 189	 1204	 1	 131	 59	 1	 128	 52	 1290	 1	 95	 2285	 943	 19	 6	 136	 203	 7	 136	 203	 5	 3	 3	 3	 3	 3	 3	 3	 3	 5	 3	 3	 3	 3	 41	 5	
255	 49	 16	 153	 7	 161	 250	 1	 49	 94	 38	 129	 249	 367	 7	 68	 155	 4	 155	 18	 1863	 6	 457	 129	 1	 91	 11	 364	 367	 1	 68	 514	 7	 6	 1029	 266	 5	 3	 172	 3	 293	 5	 3	 3	 3	 364	 364	 19	 125	 293	
194	 1147	 19	 9	 1477	 4	 9	 19	 33	 7	 103	 5	 3	 3	 669	 3	 3	 3	 3	 3	 3	 3163	 102	 3	 29	 71	 69	 27	 751	 192	 370	 1182	 3	 35	 4	 12	 286	 29	 75	 6	 118	 97	 27	 5	 3	 3	 3	 84	 103	 3	
13	 16	 61	 1537	 23	 9	 128	 21	 64	 19	 405	 1247	 1	 2225	 80	 43	 1	 560	 74	 7	 362	 9	 38	 8	 5	 3	 3	 102	 1251	 4	 74	 514	 58	 372	 68	 1	 1469	 7	 1496	 5	 3	 3	 3	 3	 3	 3	 3	 1066	 71	 5	
40	 8	 37	 340	 22	 12	 114	 11	 129	 24	 100	 14	 52	 1	 13	 36	 2095	 12	 161	 59	 5	 3	 2396	 102	 5	 3	 234	 73	 6	 74	 10	 12	 91	 5	 3	 3	 135	 59	 5	 3	 3	 59	 5	 3	 3	 322	 5	 3	 3	 3	
84	 880	 1097	 5	 3	 3	 3	 3	 3	 3	 2130	 1234	 3	 5	 3	 3	 1167	 5	 3	 198	 22	 6	 589	 53	 5	 3	 3	 610	 29	 71	 53	 69	 27	 5	 3	 407	 98	 1	 50	 215	 1	 131	 159	 7	 407	 645	 5	 3	 758	 379	
62	 1053	 61	 36	 25	 21	 63	 2552	 43	 1909	 55	 11	 84	 92	 763	 30	 78	 5	 3	 3	 3	 84	 2698	 279	 222	 5	 3	 279	 1012	 3	 268	 178	 878	 395	 73	 594	 63	 3	 187	 197	 5	 3	 3	 828	 192	 3	 175	 3	 3	 993	
12	 80	 417	 28	 1013	 948	 24	 12	 291	 678	 5	 3	 3	 989	 39	 4	 206	 8	 4	 17	 41	 18	 765	 32	 944	 15	 12	 668	 10	 6	 35	 410	 12	 189	 5	 3	 3	 3	 541	 5	 3	 3	 3	 3	 3	 5	 3	 3	 3	 3	
47	 8	 20	 3316	 7	 3657	 777	 10	 2320	 1	 241	 1	 92	 7	 35	 18	 13	 239	 4	 14	 326	 8	 10	 42	 35	 60	 3	 3	 3	 3	 52	 1	 21	 10	 11	 348	 15	 6	 189	 60	 11	 3	 2052	 60	 3	 3	 3	 3	 3	 3	
1340	 38	 33	 44	 1	 1248	 3	 406	 126	 3	 3	 1892	 3	 3	 44	 3	 3	 3300	 44	 5	 3	 3	 3	 3	 3	 3	 3	 721	 3	 863	 3	 1525	 52	 3	 1016	 1812	 33	 44	 5	 3	 3	 1319	 3	 3	 3	 3	 3	 3	 3	 3	
40	 8	 57	 25	 269	 3528	 4	 57	 1	 21	 46	 11	 30	 35	 1	 8	 164	 1436	 4	 133	 156	 138	 83	 320	 8	 16	 124	 22	 6	 35	 5	 3	 3	 135	 5	 3	 35	 19	 6	 207	 10	 968	 157	 5	 3	 3	 452	 5	 3	 0	
14	 174	 7	 36	 25	 6	 242	 7	 455	 56	 558	 4	 264	 138	 10	 380	 510	 5	 3	 3	 198	 5	 3	 1916	 1496	 60	 3	 3	 5	 3	 3192	 5	 3	 3	 3	 3	 3	 3	 3	 3	 3	 3	 60	 3	 3	 3	 3	 3	 3	 3	
62	 45	 66	 16	 21	 46	 1	 539	 628	 7	 30	 177	 4	 51	 9	 18	 37	 1058	 4	 8	 337	 8	 37	 100	 6	 35	 5	 3	 3	 295	 10	 77	 5	 3	 4528	 19	 6	 150	 5	 3	 3	 3	 3	 3	 3	 19	 618	 10	 242	 968	
3809	 3658	 3	 8	 29	 5	 3	 69	 27	 3	 1380	 49	 159	 49	 82	 12	 50	 91	 5	 3	 234	 5	 3	 3	 3450	 4527	 3	 3	 50	 135	 3	 3	 3	 3	 3	 135	 3	 3	 1034	 135	 227	 3	 3	 135	 3	 135	 3	 135	 3	 135	
46	 7	 30	 177	 3	 63	 3	 10	 91	 364	 1448	 3	 307	 1	 6	 115	 892	 263	 297	 60	 3	 3	 3	 28	 575	 191	 306	 19	 70	 263	 3	 1066	 60	 3	 29	 67	 343	 1893	 343	 1893	 27	 184	 293	 22	 17	 55	 145	 2799	 1528	 5	
23	 28	 1512	 61	 22	 17	 49	 522	 590	 129	 54	 1001	 15	 7	 16	 21	 161	 16	 133	 4	 206	 7	 2073	 1935	 3	 5	 3	 172	 49	 5	 3	 3	 383	 135	 3	 5	 3	 383	 107	 5	 3	 3	 135	 5	 3	 3	 3	 5	 3	 3	
9	 714	 38	 11	 43	 8	 3	 26	 28	 181	 7	 280	 4	 12	 681	 7	 167	 26	 4	 8	 7	 170	 1492	 60	 3	 3	 4174	 1026	 3575	 28	 4595	 4	 879	 708	 1	 120	 6	 183	 1	 388	 1	 11	 409	 10	 3713	 1	 14	 77	 1	 14	
6	 103	 10	 12	 31	 9	 28	 505	 4	 39	 5	 3	 3	 7	 498	 742	 33	 665	 60	 13	 1013	 1882	 4	 12	 81	 81	 82	 111	 733	 73	 110	 514	 82	 110	 52	 144	 396	 32	 267	 4	 47	 12	 49	 5	 3	 3	 3846	 5	 3	 52	
110	 797	 153	 63	 15	 95	 448	 1	 13	 16	 239	 457	 663	 11	 35	 38	 17	 45	 76	 29	 42	 26	 15	 706	 1339	 1	 582	 392	 27	 5	 3	 3	 289	 5	 3	 331	 60	 3	 3	 666	 1137	 11	 754	 980	 5	 3	 1012	 3	 5	 3	
33	 44	 7	 488	 49	 3	 3	 3	 3	 3	 3	 3	 2363	 22	 111	 2128	 50	 53	 5	 3	 3	 3	 3	 3	 3	 307	 689	 1007	 1012	 60	 279	 3	 931	 3	 1841	 3	 279	 279	 899	 1846	 5	 1	 717	 5	 3	 3	 3	 721	 5	 3	
54	 8	 277	 11	 890	 92	 11	 35	 22	 3	 11	 78	 29	 42	 26	 12	 147	 11	 1387	 163	 27	 1	 8	 1466	 15	 229	 20	 12	 2548	 147	 163	 81	 3	 152	 60	 3	 3	 150	 35	 7	 30	 68	 9	 3	 152	 1	 1293	 897	 5	 3	
8	 58	 1199	 758	 11	 162	 758	 39	 73	 6	 65	 59	 73	 6	 946	 10	 18	 80	 11	 24	 100	 6	 421	 129	 675	 412	 20	 6	 55	 5	 3	 3	 3	 3	 1425	 10	 6	 55	 5	 3	 3	 3	 3	 74	 5	 3	 3	 3	 3	 5	
13	 16	 1537	 23	 9	 26	 1265	 63	 3	 9	 159	 259	 278	 27	 5	 3	 3	 183	 142	 5	 3	 3	 3	 33	 175	 5	 3	 3	 3	 1503	 170	 534	 3	 259	 5	 3	 3	 5	 3	 3	 1034	 2181	 259	 5	 3	 3	 3	 44	 5	 3	
3689	 16	 113	 299	 416	 4	 1028	 1	 965	 20	 218	 115	 1	 1336	 11	 627	 322	 5	 3	 3	 60	 3	 1155	 253	 35	 60	 7	 1548	 5	 3	 0	 0	 0	 0	 0	 0	 0	 0	 0	 0	 0	 0	 0	 0	 0	 0	 0	 0	 0	 0	
40	 8	 1062	 219	 4	 17	 141	 310	 3638	 1	 13	 36	 1459	 12	 1201	 11	 854	 4	 64	 738	 4	 12	 533	 5	 3	 482	 392	 19	 185	 11	 125	 10	 83	 331	 21	 5	 3	 3	 2897	 5	 3	 476	 7	 299	 241	 60	 3	 2034	 3	 1069	
1108	 1	 15	 331	 1	 110	 149	 7	 35	 16	 124	 110	 149	 110	 10	 6	 35	 22	 14	 78	 16	 47	 8	 20	 110	 11	 253	 92	 7	 35	 5	 3	 3	 2329	 19	 8	 24	 3319	 6	 30	 78	 5	 3	 50	 53	 5	 3	 3	 3	 3	
13	 47	 95	 35	 4	 8	 1	 42	 26	 54	 13	 816	 322	 19	 1	 11	 2127	 17	 2739	 2456	 20	 30	 736	 5	 3	 3	 3	 3	 3	 5	 3	 3	 3	 3	 3	 3	 1	 70	 675	 1	 1072	 1	 67	 37	 340	 24	 2065	 5	 3	 3	
701	 6	 50	 41	 3	 3	 3	 3	 3	 3	 3	 3	 3	 3	 731	 146	 19	 68	 4	 14	 77	 145	 31	 678	 60	 217	 222	 3	 1511	 1592	 60	 7	 3	 227	 3	 1997	 1185	 60	 3	 5	 3	 3	 3	 1012	 3	 3	 135	 5	 3	 3	
22	 6	 200	 1	 8	 58	 143	 4	 264	 138	 10	 380	 299	 599	 309	 38	 39	 7	 18	 4	 454	 77	 10	 6	 599	 15	 439	 548	 11	 45	 76	 123	 3018	 15	 6	 519	 5	 3	 3	 33	 5	 3	 3	 148	 3	 5	 69	 3	 3	 3	
1090	 99	 16	 21	 374	 783	 4	 1696	 6	 315	 10	 15	 17	 122	 7	 1	 260	 17	 150	 154	 1531	 139	 16	 48	 1177	 287	 46	 38	 50	 215	 11	 38	 30	 50	 53	 5	 3	 187	 5	 3	 3	 3	 3	 173	 5	 3	 331	 3	 78	 5	
13	 16	 51	 95	 9	 82	 1507	 49	 5	 3	 3	 289	 3	 3	 1180	 3	 1	 75	 1161	 146	 82	 6	 482	 6	 246	 10	 12	 9	 5	 3	 3	 28	 231	 15	 424	 729	 10	 1076	 7	 6	 457	 38	 6	 178	 38	 50	 135	 5	 3	 3	
13	 36	 85	 23	 246	 10	 9	 20	 14	 45	 76	 196	 11	 30	 45	 66	 5	 3	 3	 3	 431	 29	 71	 2322	 69	 27	 269	 4	 32	 1441	 70	 71	 2109	 352	 57	 5	 3	 69	 5	 3	 3	 173	 3	 71	 69	 71	 2109	 5	 3	 3	
40	 13	 104	 95	 347	 10	 9	 1	 13	 36	 113	 17	 175	 4	 8	 10	 6	 65	 119	 108	 5	 3	 33	 44	 65	 59	 5	 3	 234	 22	 14	 78	 7	 50	 52	 1314	 5	 3	 3	 1294	 123	 1185	 50	 1577	 5	 3	 3	 2227	 5	 3	
4	 47	 17	 126	 52	 4	 8	 1	 13	 36	 226	 18	 6	 178	 9	 36	 32	 86	 24	 39	 19	 293	 22	 108	 180	 4	 326	 8	 40	 12	 901	 28	 1220	 5	 3	 234	 419	 5	 3	 59	 5	 3	 3	 669	 19	 2590	 1146	 1930	 5	 3	
46	 391	 34	 9	 8	 47	 54	 8	 37	 1	 439	 54	 8	 415	 17	 214	 357	 4	 12	 189	 1	 171	 6	 31	 9	 1057	 24	 8	 19	 17	 1167	 1174	 5	 3	 3	 234	 28	 268	 5	 3	 234	 5	 3	 234	 3	 3	 3	 3	 3	 3	
13	 16	 51	 9	 18	 13	 378	 43	 8	 82	 46	 1	 50	 215	 1	 7	 302	 177	 11	 15	 95	 149	 10	 14	 55	 11	 35	 18	 13	 354	 16	 32	 452	 26	 10	 134	 626	 24	 39	 5	 3	 3	 3	 3	 3	 3	 3	 122	 5	 3	
214	 335	 7	 622	 645	 1304	 6	 899	 4	 2009	 5	 3	 3	 5	 3	 3	 173	 3	 3	 1034	 1643	 268	 5	 3	 3	 3	 3	 3	 3	 3	 5	 3	 5	 3	 1034	 1416	 3	 5	 3	 3	 3	 3	 3	 3	 3	 173	 78	 5	 3	 3	
12	 360	 33	 183	 279	 108	 17	 859	 108	 19	 360	 988	 16	 108	 222	 5	 3	 3	 5	 3	 3	 1	 413	 16	 32	 17	 10	 6	 425	 123	 192	 15	 34	 74	 371	 955	 15	 67	 6	 123	 154	 303	 116	 4	 39	 22	 6	 2306	 173	 5	
8	 164	 283	 6	 1729	 33	 44	 19	 67	 64	 462	 2772	 1	 7	 19	 434	 9	 1	 42	 26	 63	 3	 4835	 173	 56	 142	 5	 3	 3	 3	 3	 3	 370	 1026	 192	 29	 27	 5	 3	 3	 3	 1369	 3	 5	 3	 3	 5	 3	 3	 5	
6	 117	 10	 21	 19	 414	 22	 6	 432	 1153	 10	 74	 7	 36	 702	 4	 1805	 1654	 745	 22	 23	 41	 5	 3	 3	 3	 3	 3	 3	 3	 3	 3	 3	 3	 5	 3	 3	 5	 3	 3	 5	 3	 135	 3	 5	 3	 3	 3	 3	 3	
1994	 3243	 4	 251	 12	 49	 310	 10	 6	 347	 10	 307	 18	 2087	 2912	 6	 103	 10	 12	 49	 15	 6	 118	 49	 82	 6	 118	 1	 6	 11	 516	 10	 12	 21	 10	 6	 118	 1	 118	 52	 144	 7	 118	 53	 5	 3	 103	 5	 3	 103	
2118	 637	 717	 5	 3	 5	 3	 3	 3	 33	 44	 3	 3	 55	 1399	 346	 5	 3	 399	 3	 1399	 850	 22	 6	 41	 1	 33	 1248	 29	 3470	 1503	 588	 4466	 27	 11	 559	 29	 6	 71	 41	 69	 27	 5	 3	 3	 3	 41	 241	 17	 800	
358	 10	 21	 7	 498	 115	 3	 33	 335	 602	 4	 271	 298	 7	 16	 25	 32	 26	 2596	 26	 134	 15	 12	 33	 282	 408	 15	 12	 474	 10	 1443	 5	 3	 3	 5	 3	 3	 5	 3	 3	 3	 3	 3	 5	 3	 3	 3	 5	 3	 3	
13	 57	 51	 9	 38	 6	 1750	 8	 124	 403	 6	 41	 403	 6	 161	 29	 399	 27	 5	 3	 1029	 257	 19	 424	 654	 49	 5	 3	 3	 864	 5	 3	 3	 3163	 3	 3	 3	 3	 3	 3	 3	 3	 3	 3	 3	 3	 3	 3	 3	 3	
8	 58	 963	 71	 193	 10	 49	 159	 1	 21	 11	 199	 6	 178	 49	 159	 128	 49	 24	 178	 6	 492	 5	 3	 69	 3	 3	 3	 3	 3	 3	 3	 1324	 5	 3	 3	 279	 2099	 5	 3	 3	 1012	 3	 5	 3	 3	 1012	 3	 3	 691	
15	 95	 448	 1	 13	 16	 32	 1343	 4	 186	 8	 4	 21	 110	 10	 12	 1157	 1337	 11	 2210	 4	 206	 8	 1	 1337	 7	 1165	 5	 3	 3	 3	 5	 3	 3	 5	 3	 35	 1	 126	 11	 2315	 1	 1	 261	 11	 52	 5	 3	 5	 3	
54	 8	 89	 39	 19	 394	 1	 13	 36	 247	 8	 19	 456	 19	 21	 24	 30	 307	 13	 113	 8	 49	 43	 83	 35	 5	 3	 5	 3	 234	 60	 148	 3	 188	 5	 3	 5	 3	 3	 3	 1	 611	 5	 3	 611	 16	 283	 6	 753	 7	
519	 15	 67	 13	 132	 9	 8	 47	 6	 9	 12	 59	 15	 6	 814	 59	 1	 8	 36	 32	 267	 4	 551	 8	 43	 6	 850	 10	 12	 441	 20	 39	 5	 3	 3	 3	 80	 56	 295	 5	 3	 3	 3	 3	 3	 3	 296	 3	 205	 5	
2938	 16	 85	 12	 31	 9	 20	 45	 66	 26	 181	 4	 463	 35	 22	 272	 10	 6	 173	 60	 3	 3	 2765	 742	 5	 3	 3	 3	 1	 3	 11	 1482	 52	 5	 3	 3	 3	 3	 3	 1034	 1369	 5	 3	 3	 3	 4803	 3	 3	 5	 3	
909	 1	 15	 101	 4	 152	 958	 359	 4	 8	 304	 22	 12	 362	 293	 1	 1350	 1	 7	 4372	 102	 1	 26	 313	 26	 20	 265	 11	 52	 9	 16	 32	 626	 1	 6	 52	 332	 11	 30	 45	 66	 5	 3	 3	 3	 358	 965	 20	 12	 230	
148	 185	 106	 213	 233	 269	 4	 21	 17	 50	 41	 160	 1965	 15	 17	 527	 392	 11	 106	 148	 188	 188	 10	 6	 50	 41	 21	 5	 3	 5	 3	 3	 5	 3	 3	 3	 1046	 364	 5	 3	 3	 364	 5	 3	 3	 5	 3	 3	 3	 5	
6	 766	 112	 25	 387	 308	 196	 11	 327	 658	 18	 37	 310	 10	 83	 1393	 5	 3	 3	 5	 3	 3	 5	 3	 3	 5	 3	 3	 3	 3	 3	 3	 5	 3	 3	 3	 3	 50	 41	 5	 3	 3	 3	 3	 5	 3	 3	 3	 5	 3	
64	 28	 25	 14	 596	 4	 32	 267	 4	 59	 884	 18	 37	 25	 412	 20	 2796	 1	 11	 1	 140	 13	 36	 25	 1171	 23	 49	 20	 30	 435	 11	 435	 5	 3	 3	 3	 3	 3	 5	 3	 3	 5	 3	 3	 33	 5	 3	 3	 3	 3	
40	 8	 143	 4	 1460	 11	 21	 6	 52	 7	 225	 430	 1	 15	 760	 832	 100	 34	 42	 453	 28	 146	 4	 12	 216	 11	 87	 5	 3	 3	 3	 3	 3	 3	 3	 3	 3	 3	 3	 814	 3	 3	 3	 3	 135	 5	 3	 3	 135	 5	
40	 8	 37	 70	 4166	 286	 1	 13	 21	 23	 9	 4	 184	 12	 147	 163	 293	 324	 6	 405	 21	 10	 12	 81	 5	 3	 3	 234	 4	 124	 12	 273	 7	 124	 413	 5	 3	 3	 653	 295	 5	 3	 3	 234	 10	 74	 5	 3	 3	 273	
383	 419	 63	 1856	 1361	 3	 3	 3	 3	 1302	 44	 223	 3	 3	 1914	 84	 3	 29	 17	 286	 27	 1	 480	 9	 29	 26	 1052	 197	 27	 1	 95	 480	 1935	 1	 3995	 10	 17	 360	 627	 379	 1474	 1	 1472	 1	 1072	 1295	 5	 3	 3	 3	
1205	 4486	 541	 3	 3	 3	 3	 3	 1	 4271	 3332	 2792	 5	 3	 4318	 1878	 4690	 4310	 70	 1982	 11	 70	 1982	 11	 30	 486	 5	 3	 3	 393	 531	 5	 3	 33	 52	 165	 5	 3	 669	 50	 41	 5	 3	 0	 0	 0	 0	 0	 0	 0	
101	 19	 39	 58	 305	 95	 10	 95	 3869	 624	 3	 11	 384	 21	 11	 4	 1539	 1298	 49	 309	 24	 1	 82	 14	 55	 1527	 765	 206	 2660	 19	 95	 441	 20	 39	 5	 3	 3	 102	 10	 1425	 4	 77	 5	 3	 1496	 864	 5	 3	 234	 10	
46	 58	 32	 1051	 22	 6	 2235	 11	 403	 6	 55	 5	 3	 3	 982	 3	 515	 3	 135	 5	 3	 135	 3	 135	 5	 3	 3	 135	 3	 19	 67	 64	 402	 154	 303	 5	 3	 3	 5	 3	 1349	 5	 3	 3	 3	 5	 3	 3	 5	 3	
54	 8	 1323	 92	 11	 35	 11	 124	 70	 84	 415	 878	 3	 1	 143	 12	 90	 525	 9	 5	 3	 3	 84	 3	 198	 5	 3	 3	 60	 3	 495	 46	 231	 24	 8	 22	 12	 135	 1	 11	 3	 148	 577	 5	 3	 3	 480	 480	 9	 28	
72	 57	 372	 68	 444	 31	 9	 227	 3	 3	 3	 227	 3	 3	 3	 3	 3	 3	 227	 3	 227	 990	 227	 3	 227	 3	 227	 3	 279	 7	 792	 227	 71	 227	 3	 227	 3	 71	 81	 657	 69	 3	 3	 870	 227	 3	 3	 3	 227	 3	
13	 643	 85	 12	 90	 88	 9	 20	 30	 256	 1411	 815	 58	 26	 9	 1344	 38	 62	 177	 29	 194	 197	 106	 62	 49	 33	 44	 27	 5	 3	 3	 5	 3	 3	 331	 55	 5	 3	 3	 494	 76	 1	 4391	 5	 3	 256	 173	 5	 3	 2396	
376	 14	 783	 4	 378	 95	 353	 9	 43	 8	 1	 67	 16	 153	 12	 161	 59	 11	 1781	 9	 5	 3	 3	 3	 234	 10	 74	 7	 6	 234	 10	 514	 18	 74	 8	 107	 6	 41	 5	 3	 234	 10	 74	 5	 3	 102	 10	 67	 8	 626	
19	 125	 9	 43	 72	 179	 640	 53	 16	 51	 7	 51	 9	 1	 8	 16	 741	 4	 21	 83	 35	 19	 6	 35	 10	 23	 49	 5	 3	 52	 102	 227	 217	 7	 217	 222	 5	 3	 1012	 3	 97	 5	 3	 3	 165	 5	 3	 3	 3	 3	
110	 1192	 10	 14	 55	 16	 61	 305	 95	 46	 38	 110	 50	 215	 7	 16	 21	 46	 15	 83	 131	 7	 4	 882	 14	 41	 309	 4	 12	 172	 5	 3	 3	 78	 3	 205	 7	 6	 558	 4	 414	 95	 92	 5	 3	 3	 3	 618	 10	 14	
137	 4	 23	 33	 223	 3	 9	 175	 3	 3	 3	 3	 103	 3	 505	 282	 5	 3	 3	 632	 3	 5	 3	 3	 2396	 3	 3	 175	 5	 3	 3	 44	 1654	 5	 3	 3	 5	 3	 170	 1399	 5	 3	 3	 33	 44	 3	 3	 5	 3	 3	
331	 9	 1	 42	 26	 6	 234	 7	 2929	 10	 21	 2542	 4	 87	 249	 4	 12	 308	 343	 1675	 5	 3	 3	 102	 112	 25	 51	 34	 49	 18	 112	 25	 391	 49	 4	 8	 54	 8	 107	 17	 768	 759	 5	 3	 135	 3	 135	 5	 3	 135	
8	 58	 61	 3810	 4	 70	 306	 17	 1066	 22	 4613	 1	 17	 329	 1	 1201	 1	 11	 40	 12	 31	 9	 462	 94	 4	 1014	 1790	 19	 17	 366	 55	 11	 35	 11	 18	 13	 67	 48	 303	 1329	 7	 280	 5	 3	 3	 3	 103	 962	 5	 3	
1391	 37	 555	 220	 6	 188	 10	 14	 77	 5	 3	 3	 3	 1478	 242	 5	 3	 3	 1122	 268	 5	 3	 3	 28	 566	 24	 6	 3818	 5	 3	 515	 5	 3	 3	 3	 5	 3	 3	 3	 3	 3	 3	 5	 3	 3	 3	 3	 3	 5	 3	
22	 14	 55	 63	 3	 2611	 3	 1360	 3	 259	 3	 3	 3	 84	 154	 303	 1033	 38	 1701	 4	 885	 6	 681	 10	 6	 77	 106	 1027	 697	 10	 213	 5	 3	 3	 3	 3	 3	 78	 5	 3	 3	 3	 3	 5	 3	 3	 5	 3	 3	 5	
1996	 16	 21	 424	 1456	 10	 95	 347	 10	 9	 54	 46	 58	 153	 63	 12	 161	 59	 1	 23	 331	 59	 1	 7	 6	 91	 56	 453	 1	 7	 6	 1200	 55	 59	 5	 3	 3	 511	 1185	 59	 5	 3	 3	 840	 135	 5	 3	 135	 5	 3	
6	 55	 7	 136	 263	 10	 6	 117	 10	 21	 37	 86	 24	 39	 7	 1862	 168	 7	 795	 219	 7	 119	 37	 300	 5	 3	 3	 3	 2476	 5	 3	 3	 431	 1869	 5	 3	 3	 5	 3	 1012	 3	 3	 1207	 5	 3	 3	 2240	 5	 3	 3	
4	 314	 13	 48	 12	 33	 7	 2051	 6	 33	 7	 13	 827	 8	 4	 47	 30	 92	 42	 26	 1668	 5	 3	 9	 3	 5	 3	 3	 840	 3	 60	 3	 1	 2061	 346	 7	 68	 20	 8	 5	 3	 3	 3	 3	 167	 5	 3	 3	 3	 172	
19	 30	 96	 22	 23	 41	 1	 77	 16	 180	 11	 287	 23	 9	 5	 3	 3	 151	 7	 30	 151	 5	 3	 3	 2227	 19	 77	 145	 4163	 864	 5	 69	 3	 3	 2440	 10	 569	 1023	 5	 3	 3	 3	 5	 3	 3	 5	 3	 3	 5	 3	
19	 127	 1	 23	 50	 41	 782	 214	 886	 29	 140	 696	 1	 27	 18	 963	 8	 195	 6	 432	 50	 135	 11	 1	 6	 246	 10	 475	 6	 41	 61	 948	 7	 291	 4	 1867	 8	 5	 3	 452	 234	 1	 7	 1294	 27	 5	 3	 452	 234	 5	
