13	 338	 23	 49	 13	 1013	 315	 20	 14	 556	 4	 463	 62	 2335	 5	 3	 3	 1	 14	 534	 7	 218	 115	 5	 3	 3	 49	 103	 5	 3	 5	 3	 1012	 3	 3	 5	 3	 3	 3	 5	 3	 3	 5	 3	 3	 3	 5	 3	 3	 3	
19	 17	 1246	 1349	 10	 1194	 182	 220	 6	 55	 1	 79	 217	 222	 3	 5	 3	 3	 982	 3	 5	 3	 3	 3	 80	 5	 3	 3	 1185	 1	 1	 79	 217	 22	 990	 56	 135	 5	 3	 3	 1066	 19	 84	 5	 3	 3	 3	 5	 3	 3	
549	 405	 274	 177	 24	 100	 6	 432	 654	 10	 118	 97	 177	 5	 3	 3	 3	 3	 1097	 5	 3	 3	 3	 3	 3	 3	 3	 1	 3	 10	 192	 5	 3	 3	 864	 3	 3	 3	 7	 721	 5	 3	 3	 3	 3	 3	 3	 3	 3	 3	
2190	 3238	 28	 1172	 17	 1620	 759	 7	 112	 25	 287	 34	 49	 876	 15	 6	 503	 36	 32	 1442	 6	 1664	 102	 5	 3	 3	 3	 5	 3	 3	 5	 3	 3	 3	 5	 3	 3	 5	 3	 3	 3	 3	 5	 3	 3	 3	 3	 3	 3	 5	
1309	 12	 9	 235	 3	 3	 3	 1	 717	 5	 3	 3	 3	 3	 1	 3	 5	 3	 5	 3	 1	 431	 28	 803	 4	 1807	 870	 7	 103	 10	 6	 1554	 69	 1499	 69	 39	 189	 135	 1	 7	 72	 13	 443	 14	 53	 145	 645	 5	 3	 1499	
199	 10	 12	 9	 3	 3	 3	 33	 3	 4602	 3	 1	 3	 3	 3	 3	 3	 44	 3	 3	 3	 3	 3	 3	 3	 3	 3	 3	 5	 3	 3	 3	 3	 3	 3	 3	 3	 3	 3	 3	 3	 3	 3	 3	 3	 5	 3	 3	 3	 3	
12	 21	 10	 23	 55	 2108	 4	 8	 73	 34	 74	 7	 36	 32	 1477	 4	 6	 915	 10	 23	 33	 44	 26	 1429	 26	 655	 2497	 5	 3	 5	 3	 3	 27	 5	 3	 3	 52	 5	 3	 3	 135	 5	 3	 3	 5	 3	 3	 669	 5	 3	
78	 7	 203	 37	 146	 19	 435	 1151	 20	 872	 1	 7	 119	 37	 37	 5	 3	 3	 3	 3	 5	 3	 3	 5	 3	 3	 5	 3	 3	 2132	 3	 1499	 69	 84	 5	 3	 5	 3	 33	 44	 5	 3	 3	 3	 3	 5	 3	 3	 3	 5	
776	 139	 19	 1271	 10	 65	 167	 3	 3	 1869	 60	 3	 3	 3	 1591	 1	 342	 7	 299	 599	 60	 3	 3	 3	 3	 3	 3	 3	 3	 3	 3	 3	 3	 3	 3	 3	 3	 3	 3	 3	 3	 3	 1869	 1869	 2360	 1869	 4574	 15	 101	 4	
148	 49	 629	 324	 6	 118	 28	 1079	 1559	 24	 246	 10	 49	 282	 5	 3	 831	 173	 5	 3	 17	 754	 1060	 5	 3	 1007	 357	 5	 27	 3	 192	 5	 3	 1012	 3	 5	 3	 3	 1349	 5	 3	 3	 55	 5	 3	 3	 173	 1012	 3	 11	
13	 58	 25	 1810	 18	 6	 33	 10	 34	 42	 9	 11	 36	 32	 419	 11	 966	 24	 39	 73	 6	 432	 947	 10	 33	 282	 681	 5	 3	 3	 5	 3	 3	 3	 3	 3300	 5	 3	 3	 5	 3	 3	 1012	 3	 3	 3	 3	 3	 3	 3	
2396	 1	 1072	 11	 474	 37	 86	 15	 1220	 4	 17	 3	 611	 4	 47	 878	 205	 54	 119	 37	 280	 4	 6	 331	 1263	 812	 29	 71	 3198	 69	 27	 5	 3	 3	 637	 3	 78	 69	 27	 5	 3	 3	 3	 173	 5	 3	 3	 3	 169	 5	
13	 483	 8	 4	 224	 23	 33	 44	 4	 32	 485	 22	 6	 31	 984	 485	 222	 8	 668	 5	 3	 3	 3	 173	 5	 3	 3	 103	 427	 803	 4	 120	 12	 31	 9	 5	 3	 3	 103	 954	 954	 5	 3	 3	 103	 5	 3	 3	 3004	 3	
110	 2089	 2456	 4	 95	 583	 58	 124	 168	 68	 4	 95	 87	 38	 14	 78	 5	 3	 3	 678	 5	 3	 1094	 413	 28	 1914	 24	 493	 121	 247	 17	 2000	 4	 32	 626	 7	 2438	 1070	 4	 68	 5	 3	 33	 35	 5	 3	 234	 73	 6	 107	
62	 593	 1013	 153	 1286	 9	 726	 147	 1174	 708	 1446	 123	 516	 1189	 52	 1	 126	 11	 302	 554	 1	 128	 150	 52	 5	 3	 955	 29	 150	 52	 1	 1	 2139	 27	 7	 192	 1	 7	 30	 955	 10	 6	 56	 2353	 5	 3	 3	 3	 3300	 27	
428	 9	 16	 153	 1935	 42	 26	 411	 7	 9	 2148	 38	 6	 308	 68	 4	 17	 261	 67	 16	 32	 2287	 15	 292	 7	 654	 775	 5	 3	 3	 3	 331	 192	 3	 3	 3	 2034	 27	 5	 3	 3	 3	 2360	 3	 3	 3	 3	 3	 3	 3	
12	 139	 4	 23	 33	 44	 2289	 24	 12	 1262	 36	 1465	 12	 345	 4	 6	 33	 44	 5	 3	 3	 102	 5	 3	 3	 33	 44	 5	 3	 234	 10	 74	 7	 34	 10	 6	 87	 10	 62	 78	 37	 1079	 19	 111	 5	 3	 3	 268	 5	 3	
13	 16	 21	 23	 9	 4	 389	 87	 249	 4	 8	 1	 200	 8	 217	 22	 1	 7	 1	 243	 4	 23	 33	 44	 5	 3	 3	 3	 3	 3	 3	 55	 5	 3	 3	 3	 3	 3	 3	 3	 3	 3	 3	 3	 3	 3	 3	 3	 3	 3	
72	 13	 120	 12	 9	 3	 3	 3	 3	 3	 3	 3	 3	 3	 268	 3	 1026	 3	 3	 13	 5	 3	 3	 3	 3	 3	 1	 29	 71	 452	 27	 69	 28	 393	 1	 7	 8	 57	 105	 73	 12	 108	 5	 3	 3	 3	 5	 3	 29	 611	
384	 1176	 11	 21	 15	 292	 334	 20	 83	 216	 676	 1	 58	 25	 32	 283	 40	 6	 1285	 10	 6	 432	 65	 349	 39	 15	 17	 3443	 357	 1	 15	 355	 149	 359	 24	 42	 441	 5	 3	 0	 0	 0	 0	 0	 0	 0	 0	 0	 0	 0	
110	 10	 62	 35	 37	 4818	 1	 3004	 11	 7	 16	 32	 703	 24	 300	 512	 7	 422	 503	 35	 5	 3	 3	 3	 2112	 5	 3	 962	 5	 3	 2628	 626	 3	 3	 3	 3	 3	 3	 3	 3	 5	 3	 3	 3	 3	 5	 3	 3	 3	 5	
494	 7	 21	 7	 297	 10	 31	 9	 3	 3162	 3	 110	 81	 16	 153	 98	 1	 59	 1	 311	 102	 1	 65	 59	 1	 234	 10	 796	 1	 673	 1	 277	 775	 7	 277	 9	 5	 3	 3	 150	 5	 3	 103	 346	 3	 1978	 60	 7	 33	 650	
15	 245	 1	 13	 7	 14	 170	 165	 16	 21	 46	 1	 539	 628	 1	 65	 35	 1	 7	 55	 97	 35	 18	 133	 443	 6	 41	 7	 350	 328	 8	 37	 801	 54	 8	 37	 22	 14	 35	 5	 3	 3	 135	 3	 3	 3	 3	 3	 3	 5	
6	 175	 375	 1199	 73	 6	 74	 8	 240	 26	 20	 12	 5	 3	 81	 9	 5	 3	 3	 234	 8	 16	 48	 94	 100	 6	 3411	 225	 56	 98	 5	 3	 3	 3	 3	 3	 3	 3	 3	 3590	 3	 369	 1324	 10	 357	 5	 3	 3	 234	 621	
136	 263	 230	 5	 3	 515	 515	 515	 515	 515	 515	 515	 515	 515	 515	 515	 515	 515	 515	 515	 515	 515	 515	 515	 515	 515	 515	 515	 515	 515	 515	 515	 515	 515	 3	 3	 515	 515	 3	 515	 515	 3	 515	 515	 3	 515	 515	 3	 515	 3	
13	 21	 131	 250	 4	 113	 440	 7	 219	 67	 37	 528	 22	 6	 78	 4	 67	 13	 354	 15	 1219	 219	 18	 13	 113	 4	 8	 5	 3	 3	 3	 2360	 1577	 5	 3	 3	 3	 3	 3	 3	 3	 3	 3	 3	 3	 2636	 173	 1	 67	 28	
340	 281	 10	 596	 180	 11	 2187	 1	 58	 61	 180	 632	 172	 19	 306	 81	 1683	 11	 342	 5	 3	 3	 2020	 1917	 346	 35	 2884	 15	 6	 346	 5	 3	 3	 52	 102	 5	 3	 3	 5	 3	 81	 102	 5	 3	 3	 3	 3	 3	 1185	 3	
3	 4157	 29	 194	 278	 27	 18	 64	 61	 2565	 148	 577	 146	 195	 111	 41	 27	 5	 3	 619	 1	 42	 26	 1	 420	 46	 1	 451	 390	 1	 2046	 1	 118	 91	 11	 1982	 390	 5	 3	 5	 3	 0	 0	 0	 0	 0	 0	 0	 0	 0	
777	 10	 95	 92	 7	 35	 4	 8	 3	 3	 3	 60	 3	 3	 33	 3	 3	 1261	 60	 3	 60	 3	 92	 60	 1243	 187	 60	 3	 706	 2061	 60	 299	 241	 7	 622	 167	 3	 3	 3	 3	 3	 3	 3	 3	 3	 3	 3	 3	 3	 3	
42	 9	 28	 1512	 82	 12	 129	 4	 828	 985	 15	 6	 405	 5	 3	 3	 3	 3	 1624	 52	 4220	 2477	 5	 3	 3	 3	 261	 1	 845	 17	 1317	 695	 5	 3	 3	 3	 3	 3	 5	 3	 3	 3	 3	 3	 3	 3	 3	 3	 691	 5	
259	 4128	 63	 498	 279	 902	 1878	 4886	 582	 3	 3	 5	 3	 1814	 594	 446	 498	 227	 3	 135	 1066	 71	 1293	 5	 69	 3	 3	 3	 3	 863	 3	 55	 3	 566	 55	 3	 878	 3	 5	 3	 3	 3	 3	 3	 3	 863	 5	 3	 3	 3	
54	 20	 12	 31	 9	 105	 8	 37	 1868	 15	 424	 1813	 220	 145	 5	 3	 3	 33	 44	 3	 3	 55	 29	 661	 27	 5	 3	 3	 122	 22	 3	 1293	 1554	 69	 155	 69	 27	 5	 3	 3	 173	 3	 80	 106	 1545	 1482	 84	 33	 5	 3	
3611	 7	 196	 16	 21	 23	 9	 4	 865	 97	 166	 92	 7	 35	 18	 37	 47	 518	 4	 174	 1	 7	 6	 77	 36	 148	 107	 309	 5	 3	 3	 2799	 33	 346	 5	 3	 3	 3	 3	 3	 44	 5	 3	 3	 3	 3	 3	 3	 3	 3	
40	 8	 316	 200	 125	 9	 43	 23	 1060	 7	 4	 344	 12	 320	 43	 25	 881	 23	 9	 86	 24	 62	 99	 1	 217	 222	 5	 3	 1012	 3	 3	 3	 3	 3	 3	 3	 3	 135	 3	 3	 135	 3	 3	 135	 3	 135	 5	 3	 3	 5	
14	 340	 667	 59	 28	 94	 38	 14	 53	 4	 6	 2674	 10	 1097	 6	 301	 56	 84	 205	 160	 83	 1029	 257	 60	 119	 396	 32	 1372	 24	 1	 30	 1561	 4	 755	 4	 71	 161	 69	 27	 68	 4	 14	 294	 18	 21	 6	 118	 52	 58	 741	
19	 127	 1	 40	 8	 4135	 12	 2375	 1	 13	 816	 18	 8	 283	 23	 33	 1693	 4	 833	 38	 100	 185	 10	 14	 50	 155	 11	 35	 5	 3	 3	 246	 10	 50	 41	 5	 3	 3	 392	 5	 3	 3	 3	 3	 55	 3	 5	 3	 3	 2132	
6	 1612	 16	 32	 553	 19	 1104	 11	 38	 34	 45	 76	 1	 7	 36	 25	 132	 90	 88	 9	 43	 1231	 15	 1119	 20	 6	 318	 7	 1501	 10	 1446	 19	 6	 52	 5	 3	 3	 3	 3	 5	 3	 3	 3	 1	 26	 28	 25	 158	 5	 3	
3	 1611	 63	 279	 3	 279	 220	 899	 1	 431	 29	 42	 1	 6	 899	 1	 70	 841	 15	 103	 289	 27	 121	 36	 47	 284	 280	 35	 4	 8	 7	 64	 58	 902	 8	 20	 994	 15	 6	 84	 707	 5	 3	 3	 3	 5	 3	 3	 3	 3	
130	 9	 28	 94	 82	 46	 1	 50	 215	 1	 7	 30	 177	 5	 3	 3	 3	 3	 840	 102	 5	 3	 293	 3	 3	 48	 303	 86	 7	 58	 273	 10	 851	 5	 3	 234	 10	 50	 395	 5	 3	 3	 49	 5	 3	 3	 3	 3	 3	 870	
72	 13	 2456	 20	 9	 43	 12	 81	 20	 39	 1	 75	 72	 13	 21	 12	 31	 9	 3	 11	 3	 3	 2861	 177	 3	 708	 3	 81	 3	 3	 3	 3	 3	 3	 3	 3	 3	 3	 3	 3	 3	 3	 3	 3	 3	 3	 3	 3	 3	 3	
3981	 16	 47	 8	 20	 70	 823	 1211	 146	 1	 140	 8	 36	 32	 267	 4	 378	 1313	 9	 43	 8	 38	 30	 1801	 45	 66	 5	 3	 3	 331	 427	 1	 7	 13	 37	 86	 4	 152	 64	 15	 237	 511	 5	 3	 3	 3	 1042	 5	 3	 3	
222	 56	 21	 10	 6	 41	 56	 33	 44	 7	 117	 10	 21	 5	 3	 234	 7	 74	 138	 3	 3	 3	 3	 3	 3	 1657	 1283	 6	 41	 1260	 4	 350	 224	 54	 7	 4	 47	 4227	 60	 7	 3	 5	 3	 452	 234	 10	 74	 5	 3	 234	
575	 1	 13	 58	 25	 620	 111	 1989	 103	 5	 3	 692	 5	 3	 645	 5	 3	 1989	 5	 3	 3	 3	 3	 3	 3	 3	 3	 1545	 3	 1113	 33	 44	 5	 3	 3	 5	 3	 5	 3	 3	 5	 3	 452	 5	 3	 3	 28	 25	 948	 5	
40	 8	 113	 743	 971	 10	 2172	 1	 13	 21	 6	 9	 578	 64	 228	 1108	 20	 9	 43	 8	 1	 13	 58	 25	 620	 6	 103	 10	 49	 966	 82	 17	 45	 76	 55	 11	 52	 5	 3	 841	 5	 3	 3	 692	 5	 3	 5	 3	 3	 33	
1769	 63	 569	 1123	 1	 717	 5	 3	 3	 3	 5	 3	 3	 3	 3	 3	 3	 3	 3	 3	 3	 3	 3	 3	 3	 3	 3	 3	 3	 3	 3	 3	 3	 3	 3	 3	 3	 3	 3	 3	 3	 3	 3	 3	 3	 3	 3	 3	 3	 3	
62	 45	 66	 36	 25	 132	 34	 1	 11	 162	 21	 62	 30	 177	 22	 30	 1634	 11	 4	 113	 8	 97	 5	 3	 3	 3	 3	 3	 1598	 5	 3	 3	 3	 1012	 3	 135	 5	 3	 3	 3	 41	 3	 3	 5	 3	 3	 1012	 3	 3	 135	
689	 1	 13	 816	 18	 12	 3559	 33	 44	 702	 4	 833	 38	 93	 10	 6	 1718	 10	 12	 118	 52	 332	 82	 6	 71	 4155	 69	 22	 17	 55	 69	 767	 5	 3	 669	 55	 3	 261	 1536	 5	 3	 69	 169	 29	 767	 27	 1	 7	 28	 86	
13	 16	 48	 12	 9	 220	 39	 5	 3	 3	 289	 3	 5	 3	 3	 3	 3	 3	 1	 198	 125	 1246	 197	 63	 31	 49	 38	 8	 398	 1	 726	 30	 786	 1	 12	 1026	 11	 6	 253	 49	 63	 3	 1	 480	 50	 135	 18	 8	 58	 21	
12	 98	 7	 34	 30	 9	 8	 316	 200	 4	 68	 6	 55	 11	 143	 4	 523	 11	 1198	 60	 3	 3	 1	 1129	 3	 60	 3	 279	 940	 1	 3	 279	 5	 3	 84	 3	 5	 3	 3	 3	 5	 3	 3	 3	 65	 3	 5	 3	 3591	 5	
13	 21	 23	 9	 4	 152	 12	 101	 7	 113	 12	 108	 1	 105	 18	 3453	 16	 32	 300	 4	 325	 20	 1220	 543	 4	 42	 730	 5	 3	 3	 3	 3	 3	 1	 7	 13	 16	 1217	 5	 3	 3	 69	 3	 3	 3	 3	 3	 5	 3	 3	
333	 1353	 1415	 322	 19	 9	 1	 440	 1	 224	 128	 167	 20	 9	 43	 83	 1409	 1	 13	 396	 724	 21	 9	 602	 4	 258	 100	 14	 41	 5	 3	 3	 102	 19	 95	 347	 1	 35	 7	 1094	 18	 14	 41	 5	 3	 172	 3	 27	 5	 3	
1649	 105	 13	 58	 2522	 201	 14	 92	 5	 3	 3	 55	 198	 841	 4	 679	 14	 52	 4	 542	 49	 18	 350	 275	 6	 864	 10	 14	 258	 1	 7	 72	 834	 77	 21	 6	 661	 56	 50	 53	 5	 3	 3	 3	 1854	 255	 5	 3	 3	 3	
1957	 63	 67	 149	 7	 35	 37	 849	 4	 26	 6	 55	 2382	 3	 3	 3	 3	 3	 3	 3	 3	 3	 3	 3	 3	 135	 106	 29	 67	 2140	 8	 6	 87	 10	 6	 50	 41	 27	 38	 6	 50	 41	 5	 3	 3	 3	 3	 3	 3	 3	
2137	 16	 51	 9	 253	 4	 95	 368	 10	 6	 52	 144	 220	 6	 41	 5	 3	 3	 279	 2016	 517	 306	 92	 5	 3	 2020	 1496	 2175	 37	 359	 146	 24	 6	 41	 5	 3	 234	 28	 6	 621	 6	 544	 4	 47	 6	 9	 293	 10	 6	 656	
47	 8	 20	 125	 280	 87	 7	 97	 60	 3	 159	 177	 1	 6	 87	 128	 157	 37	 116	 82	 6	 41	 508	 4	 6	 234	 10	 366	 135	 5	 3	 135	 3	 135	 3	 135	 3	 379	 7	 3084	 60	 135	 775	 1	 117	 10	 21	 7	 23	 135	
40	 8	 225	 34	 31	 9	 8	 316	 200	 4	 153	 140	 316	 200	 4	 344	 12	 202	 73	 58	 25	 283	 64	 5	 3	 919	 670	 60	 79	 89	 6	 59	 1524	 82	 12	 311	 73	 5	 3	 3	 3	 102	 3	 5	 3	 3	 198	 60	 3	 840	
194	 130	 9	 13	 51	 5	 3	 3	 3	 1	 526	 1	 7	 217	 222	 5	 3	 3	 3	 3	 3	 3	 3	 3	 3	 3	 3	 3	 279	 691	 7	 14	 704	 3	 43	 33	 44	 3	 222	 5	 3	 3	 3	 3	 3	 71	 3	 69	 3	 3	
13	 816	 18	 8	 57	 25	 4006	 4	 23	 55	 5	 3	 3	 3	 3	 3	 1137	 845	 835	 897	 5	 3	 3	 59	 60	 7	 3	 98	 9	 5	 3	 3	 3	 3	 3	 3	 3	 5	 3	 3	 3	 3	 3	 3	 3	 3	 3	 3	 5	 3	
13	 48	 148	 68	 4	 11	 188	 324	 46	 5	 3	 3	 33	 44	 227	 1151	 611	 27	 46	 51	 38	 12	 91	 38	 6	 1040	 78	 5	 3	 3	 3	 3	 5	 3	 5	 3	 3	 3	 3	 5	 3	 49	 3881	 5	 3	 3	 5	 3	 3	 5	
8	 16	 32	 158	 4	 47	 95	 1112	 31	 9	 1	 42	 26	 1644	 128	 906	 616	 736	 220	 6	 2109	 41	 5	 3	 3	 3	 3	 173	 5	 3	 3	 3	 5	 3	 3	 3	 3	 173	 5	 3	 3	 3	 691	 5	 3	 3	 3	 3	 3	 1180	
29	 110	 797	 10	 709	 37	 1013	 737	 5	 3	 170	 27	 3	 1158	 248	 10	 6	 715	 207	 10	 503	 60	 594	 27	 1317	 5	 3	 29	 849	 4	 5	 27	 3	 364	 52	 364	 1	 1953	 5	 3	 5	 3	 5	 3	 5	 3	 299	 52	 5	 3	
606	 9	 94	 38	 190	 106	 233	 3	 3	 3	 3	 3	 3	 3	 289	 13	 51	 7	 152	 5	 3	 3	 28	 146	 22	 17	 189	 29	 15	 6	 189	 15	 259	 2164	 27	 5	 3	 0	 0	 0	 0	 0	 0	 0	 0	 0	 0	 0	 0	 0	
72	 13	 21	 12	 9	 3	 3	 3	 3	 3	 1105	 3	 1378	 1034	 1643	 268	 33	 44	 106	 23	 44	 3	 3	 3	 3	 78	 3	 84	 3	 3	 33	 5	 3	 233	 3	 3	 3	 3	 3	 268	 63	 3	 3	 3	 5	 3	 3	 3	 3	 192	
72	 13	 16	 180	 12	 33	 172	 3	 38	 74	 4	 74	 5	 3	 29	 27	 3	 406	 126	 3184	 445	 1146	 23	 316	 902	 8	 182	 19	 961	 22	 14	 78	 11	 30	 53	 20	 67	 13	 48	 17	 123	 826	 5	 3	 3	 3	 135	 135	 5	 3	
13	 47	 6	 980	 4	 17	 249	 1100	 7	 866	 6	 488	 38	 6	 41	 5	 3	 1472	 1012	 5	 3	 2249	 173	 164	 133	 124	 350	 261	 1271	 10	 6	 125	 801	 211	 60	 7	 3	 801	 172	 5	 3	 3	 1084	 346	 3	 27	 5	 3	 3	 656	
110	 11	 424	 155	 16	 153	 71	 4288	 69	 7	 12	 790	 379	 29	 19	 127	 1	 70	 1176	 334	 27	 4	 1418	 8	 20	 95	 30	 87	 5	 3	 3	 1012	 3	 3	 3	 173	 5	 3	 3	 3	 3	 3	 3	 3	 3	 2636	 5	 3	 3	 1012	
1353	 16	 437	 95	 31	 9	 54	 8	 21	 14	 35	 29	 42	 26	 12	 161	 59	 27	 4	 14	 174	 54	 2713	 38	 14	 78	 1	 130	 9	 13	 51	 7	 72	 64	 396	 32	 86	 5	 3	 3	 3	 341	 582	 60	 341	 9	 5	 3	 3	 135	
93	 147	 163	 9	 28	 349	 15	 1128	 1744	 7	 64	 109	 4	 6	 2480	 511	 54	 318	 416	 703	 24	 3	 5	 3	 809	 935	 10	 294	 10	 6	 114	 18	 2009	 441	 5	 3	 3	 5	 3	 5	 3	 3	 3	 5	 3	 3	 5	 3	 50	 135	
40	 8	 819	 4	 277	 17	 2886	 11	 378	 17	 277	 73	 17	 277	 5	 3	 3	 1	 8	 16	 143	 4	 47	 12	 293	 29	 42	 26	 12	 98	 1	 59	 1	 288	 102	 1	 147	 163	 102	 1	 65	 59	 1	 7	 742	 293	 5	 27	 3	 3	
14	 1778	 28	 4	 124	 3279	 6	 828	 211	 125	 2558	 7	 295	 140	 1058	 26	 313	 26	 130	 9	 28	 355	 10	 14	 77	 1	 1693	 1	 3371	 1	 7	 1937	 1193	 7	 2388	 77	 5	 3	 3	 234	 63	 3	 3	 514	 5	 3	 74	 10	 1602	 5	
792	 27	 4	 206	 750	 944	 15	 6	 2977	 11	 1243	 720	 60	 3	 3	 3	 3	 3	 3	 3	 3	 3	 3	 3	 3	 3	 3	 3	 3	 3	 3	 3	 3	 3	 3	 3	 1243	 60	 3	 967	 27	 28	 218	 4	 6	 66	 20	 442	 4	 111	
540	 13	 104	 12	 629	 1	 13	 124	 374	 783	 4	 314	 103	 22	 14	 35	 5	 3	 0	 0	 0	 0	 0	 0	 0	 0	 0	 0	 0	 0	 0	 0	 0	 0	 0	 0	 0	 0	 0	 0	 0	 0	 0	 0	 0	 0	 0	 0	 0	 0	
110	 149	 10	 6	 136	 203	 16	 153	 50	 215	 18	 16	 373	 281	 4	 47	 157	 43	 663	 7	 35	 1272	 16	 32	 82	 70	 228	 145	 52	 1	 11	 16	 32	 1050	 20	 615	 26	 204	 15	 6	 259	 611	 29	 565	 27	 5	 27	 3	 618	 5	
72	 4	 89	 39	 3	 3	 3	 3	 3	 3	 3	 3	 1302	 15	 346	 1	 79	 89	 18	 8	 58	 32	 20	 6	 178	 894	 63	 3	 917	 1	 1	 1	 79	 61	 1877	 20	 49	 282	 115	 5	 3	 3	 870	 5	 3	 3	 1471	 3	 3	 5	
6	 494	 74	 8	 500	 6	 41	 3	 3899	 9	 1	 37	 1344	 15	 235	 118	 748	 29	 118	 27	 853	 289	 5	 3	 28	 803	 4	 314	 18	 12	 91	 1873	 6	 55	 113	 8	 280	 241	 7	 9	 5	 3	 386	 775	 3	 5	 3	 3	 719	 610	
