40	 8	 48	 265	 11	 930	 166	 14	 33	 44	 1	 8	 16	 89	 39	 24	 311	 73	 2787	 5	 3	 0	 0	 0	 0	 0	 0	 0	 0	 0	 0	 0	 0	 0	 0	 0	 0	 0	 0	 0	 0	 0	 0	 0	 0	 0	 0	 0	 0	 0	
190	 37	 4649	 4595	 4	 190	 121	 47	 31	 9	 29	 67	 37	 106	 1865	 11	 2611	 27	 1	 16	 32	 86	 24	 1511	 1592	 26	 8	 16	 113	 64	 4	 39	 1	 42	 26	 323	 735	 5	 3	 3	 279	 279	 3604	 1	 355	 30	 50	 53	 18	 373	
110	 797	 37	 706	 20	 2605	 309	 7	 16	 239	 11	 277	 110	 92	 11	 16	 32	 110	 10	 6	 149	 528	 24	 190	 18	 37	 106	 95	 448	 29	 194	 259	 10	 71	 72	 57	 372	 344	 69	 71	 31	 9	 69	 27	 5	 3	 3	 3300	 102	 1	
12	 360	 33	 183	 3	 3	 3	 61	 1294	 3020	 4634	 5	 3	 398	 63	 29	 792	 27	 186	 360	 123	 183	 4	 1876	 39	 5	 3	 5	 3	 3	 3	 60	 256	 7	 584	 6	 209	 60	 3	 3	 33	 5	 3	 1012	 3	 29	 647	 71	 270	 69	
13	 21	 420	 46	 26	 204	 278	 4	 373	 14	 52	 4	 2356	 1726	 7	 47	 488	 82	 1434	 864	 1	 4	 275	 72	 8	 586	 20	 14	 35	 1	 19	 127	 1	 466	 977	 17	 1614	 211	 84	 5	 3	 3	 5	 3	 3	 3	 995	 5	 3	 3	
23	 28	 1512	 726	 24	 1470	 17	 451	 306	 15	 17	 334	 73	 6	 946	 10	 17	 1	 892	 6	 220	 1085	 5	 3	 3	 683	 764	 278	 5	 3	 3	 5	 3	 721	 954	 5	 3	 50	 135	 5	 3	 191	 3	 3	 28	 5	 3	 3	 5	 3	
679	 6	 87	 1	 2849	 1	 3773	 1	 1	 7	 1083	 10	 6	 35	 5	 3	 3	 60	 7	 30	 45	 66	 60	 7	 3	 4317	 60	 3	 767	 52	 172	 42	 26	 1641	 102	 10	 2008	 1	 109	 642	 15	 82	 6	 41	 7	 191	 7	 68	 6	 55	
14	 1778	 28	 4	 47	 6	 35	 8	 108	 5	 3	 3	 22	 12	 91	 54	 8	 836	 17	 235	 487	 7	 586	 20	 6	 55	 5	 3	 3	 52	 3	 5	 3	 3	 1799	 5	 3	 3	 3	 3	 3	 3	 3	 3	 28	 845	 6	 169	 5	 3	
13	 16	 21	 9	 15	 110	 461	 94	 15	 229	 20	 179	 297	 205	 20	 30	 281	 29	 19	 786	 171	 64	 462	 3299	 27	 5	 3	 1027	 19	 102	 7	 35	 18	 900	 5	 3	 5	 2133	 3	 3	 765	 373	 39	 4	 47	 125	 35	 43	 14	 41	
3851	 46	 16	 32	 146	 4	 12	 114	 11	 16	 32	 700	 5	 3	 3	 3	 5	 3	 5	 3	 3	 3	 515	 176	 5	 3	 3	 3	 5	 3	 3	 370	 5	 3	 3	 3	 3	 691	 5	 3	 3	 3	 5	 3	 3	 2480	 1034	 5	 3	 5	
14	 184	 7	 3781	 3	 73	 6	 1431	 81	 36	 32	 146	 276	 8	 240	 19	 6	 1107	 10	 108	 5	 3	 3	 1697	 5	 3	 4223	 5	 3	 3	 27	 5	 3	 3	 877	 10	 6	 28	 1057	 5	 3	 5	 3	 3	 5	 3	 3	 3	 5	 3	
9	 159	 7	 21	 3	 3	 3	 3	 3	 147	 259	 3	 1293	 3	 1281	 177	 3	 3	 3	 3	 3	 3	 3	 3	 3	 102	 3	 3	 33	 721	 3	 3	 721	 3	 721	 3	 177	 3	 3	 3	 53	 3	 3	 3	 3	 3	 3	 3	 41	 3	
761	 359	 3557	 376	 498	 441	 3	 3	 3	 3	 721	 3	 60	 3	 198	 7	 989	 6	 1445	 56	 1123	 71	 369	 69	 1400	 6	 1320	 10	 95	 386	 5	 3	 840	 102	 5	 3	 3	 69	 3	 3	 5	 3	 5	 3	 3	 5	 3	 3	 3	 3	
62	 142	 58	 32	 626	 15	 30	 1234	 5	 3	 24	 39	 5	 3	 3	 135	 10	 14	 55	 5	 3	 33	 183	 5	 3	 3	 3	 5	 3	 3	 5	 3	 5	 3	 3	 3	 5	 3	 721	 5	 3	 135	 5	 3	 3	 3	 270	 19	 6	 178	
19	 293	 22	 72	 3244	 198	 6	 9	 8	 113	 732	 1	 79	 113	 17	 1556	 4	 63	 95	 9	 43	 17	 1	 107	 6	 178	 1020	 10	 74	 7	 3288	 320	 20	 442	 4	 9	 43	 12	 107	 5	 3	 3	 33	 259	 5	 3	 3	 3	 33	 44	
279	 1189	 21	 10	 150	 488	 784	 3	 1	 75	 853	 7	 147	 163	 583	 5	 3	 3	 2360	 35	 27	 5	 3	 593	 5	 3	 3	 2329	 5	 3	 3	 3	 3	 3	 3	 3	 3	 3	 5	 3	 3	 3	 3	 3	 3	 3	 3	 3	 3	 3	
23	 41	 28	 566	 24	 1	 11	 1747	 4	 12	 859	 108	 4	 39	 1	 22	 272	 10	 750	 100	 6	 41	 5	 3	 3	 3	 3087	 2693	 5	 3	 3	 5	 3	 3	 1869	 10	 6	 625	 207	 5	 3	 3	 3	 3	 3	 10	 18	 169	 5	 3	
8	 58	 108	 95	 293	 73	 17	 1167	 234	 73	 6	 74	 10	 6	 386	 5	 3	 3	 1012	 55	 5	 3	 234	 3	 50	 135	 71	 3901	 39	 5	 69	 3	 197	 28	 410	 86	 1982	 250	 5	 3	 69	 3	 234	 5	 3	 234	 106	 67	 28	 412	
54	 13	 819	 4	 47	 12	 9	 4	 6	 141	 52	 18	 13	 570	 146	 11	 1885	 4	 14	 41	 5	 3	 3	 173	 3	 498	 742	 33	 44	 5	 3	 3391	 4528	 7	 3	 53	 3	 3	 3	 173	 3	 84	 169	 5	 3	 3	 3	 691	 41	 27	
123	 49	 43	 14	 258	 3	 1883	 1	 49	 1	 172	 1	 509	 5	 3	 27	 3	 2909	 6	 1034	 776	 955	 4	 6	 35	 140	 711	 4	 6	 249	 212	 11	 50	 155	 10	 14	 55	 5	 3	 3	 170	 534	 5	 3	 253	 55	 3	 1716	 3	 3	
2479	 695	 28	 25	 221	 19	 6	 33	 223	 11	 151	 10	 141	 78	 5	 3	 33	 44	 540	 8	 104	 12	 136	 11	 524	 5	 3	 3	 638	 5	 3	 3	 3	 3	 3	 211	 5	 3	 3	 3	 543	 5	 3	 3	 3	 3	 3	 75	 1815	 10	
79	 283	 259	 802	 279	 71	 193	 49	 69	 278	 71	 9	 69	 197	 5	 3	 234	 3	 476	 320	 5	 3	 69	 3	 3	 3	 3	 3	 3	 3	 3	 3	 123	 5	 3	 3	 3	 3	 3	 3	 3	 3	 3	 3	 3	 3	 3	 122	 28	 86	
2114	 1528	 16	 21	 648	 1	 648	 1586	 11	 2325	 769	 368	 13	 47	 4	 39	 82	 6	 35	 146	 22	 14	 55	 1	 7	 684	 3664	 4	 155	 10	 155	 756	 8	 1283	 220	 14	 55	 29	 26	 204	 278	 27	 5	 3	 3	 3	 3	 3	 1	 630	
1	 717	 5	 3	 3	 3	 3	 3	 3	 515	 106	 193	 5	 3	 3	 3	 3	 3	 515	 515	 515	 515	 515	 515	 515	 515	 515	 515	 515	 515	 515	 515	 515	 515	 515	 515	 515	 5	 3	 1289	 5	 3	 3	 28	 218	 5	 3	 3	 3	 3	
23	 9	 28	 86	 4	 557	 292	 255	 784	 7	 4	 201	 41	 795	 5	 3	 0	 0	 0	 0	 0	 0	 0	 0	 0	 0	 0	 0	 0	 0	 0	 0	 0	 0	 0	 0	 0	 0	 0	 0	 0	 0	 0	 0	 0	 0	 0	 0	 0	 0	
254	 99	 57	 25	 48	 68	 4	 23	 9	 19	 21	 22	 83	 216	 35	 5	 3	 3	 364	 1	 1	 7	 1	 111	 216	 5	 3	 3	 5	 3	 5	 3	 3	 3	 3	 5	 3	 3	 5	 3	 3	 5	 3	 3	 3	 3	 3	 3	 3	 1049	
13	 7	 14	 242	 470	 21	 18	 13	 21	 420	 46	 4	 51	 7	 184	 490	 88	 9	 42	 26	 135	 255	 1	 6	 74	 7	 1911	 10	 12	 296	 5	 3	 55	 296	 509	 5	 3	 290	 249	 946	 80	 28	 231	 22	 12	 114	 11	 136	 129	 5	
13	 580	 6	 209	 4	 124	 137	 4	 64	 22	 14	 55	 29	 75	 110	 368	 10	 6	 41	 18	 13	 1832	 655	 181	 4	 1567	 981	 84	 27	 5	 3	 3	 33	 175	 5	 3	 3	 3	 3	 5	 3	 3	 3	 3	 452	 5	 3	 3	 452	 452	
55	 87	 42	 26	 1204	 1	 1165	 1	 187	 4	 179	 192	 155	 1	 7	 3	 4324	 179	 749	 42	 26	 986	 7	 157	 18	 924	 22	 6	 52	 7	 559	 16	 48	 359	 146	 4	 93	 77	 10	 14	 41	 5	 3	 3	 3	 3	 3	 3	 627	 5	
6	 427	 13	 21	 37	 359	 146	 4	 8	 26	 70	 118	 59	 11	 24	 581	 10	 6	 118	 28	 359	 146	 4	 1259	 353	 9	 43	 12	 654	 784	 5	 3	 3	 234	 7	 74	 5	 3	 3	 3	 3	 1602	 5	 3	 3	 3	 3	 3	 5	 3	
13	 16	 21	 71	 46	 69	 11	 71	 50	 215	 69	 29	 845	 630	 628	 27	 5	 3	 3	 46	 27	 22	 14	 53	 18	 186	 39	 4	 414	 95	 182	 18	 37	 10	 14	 77	 5	 3	 3	 3	 488	 5	 3	 5	 3	 3	 3	 3	 3	 3	
710	 13	 210	 300	 103	 427	 4	 932	 6	 49	 13	 184	 84	 2116	 7	 28	 148	 487	 19	 34	 7	 93	 2589	 431	 636	 121	 48	 68	 4	 156	 84	 5	 3	 3	 3300	 148	 5	 3	 480	 480	 1	 148	 5	 3	 1	 176	 1	 4	 6	 30	
337	 13	 1082	 4	 120	 12	 33	 1	 13	 36	 210	 374	 614	 4	 120	 64	 38	 384	 68	 1	 11	 199	 10	 12	 31	 9	 5	 3	 3	 268	 5	 3	 3	 3	 3	 3250	 3	 954	 5	 3	 3	 1012	 3	 1012	 3	 5	 3	 3	 33	 5	
13	 61	 186	 30	 99	 4	 51	 95	 9	 43	 12	 878	 922	 20	 6	 35	 42	 26	 97	 1	 56	 397	 1	 50	 397	 7	 1720	 5	 3	 3434	 2433	 5	 3	 157	 1012	 5	 3	 3	 1496	 1256	 845	 2433	 52	 5	 3	 3	 3	 3	 3	 3	
40	 3329	 4366	 10	 70	 1135	 1721	 7	 4	 6	 175	 8	 396	 32	 2091	 1	 8	 16	 25	 32	 267	 4	 224	 6	 254	 280	 9	 10	 12	 608	 172	 5	 3	 3	 5	 3	 3	 331	 4351	 5	 3	 3	 3	 5	 3	 27	 3	 5	 3	 3	
8	 16	 264	 138	 10	 6	 21	 10	 6	 1842	 122	 24	 403	 6	 256	 242	 169	 87	 169	 33	 44	 5	 3	 3	 55	 5	 3	 3	 3	 5	 3	 669	 5	 3	 3	 3	 173	 3	 5	 3	 3	 5	 3	 5	 3	 5	 3	 5	 3	 5	
4	 47	 1358	 92	 7	 35	 5	 3	 3	 3	 35	 3	 60	 3	 3	 270	 60	 3	 3	 183	 60	 1653	 1529	 322	 375	 32	 4884	 106	 621	 115	 5	 3	 1624	 52	 681	 5	 3	 3	 3	 1012	 3	 3	 52	 3	 5	 3	 3	 52	 5	 3	
773	 15	 2208	 11	 463	 547	 128	 418	 5	 3	 154	 2347	 6	 202	 152	 7	 252	 4	 382	 6	 805	 10	 14	 136	 263	 1657	 29	 75	 19	 2883	 56	 27	 7	 253	 89	 9	 158	 106	 233	 28	 4257	 15	 1008	 68	 11	 199	 10	 31	 9	 5	
62	 30	 53	 16	 329	 83	 216	 46	 22	 12	 114	 5	 3	 1	 414	 11	 964	 1163	 5	 3	 16	 191	 15	 4	 12	 114	 11	 364	 5	 3	 3	 678	 3	 5	 3	 3	 50	 1046	 5	 3	 3	 3	 3	 3	 173	 5	 3	 289	 5	 3	
4	 2903	 62	 96	 1	 8	 16	 32	 267	 4	 699	 6	 519	 12	 193	 198	 4	 186	 6	 55	 1	 4	 584	 6	 618	 10	 95	 182	 1	 4	 866	 754	 952	 20	 95	 30	 84	 1036	 10	 46	 5	 3	 3	 5	 3	 3	 3	 5	 3	 3	
13	 239	 6	 568	 10	 110	 10	 6	 2334	 2334	 19	 460	 13	 36	 21	 6	 9	 13	 51	 38	 130	 119	 57	 47	 4	 77	 5	 3	 3	 2357	 33	 718	 56	 588	 33	 142	 5	 3	 3	 33	 142	 1314	 5	 3	 3	 3	 3300	 982	 1012	 50	
459	 16	 63	 7	 689	 6	 149	 10	 14	 52	 37	 62	 109	 363	 77	 121	 240	 20	 1454	 5	 3	 5	 3	 2132	 3140	 29	 194	 71	 1328	 507	 46	 27	 5	 3	 632	 282	 108	 5	 3	 3	 632	 19	 125	 290	 74	 5	 3	 632	 35	 5	
19	 6	 31	 9	 146	 38	 6	 41	 1	 8	 16	 2754	 254	 10	 6	 254	 50	 215	 37	 243	 4	 6	 101	 9	 278	 5	 3	 3	 33	 446	 122	 9	 33	 135	 5	 3	 0	 0	 0	 0	 0	 0	 0	 0	 0	 0	 0	 0	 0	 0	
1177	 1335	 12	 430	 1	 479	 17	 1218	 1168	 20	 17	 323	 18	 765	 153	 1693	 4	 138	 1	 7	 898	 12	 345	 4	 6	 280	 29	 760	 27	 5	 3	 3	 1330	 24	 6	 278	 5	 3	 3	 863	 2374	 5	 3	 69	 5	 3	 3	 3	 3	 5	
4391	 58	 1334	 5	 3	 1499	 1012	 148	 97	 16	 32	 1131	 22	 182	 1	 7	 8	 58	 194	 22	 50	 2658	 10	 50	 513	 5	 3	 3	 537	 5	 3	 3	 3	 5	 3	 3	 3	 5	 3	 3	 5	 3	 3	 3	 3	 5	 3	 3	 5	 3	
6	 974	 8	 548	 15	 2209	 1126	 29	 17	 27	 63	 3	 1	 717	 5	 3	 3	 3	 3	 33	 44	 5	 3	 1116	 2263	 3	 3	 691	 3	 3	 691	 29	 71	 2087	 69	 27	 5	 3	 3	 3	 3	 3	 1369	 3	 3	 5	 3	 3	 691	 3	
34	 74	 8	 108	 17	 33	 175	 38	 6	 136	 311	 524	 1	 8	 164	 32	 283	 6	 347	 10	 46	 349	 4	 14	 41	 5	 3	 231	 274	 2235	 5	 3	 3	 3	 50	 41	 56	 114	 1166	 333	 8	 89	 39	 5	 3	 3	 3	 3	 173	 55	
493	 16	 32	 267	 4	 225	 11	 1062	 9	 43	 77	 121	 21	 6	 41	 11	 87	 146	 19	 42	 52	 5	 3	 3584	 19	 2322	 56	 678	 28	 146	 22	 6	 118	 5	 3	 3	 3	 1190	 27	 5	 3	 3	 3	 3	 3	 3	 3	 3	 3	 3	
48	 2138	 6	 3	 3	 3	 812	 3	 33	 223	 5	 3	 3	 3	 3	 3	 5	 3	 3	 5	 3	 3	 3	 3	 106	 6	 33	 408	 4852	 5	 3	 3	 817	 5	 3	 3	 863	 106	 6	 178	 3	 63	 3	 192	 102	 3	 5	 3	 611	 3	
13	 51	 9	 38	 8	 54	 8	 113	 64	 4	 39	 1	 11	 14	 55	 4	 57	 786	 200	 1337	 7	 2533	 1290	 1	 67	 58	 32	 703	 26	 174	 1283	 14	 53	 5	 3	 2329	 10	 14	 174	 5	 3	 2329	 10	 2389	 7	 208	 5	 3	 2329	 102	
40	 8	 48	 34	 265	 11	 744	 166	 23	 33	 44	 1	 79	 89	 39	 5	 3	 3	 803	 4	 152	 6	 498	 742	 1185	 5	 3	 3	 3	 33	 44	 5	 3	 3	 3	 534	 665	 5	 3	 3	 691	 78	 5	 3	 3	 3	 1185	 5	 3	 3	
13	 16	 61	 132	 12	 9	 54	 13	 37	 2384	 11	 19	 6	 96	 1651	 15	 23	 33	 44	 1	 11	 15	 284	 9	 26	 158	 24	 115	 11	 222	 5	 3	 3	 5	 3	 3	 3	 52	 106	 218	 115	 5	 3	 3	 3	 33	 408	 5	 3	 3	
72	 13	 51	 31	 9	 3	 3	 3	 3	 3	 3	 3	 3	 3	 3	 3	 3	 3	 3	 3	 1	 1361	 3	 3	 837	 5	 3	 3	 3	 3	 3	 3	 3	 3	 3	 515	 227	 1	 1369	 7	 6	 59	 70	 71	 173	 69	 22	 6	 173	 56	
1017	 7	 3660	 12	 81	 3	 3	 3	 3	 80	 417	 3	 81	 3	 1	 673	 1	 189	 60	 3	 1444	 3	 7	 189	 172	 3	 3	 3	 3	 3	 2112	 3	 3	 411	 9	 1	 50	 680	 1	 980	 7	 2061	 3	 296	 60	 906	 840	 102	 3	 3	
2854	 1617	 20	 6	 498	 721	 10	 33	 282	 26	 9	 18	 8	 16	 47	 4	 39	 5	 3	 3	 33	 346	 543	 166	 12	 530	 5	 3	 150	 2061	 346	 5	 3	 3	 1185	 3	 49	 3707	 38	 14	 266	 15	 101	 4	 32	 626	 5	 3	 3	 962	
84	 880	 97	 28	 1199	 86	 26	 3413	 1097	 5	 3	 3	 227	 69	 71	 1194	 5	 69	 3	 71	 264	 138	 69	 27	 5	 3	 3	 841	 19	 125	 9	 5	 3	 234	 10	 2132	 3	 5	 3	 74	 717	 5	 3	 5	 3	 3	 3	 3	 1185	 28	
6	 1756	 117	 10	 23	 345	 1723	 12	 21	 5	 3	 33	 183	 69	 10	 34	 351	 7	 28	 17	 340	 5	 3	 3	 2363	 7	 318	 42	 26	 17	 621	 1169	 59	 279	 40	 34	 1466	 10	 17	 366	 1160	 3	 5	 3	 3	 3	 3	 3	 3	 3	
8	 16	 61	 504	 93	 10	 12	 9	 371	 181	 15	 12	 2425	 479	 21	 4655	 794	 7	 2845	 5	 3	 3	 5	 3	 3	 3	 3	 3	 5	 3	 3	 3	 5	 3	 3	 3	 5	 3	 3	 5	 3	 3	 5	 3	 3	 5	 3	 3	 5	 3	
1504	 2417	 369	 1	 35	 7	 364	 862	 324	 74	 5	 3	 3	 3	 3	 721	 3	 81	 3	 3	 3	 3	 3	 50	 53	 5	 3	 3	 81	 3	 3	 3	 50	 53	 5	 3	 3	 234	 218	 4	 6	 80	 5	 3	 3	 3	 5	 3	 3	 5	
72	 13	 21	 12	 9	 3	 3	 3	 3	 3	 44	 3	 41	 52	 3	 3	 3	 3	 3	 3	 3	 3	 3	 1378	 3	 1378	 33	 44	 7	 253	 9	 3	 3	 3	 3	 3	 3	 3	 3	 3	 3	 3	 3	 3	 3	 3	 3	 3	 3	 3	
2971	 16	 85	 12	 49	 20	 45	 66	 15	 101	 4	 2131	 4	 305	 384	 68	 82	 6	 21	 10	 12	 81	 9	 5	 3	 3	 3	 3	 3	 3	 3	 3	 3	 515	 3	 1802	 5	 3	 3	 3	 3	 268	 3	 163	 103	 103	 28	 25	 5	 3	
40	 8	 37	 555	 310	 10	 6	 271	 298	 1	 110	 10	 6	 9	 23	 36	 32	 425	 4	 7	 686	 15	 6	 271	 298	 171	 6	 49	 686	 11	 38	 6	 335	 1006	 25	 1498	 3705	 11	 6	 335	 15	 895	 10	 6	 335	 10	 12	 895	 5	 3	
23	 307	 18	 8	 348	 15	 17	 472	 11	 1079	 105	 18	 6	 860	 4076	 6	 681	 10	 6	 822	 11	 111	 2095	 874	 19	 70	 330	 5	 3	 3	 3	 3	 28	 566	 24	 17	 366	 623	 5	 3	 3	 3	 5	 3	 3	 3	 3	 3	 3	 3	
79	 1268	 6	 71	 133	 69	 259	 10	 254	 513	 133	 69	 259	 10	 254	 50	 513	 489	 7	 61	 133	 305	 77	 38	 590	 12	 91	 5	 3	 654	 364	 5	 3	 3	 2444	 5	 3	 3	 5	 3	 3	 1324	 5	 3	 5	 3	 3	 5	 3	 3	
769	 58	 210	 64	 4	 201	 12	 211	 20	 6	 41	 575	 5	 3	 3	 575	 3	 3	 1	 140	 25	 4	 113	 8	 95	 167	 20	 39	 5	 3	 52	 172	 40	 8	 912	 158	 19	 83	 216	 167	 38	 39	 5	 3	 5	 3	 3	 3	 3	 5	
413	 37	 248	 10	 6	 1034	 2215	 56	 1068	 67	 391	 17	 331	 896	 1	 171	 8	 153	 1	 140	 37	 360	 988	 63	 1027	 1	 1009	 335	 7	 895	 7	 16	 32	 4686	 4	 6	 271	 298	 5	 3	 3	 534	 5	 3	 33	 3	 5	 3	 3591	 5	
6	 53	 37	 625	 19	 2705	 105	 24	 67	 13	 212	 4	 6	 78	 11	 625	 4	 740	 7	 281	 10	 6	 3103	 370	 7	 658	 5	 3	 3	 3	 3	 5	 3	 3	 7	 28	 70	 823	 925	 169	 5	 3	 3	 5	 3	 3	 3	 3	 3	 3	
316	 32	 2803	 4	 133	 124	 130	 444	 546	 7	 254	 1566	 28	 12	 172	 5	 3	 3	 3	 3	 3	 60	 3	 3	 3	 5	 3	 3	 3	 3	 3	 3	 5	 3	 3	 3	 5	 3	 3	 3	 3	 3	 5	 3	 3	 3	 5	 3	 3	 3	
12	 123	 98	 1	 89	 9	 1	 234	 10	 3327	 3081	 7	 511	 362	 293	 54	 8	 101	 92	 1	 277	 7	 162	 985	 15	 42	 205	 5	 3	 3	 3	 3	 3	 3	 3	 3	 3	 3	 3	 3	 3	 3	 3	 3	 3	 3	 3	 1034	 5	 3	
31	 9	 61	 112	 25	 2095	 11	 1630	 308	 77	 10	 6	 55	 11	 15	 34	 405	 648	 1118	 1	 1530	 1	 440	 1	 2684	 11	 1019	 1255	 5	 3	 3	 0	 0	 0	 0	 0	 0	 0	 0	 0	 0	 0	 0	 0	 0	 0	 0	 0	 0	 0	
47	 8	 20	 2433	 35	 1	 75	 497	 8	 518	 97	 22	 14	 78	 11	 203	 1	 26	 313	 26	 1980	 43	 72	 6	 78	 37	 86	 11	 16	 586	 20	 8	 11	 208	 5	 3	 3	 3	 3	 3	 3	 3	 55	 5	 3	 3	 3	 3	 3	 3	
2574	 1	 62	 37	 6	 96	 10	 6	 49	 231	 15	 14	 294	 5	 3	 3	 3300	 102	 5	 3	 3	 102	 10	 174	 3	 6	 87	 10	 14	 281	 145	 31	 189	 5	 3	 3	 3300	 102	 5	 3	 3	 3300	 102	 5	 3	 3	 3	 3	 3	 3	
933	 3	 33	 44	 5	 3	 3	 1294	 1234	 3	 1234	 413	 5	 3	 3	 3	 3	 1753	 7	 1141	 15	 6	 212	 7	 111	 44	 15	 67	 6	 159	 10	 9	 28	 94	 7	 86	 5	 3	 3	 3	 192	 33	 44	 5	 3	 3	 5	 3	 3	 13	
54	 8	 107	 1949	 78	 1	 79	 32	 365	 11	 82	 14	 55	 11	 35	 238	 1876	 17	 173	 5	 3	 3	 268	 5	 3	 3	 5	 3	 1137	 67	 28	 803	 4	 283	 6	 33	 10	 6	 822	 5	 3	 3	 3	 3300	 173	 5	 3	 55	 173	 364	
110	 41	 174	 48	 6	 558	 4	 415	 17	 249	 635	 1550	 5	 3	 3	 3	 1	 654	 296	 1	 191	 157	 1	 414	 157	 7	 273	 12	 896	 5	 3	 3	 3	 1496	 19	 30	 96	 5	 3	 3	 286	 3	 41	 1450	 5	 3	 3	 2363	 5	 3	
