24	 1467	 21	 7	 1	 1	 1	 1	 1	 1	 1	 5	 1	 1	 5	 5	 5	 5	 5	 1	 1	 5	 5	 5	 5	 5	 5	 5	 5	 5	 5	 5	 5	 5	 5	 5	 5	 5	 5	 5	 5	 5	 5	 5	 1	 1	 5	 5	 5	 5	
6	 1812	 57	 1	 1	 1	 1	 1	 1	 5	 7	 5	 5	 7	 284	 5	 5	 5	 5	 29	 7	 49	 70	 5	 5	 5	 1	 1	 1	 1	 1	 1	 5	 1	 1	 7	 1	 7	 1	 5	 1	 1	 5	 1	 7	 284	 1	 145	 27	 5	
90	 87	 1	 1	 1	 1	 7	 1	 1	 7	 154	 1	 5	 1	 1	 1	 1	 1	 5	 1	 7	 1122	 3435	 5	 5	 5	 5	 5	 5	 5	 5	 5	 5	 5	 1	 5	 5	 5	 5	 7	 72	 70	 5	 5	 5	 5	 5	 5	 22	 1	
23	 36	 914	 18	 862	 15	 3713	 5	 7	 1	 7	 350	 5	 18	 84	 5	 7	 84	 5	 7	 299	 5	 5	 5	 5	 5	 5	 5	 5	 5	 5	 5	 5	 5	 5	 5	 5	 5	 5	 5	 5	 5	 5	 5	 5	 5	 5	 5	 5	 5	
422	 2393	 1895	 1	 7	 61	 1012	 145	 33	 213	 7	 3672	 578	 5	 4	 145	 33	 145	 5	 7	 0	 7	 0	 145	 5	 5	 5	 5	 5	 5	 5	 5	 5	 5	 5	 5	 5	 5	 5	 5	 5	 5	 5	 5	 5	 5	 5	 5	 5	 5	
6	 61	 28	 1163	 4	 1	 5	 1	 11	 1	 1	 1	 7	 176	 1	 5	 128	 299	 1	 1	 5	 11	 1	 5	 5	 22	 916	 1	 1	 1	 1	 1	 1	 1	 1	 1	 1	 1	 1	 1	 1	 1	 1	 1	 1	 1	 1	 128	 1	 1	
79	 264	 138	 11	 1767	 505	 19	 163	 7	 909	 667	 4	 7	 5	 5	 5	 5	 5	 5	 5	 5	 5	 5	 5	 5	 5	 5	 5	 5	 5	 5	 5	 5	 5	 5	 5	 5	 5	 5	 5	 5	 5	 5	 5	 5	 5	 5	 5	 5	 5	
23	 36	 155	 3338	 2824	 5	 5	 5	 7	 50	 1	 1	 5	 5	 1	 1	 1	 1	 1	 1	 1	 5	 1	 7	 1	 5	 1	 7	 788	 1	 5	 1	 5	 5	 5	 1	 5	 5	 5	 5	 5	 5	 5	 1	 5	 5	 5	 5	 5	 5	
793	 165	 7	 54	 5	 5	 5	 84	 4	 222	 57	 7	 529	 145	 7	 745	 5	 5	 5	 5	 5	 5	 5	 7	 41	 5	 5	 5	 5	 5	 7	 284	 5	 5	 5	 5	 5	 5	 5	 5	 5	 5	 5	 5	 5	 5	 5	 5	 5	 5	
177	 1	 1	 1	 22	 544	 1	 7	 117	 669	 25	 5	 5	 5	 1	 5	 5	 5	 5	 11	 5	 5	 5	 1	 11	 5	 5	 1	 5	 5	 5	 5	 5	 5	 5	 5	 5	 5	 5	 5	 5	 5	 5	 5	 5	 5	 5	 5	 5	 5	
