4525	 1	 1	 4543	 1984	 3663	 3663	 3663	 3663	 3663	 3663	 3663	 3663	 0	 0	 0	 0	 0	 0	 0	 0	 0	 0	 0	 0	 0	 0	 0	 0	 0	 0	 0	 0	 0	 0	 0	 0	 0	 0	 0	 0	 0	 0	 0	 0	 0	 0	 0	 0	 0	
4525	 1	 1	 4543	 1984	 3599	 140	 23	 37	 6	 1245	 98	 7	 23	 23	 1245	 1245	 40	 23	 23	 41	 21	 23	 41	 21	 23	 41	 21	 23	 41	 21	 23	 41	 21	 23	 41	 21	 23	 41	 21	 23	 41	 21	 23	 41	 21	 23	 23	 9	 21	
4525	 1	 1	 4543	 1984	 3599	 140	 23	 37	 116	 23	 23	 23	 1245	 23	 1245	 21	 23	 23	 23	 152	 23	 23	 976	 23	 31	 9	 51	 23	 51	 23	 23	 31	 9	 51	 23	 21	 23	 31	 9	 289	 51	 23	 9	 38	 23	 23	 516	 976	 23	
4525	 1	 1	 4543	 1984	 3599	 140	 23	 23	 23	 23	 41	 20	 23	 23	 41	 7	 23	 23	 1245	 23	 23	 23	 23	 1245	 21	 23	 31	 9	 23	 51	 31	 21	 23	 31	 9	 38	 23	 516	 21	 23	 41	 147	 163	 0	 0	 0	 0	 0	 0	
4525	 1	 1	 4543	 1984	 3663	 2591	 3663	 3663	 3663	 3663	 3663	 3663	 3663	 3663	 3663	 0	 0	 0	 0	 0	 0	 0	 0	 0	 0	 0	 0	 0	 0	 0	 0	 0	 0	 0	 0	 0	 0	 0	 0	 0	 0	 0	 0	 0	 0	 0	 0	 0	 0	
4525	 1	 1	 4543	 1984	 1369	 3590	 3663	 3663	 3663	 3663	 3663	 3663	 0	 0	 0	 0	 0	 0	 0	 0	 0	 0	 0	 0	 0	 0	 0	 0	 0	 0	 0	 0	 0	 0	 0	 0	 0	 0	 0	 0	 0	 0	 0	 0	 0	 0	 0	 0	 0	
4525	 1	 1	 4543	 1984	 3663	 1369	 3663	 3663	 3663	 3663	 3663	 3663	 3663	 0	 0	 0	 0	 0	 0	 0	 0	 0	 0	 0	 0	 0	 0	 0	 0	 0	 0	 0	 0	 0	 0	 0	 0	 0	 0	 0	 0	 0	 0	 0	 0	 0	 0	 0	 0	
4525	 1	 1	 4543	 1984	 3599	 140	 23	 23	 23	 976	 7	 23	 31	 21	 23	 41	 21	 23	 23	 41	 37	 23	 23	 516	 23	 31	 21	 31	 9	 21	 23	 23	 31	 9	 289	 21	 23	 9	 51	 23	 9	 289	 23	 21	 23	 31	 147	 163	 31	
4525	 1	 1	 4543	 1984	 3663	 3599	 140	 23	 23	 1245	 7	 23	 1245	 1245	 23	 1245	 23	 1245	 23	 1245	 1245	 1245	 1245	 1245	 23	 1245	 23	 1245	 23	 1245	 1245	 23	 1245	 1245	 23	 1245	 1245	 23	 1245	 1245	 1245	 23	 1245	 1245	 28	 23	 23	 7	 23	
4525	 1	 1	 4543	 1984	 3663	 2591	 3663	 3663	 3663	 3663	 3663	 3663	 3663	 3663	 3663	 3663	 0	 0	 0	 0	 0	 0	 0	 0	 0	 0	 0	 0	 0	 0	 0	 0	 0	 0	 0	 0	 0	 0	 0	 0	 0	 0	 0	 0	 0	 0	 0	 0	 0	
4525	 1	 1	 4543	 1984	 3663	 2591	 3663	 3663	 3663	 3663	 3663	 3663	 3663	 3663	 3663	 0	 0	 0	 0	 0	 0	 0	 0	 0	 0	 0	 0	 0	 0	 0	 0	 0	 0	 0	 0	 0	 0	 0	 0	 0	 0	 0	 0	 0	 0	 0	 0	 0	 0	
