136	 4	 386	 5	 7	 652	 182	 63	 50	 517	 145	 7	 145	 5	 5	 5	 5	 5	 5	 5	 5	 5	 5	 5	 5	 5	 5	 5	 5	 5	 5	 5	 5	 5	 5	 5	 5	 5	 5	 5	 5	 7	 5	 5	 5	 5	 5	 5	 5	 5	
19	 103	 1	 1	 1	 28	 109	 5	 5	 5	 1	 7	 132	 1	 5	 1	 1	 7	 4168	 510	 5	 5	 42	 1	 11	 5	 5	 5	 5	 5	 5	 5	 5	 5	 5	 5	 5	 5	 5	 5	 5	 5	 5	 5	 5	 5	 5	 5	 5	 5	
4	 63	 2062	 1	 7	 65	 1	 5	 11	 1	 7	 176	 3435	 5	 5	 5	 7	 5	 5	 5	 7	 178	 211	 11	 5	 5	 5	 5	 5	 5	 5	 5	 5	 5	 5	 7	 284	 7	 5	 5	 5	 7	 5	 5	 5	 7	 65	 5	 5	 5	
29	 804	 27	 1	 7	 1683	 29	 279	 27	 5	 5	 7	 652	 448	 652	 5	 24	 1683	 7	 50	 213	 5	 5	 7	 1379	 7	 652	 11	 50	 84	 7	 1830	 5	 5	 7	 829	 1394	 5	 5	 1036	 284	 5	 5	 5	 5	 5	 5	 5	 7	 1	
46	 16	 32	 4185	 24	 5	 18	 1534	 5	 63	 2821	 5	 1	 1	 1	 5	 1	 7	 1	 5	 5	 1	 1	 7	 5	 1	 1	 5	 7	 831	 5	 5	 5	 5	 5	 5	 5	 5	 5	 5	 5	 5	 5	 5	 5	 5	 5	 5	 5	 5	
177	 1	 112	 25	 4	 989	 15	 5	 5	 5	 1	 5	 5	 5	 5	 5	 7	 65	 5	 5	 5	 18	 5	 5	 7	 2790	 65	 5	 5	 5	 5	 5	 5	 5	 5	 5	 5	 5	 5	 5	 5	 5	 5	 5	 5	 5	 5	 5	 5	 5	
15	 92	 1	 1	 1	 1	 7	 65	 1	 1	 5	 5	 1	 7	 1060	 1	 1	 1	 7	 1	 5	 5	 1	 1	 7	 65	 128	 1	 5	 5	 5	 5	 5	 5	 5	 5	 7	 1	 1	 1	 5	 5	 5	 1	 5	 5	 5	 5	 1	 5	
73	 92	 1	 1	 1	 1	 7	 365	 1	 1	 7	 7	 1293	 824	 831	 5	 7	 80	 57	 7	 1917	 5	 5	 5	 5	 5	 5	 5	 5	 5	 5	 5	 5	 5	 5	 5	 5	 5	 5	 5	 5	 1	 5	 5	 5	 5	 5	 5	 5	 5	
12	 81	 16	 1898	 111	 81	 1	 7	 109	 284	 5	 24	 179	 7	 284	 284	 5	 15	 6	 1720	 5	 5	 5	 5	 11	 5	 5	 5	 7	 284	 5	 5	 5	 5	 5	 5	 5	 7	 5	 5	 5	 5	 5	 5	 5	 5	 5	 5	 5	 5	
79	 336	 1141	 18	 923	 22	 7	 909	 1424	 1	 7	 1	 5	 5	 5	 7	 50	 5	 5	 5	 1	 5	 5	 1	 5	 5	 7	 652	 1	 5	 5	 5	 5	 1	 5	 5	 5	 5	 5	 5	 5	 5	 5	 5	 5	 5	 5	 5	 5	 5	
