150	 769	 7	 167	 3	 155	 22	 23	 55	 67	 307	 158	 4	 328	 3	 1165	 1	 584	 6	 1983	 15	 6	 65	 59	 509	 5	 3	 3	 3	 102	 10	 60	 3	 3	 1472	 1	 6	 184	 7	 6	 773	 28	 6	 1190	 10	 17	 1185	 5	 3	 3	
130	 40	 372	 57	 481	 269	 4	 437	 376	 34	 125	 503	 38	 17	 50	 135	 1	 6	 33	 44	 1524	 575	 16	 32	 1413	 4	 194	 7	 573	 71	 573	 69	 555	 5	 3	 3	 1294	 3	 3	 3	 3	 5	 3	 3	 3	 5	 3	 135	 5	 3	
29	 806	 27	 110	 10	 6	 519	 15	 67	 13	 51	 2954	 9	 1	 1336	 1	 2051	 547	 7	 322	 60	 3	 331	 89	 40	 13	 37	 158	 24	 115	 11	 502	 24	 115	 5	 3	 3	 3	 5	 3	 3	 3	 3	 3	 3	 3	 3	 3	 1643	 5	
134	 3723	 37	 15	 245	 4	 1116	 590	 24	 6	 1445	 3	 462	 134	 413	 37	 110	 10	 213	 37	 61	 1265	 63	 3	 3	 3	 3	 3	 3	 3	 5	 3	 28	 6	 1369	 15	 245	 4	 6	 49	 899	 3	 5	 3	 33	 44	 5	 3	 3	 135	
3365	 61	 198	 23	 9	 4	 757	 1083	 7	 857	 10	 6	 52	 5	 3	 3	 3	 3	 19	 125	 293	 5	 3	 3	 3	 857	 2360	 96	 5	 3	 3	 3	 3	 3	 3	 3	 3	 3	 3	 3	 3	 3	 3	 3	 3	 1180	 103	 60	 3	 202	
23	 33	 44	 465	 4	 31	 9	 43	 8	 1	 75	 6	 3958	 412	 20	 31	 9	 94	 54	 8	 37	 100	 1572	 92	 11	 35	 1	 7	 54	 12	 81	 22	 111	 55	 5	 3	 3	 3	 3	 3	 123	 5	 3	 3	 5	 3	 3	 3	 3	 259	
54	 8	 240	 7	 225	 343	 1	 12	 9	 376	 6	 1473	 189	 729	 7	 24	 100	 6	 343	 1893	 369	 75	 728	 6	 343	 1893	 5	 3	 3	 664	 3	 1	 2422	 1337	 1	 2034	 775	 1	 11	 2316	 15	 9	 8	 225	 5	 3	 3	 102	 5	 3	
15	 23	 44	 1	 185	 11	 125	 10	 111	 123	 467	 412	 20	 6	 1137	 11	 198	 6	 9	 159	 10	 49	 36	 32	 425	 238	 337	 6	 7	 248	 10	 6	 3214	 36	 32	 425	 4	 6	 214	 169	 5	 3	 3	 3300	 102	 5	 3	 3	 5	 3	
118	 748	 59	 5	 3	 3	 537	 876	 15	 6	 899	 1	 28	 61	 86	 19	 110	 10	 111	 457	 658	 658	 1	 7	 1059	 4	 833	 15	 2815	 20	 6	 5	 3	 3	 3	 3	 3	 3	 5	 3	 3	 5	 3	 3	 3	 3	 192	 5	 3	 3	
411	 9	 1	 42	 26	 213	 1	 673	 1	 7	 295	 60	 4	 3	 49	 43	 6	 860	 10	 6	 55	 60	 3	 1450	 135	 1406	 414	 149	 60	 7	 3	 1002	 20	 53	 7	 35	 60	 3	 49	 3	 3	 3575	 172	 3	 135	 27	 3	 3	 3	 192	
72	 58	 372	 560	 11	 285	 444	 189	 3	 3	 3	 3	 3	 227	 3	 3	 3	 2251	 60	 3	 29	 806	 27	 4	 433	 72	 834	 241	 70	 193	 152	 5	 3	 3	 656	 3	 84	 33	 3	 3	 3	 721	 3	 223	 3	 5	 3	 3	 721	 3	
834	 1817	 32	 2029	 26	 17	 638	 4	 6	 975	 10	 6	 1211	 3	 4	 23	 33	 223	 154	 303	 1249	 24	 2319	 2016	 333	 1494	 6	 508	 859	 456	 63	 3	 30	 274	 6	 49	 11	 103	 102	 5	 3	 234	 28	 5	 3	 3	 5	 3	 3	 3	
34	 33	 223	 18	 1430	 36	 47	 8	 20	 6	 175	 10	 34	 137	 15	 6	 33	 44	 36	 963	 222	 11	 40	 13	 963	 8	 162	 180	 6	 1089	 10	 23	 33	 44	 24	 423	 6	 254	 71	 23	 44	 69	 5	 3	 3	 982	 69	 3	 33	 44	
646	 10	 798	 7	 798	 19	 6	 87	 3	 151	 3	 3	 3	 2144	 3	 3	 3	 3	 3	 3	 55	 3	 515	 3	 665	 1	 6	 1686	 1	 87	 352	 32	 1085	 4	 1426	 34	 451	 11	 1629	 15	 15	 556	 17	 877	 334	 10	 336	 1466	 24	 39	
13	 36	 21	 34	 141	 56	 52	 4	 51	 9	 15	 6	 1391	 10	 23	 52	 1	 42	 26	 6	 246	 257	 28	 86	 1	 54	 100	 6	 129	 128	 790	 379	 19	 67	 8	 1876	 6	 432	 212	 5	 3	 3	 122	 5	 3	 3	 103	 5	 3	 3	
693	 40	 17	 80	 28	 106	 6	 213	 10	 233	 1	 13	 36	 47	 6	 473	 11	 771	 6	 568	 4	 48	 42	 89	 150	 202	 7	 109	 6	 383	 817	 234	 10	 6	 202	 152	 20	 6	 473	 5	 3	 3	 2723	 1	 270	 1	 52	 73	 11	 6	
433	 125	 43	 970	 56	 97	 142	 5	 3	 3	 1388	 33	 346	 135	 3	 258	 1026	 97	 3	 3	 3	 3	 3	 193	 657	 3	 3	 3	 821	 24	 3	 106	 6	 865	 97	 49	 159	 5	 3	 3	 33	 44	 3	 33	 408	 3	 1066	 3	 3	 611	
79	 226	 1	 24	 6	 651	 10	 42	 1745	 346	 1	 12	 546	 56	 1133	 36	 48	 68	 4	 12	 129	 56	 601	 129	 7	 12	 41	 29	 399	 27	 7	 93	 601	 35	 11	 849	 4	 26	 204	 278	 5	 3	 170	 2227	 22	 14	 41	 5	 3	 3	
8	 410	 109	 48	 17	 877	 10	 6	 1291	 56	 1291	 1009	 390	 7	 352	 48	 148	 2135	 2272	 5	 3	 3	 169	 279	 369	 146	 38	 6	 3551	 80	 56	 97	 346	 5	 3	 346	 3	 231	 5	 3	 5	 3	 3	 3	 3	 3	 5	 3	 198	 17	
8	 16	 264	 138	 10	 14	 21	 10	 46	 24	 2194	 6	 300	 230	 22	 12	 118	 91	 54	 403	 6	 55	 5	 3	 3	 3	 33	 44	 5	 3	 3	 3	 5	 3	 3	 5	 3	 515	 5	 3	 3	 6	 135	 227	 71	 1234	 69	 22	 6	 911	
4	 1642	 6	 9	 8	 47	 4	 2027	 82	 34	 10	 14	 35	 1	 13	 16	 153	 17	 98	 7	 50	 59	 1	 65	 59	 7	 311	 102	 4	 979	 9	 13	 354	 16	 32	 10	 150	 11	 12	 525	 81	 5	 3	 3	 3	 3	 3	 5	 3	 3	
79	 226	 1	 176	 1	 18	 110	 904	 10	 14	 55	 36	 25	 664	 939	 11	 32	 146	 4	 8	 40	 8	 887	 4	 385	 93	 46	 5	 3	 3	 103	 568	 5	 3	 3	 452	 5	 3	 5	 3	 3	 775	 5	 3	 3	 5	 3	 2132	 27	 5	
24	 100	 6	 78	 1	 8	 139	 4	 6	 908	 10	 436	 86	 24	 39	 4	 191	 138	 15	 46	 5	 3	 126	 99	 145	 159	 10	 12	 31	 9	 24	 62	 99	 5	 3	 3	 1388	 33	 44	 3	 33	 142	 5	 3	 3	 3	 3	 192	 691	 41	
4111	 16	 61	 285	 110	 9	 24	 1001	 376	 12	 81	 5	 3	 81	 172	 1	 67	 16	 1056	 48	 1946	 39	 4	 1452	 4	 12	 31	 9	 333	 8	 156	 5	 3	 2010	 1295	 56	 2329	 5	 3	 234	 5	 3	 0	 0	 0	 0	 0	 0	 0	 0	
13	 21	 46	 4	 373	 8	 4	 1283	 6	 78	 654	 22	 7	 4	 186	 156	 4	 603	 8	 54	 8	 836	 4	 6	 41	 5	 3	 3	 754	 864	 304	 22	 130	 8	 58	 68	 5	 3	 3	 184	 386	 755	 9	 5	 3	 3	 293	 166	 12	 172	
4	 47	 8	 20	 68	 4	 4045	 369	 578	 13	 16	 712	 18	 13	 58	 341	 15	 4	 186	 8	 4	 21	 1367	 583	 1	 203	 7	 35	 1	 15	 6	 330	 8	 728	 6	 300	 1066	 104	 1066	 22	 12	 1808	 150	 5	 3	 3	 135	 5	 3	 3	
201	 6	 78	 3773	 13	 21	 71	 46	 69	 7	 210	 614	 4	 713	 6	 581	 10	 6	 114	 1362	 5	 3	 3	 0	 0	 0	 0	 0	 0	 0	 0	 0	 0	 0	 0	 0	 0	 0	 0	 0	 0	 0	 0	 0	 0	 0	 0	 0	 0	 0	
4182	 10	 189	 9	 989	 14	 150	 52	 4	 32	 621	 520	 24	 65	 7	 24	 1620	 454	 5	 3	 3	 3300	 1066	 222	 5	 3	 1	 140	 13	 36	 109	 85	 12	 9	 26	 158	 24	 115	 5	 3	 1100	 3	 422	 1076	 1580	 5	 3	 3591	 5	 3	
254	 1272	 1234	 62	 46	 834	 58	 489	 499	 1	 2168	 110	 10	 6	 593	 18	 37	 2091	 24	 14	 377	 5	 3	 103	 289	 7	 130	 91	 211	 35	 5	 3	 3	 135	 3	 3591	 5	 3	 3	 3	 3	 3	 3	 5	 3	 3	 3	 3	 3	 3	
8	 58	 61	 1458	 17	 527	 392	 19	 150	 49	 15	 6	 254	 1735	 1574	 19	 18	 10	 14	 1577	 5	 3	 3	 3	 989	 5	 3	 3	 3	 3	 5	 3	 3	 192	 3	 5	 3	 3	 3	 3	 3	 3	 5	 3	 5	 3	 3	 3	 3	 3	
1063	 2297	 24	 73	 5	 3	 3	 3	 3	 334	 3	 1	 3271	 1	 1	 73	 5	 3	 3	 33	 44	 3	 1066	 3	 3	 3	 721	 3	 721	 3	 1	 721	 10	 2491	 1956	 5	 3	 33	 346	 5	 3	 3	 656	 3	 3	 3	 3	 2722	 1	 372	
8	 58	 275	 72	 64	 58	 32	 86	 4	 507	 249	 77	 1	 7	 72	 355	 424	 614	 36	 32	 452	 791	 5	 3	 3	 5	 3	 3	 3	 5	 3	 3	 1	 1535	 1	 7	 5	 3	 279	 2146	 14	 5	 3	 3	 3	 3	 3	 3	 3	 3	
389	 1888	 1	 35	 1	 97	 7	 126	 2050	 3	 38	 30	 661	 99	 60	 3	 3	 3	 3	 41	 3	 50	 397	 60	 3	 3	 3	 3	 3	 3	 3	 3	 3	 3	 3	 3	 3	 3	 3	 3	 3	 3	 3	 3	 3	 3	 3	 3	 3	 3	
413	 37	 2590	 347	 10	 46	 7	 37	 2224	 4	 9	 43	 8	 63	 3	 753	 42	 26	 67	 30	 49	 398	 1546	 70	 102	 1	 386	 122	 102	 1	 2499	 10	 74	 1	 509	 5	 3	 5	 3	 3	 3	 353	 52	 58	 845	 95	 35	 5	 3	 3	
8	 164	 32	 267	 4	 998	 11	 180	 6	 254	 9	 8	 145	 905	 116	 5	 3	 3	 148	 3	 74	 5	 3	 3	 234	 3	 3	 3	 33	 44	 5	 3	 3	 452	 452	 5	 3	 3	 3	 3	 3	 5	 3	 3	 28	 5	 3	 3	 33	 5	
1513	 352	 382	 111	 216	 11	 111	 216	 1393	 1015	 1571	 24	 6	 66	 64	 809	 2619	 106	 6	 3202	 188	 68	 4	 93	 10	 6	 1393	 388	 183	 5	 3	 3	 809	 3	 5	 3	 3	 3	 5	 3	 3	 173	 5	 3	 3	 3	 5	 3	 3	 3	
13	 16	 57	 378	 6	 947	 10	 1880	 13	 1171	 6	 103	 20	 12	 31	 9	 1	 15	 34	 42	 96	 26	 8	 16	 68	 64	 5	 3	 11	 33	 335	 5	 3	 293	 3	 1472	 165	 5	 3	 0	 0	 0	 0	 0	 0	 0	 0	 0	 0	 0	
13	 888	 20	 45	 66	 4	 51	 9	 43	 8	 54	 8	 68	 14	 55	 11	 217	 52	 5	 3	 3	 1066	 105	 24	 1527	 11	 3152	 5	 3	 30	 2224	 678	 19	 23	 5	 3	 3	 3	 1012	 3	 3	 3	 3	 3	 518	 97	 5	 3	 3	 3	
62	 457	 177	 16	 32	 686	 128	 58	 32	 116	 24	 144	 15	 1155	 639	 5	 3	 33	 3	 29	 27	 7	 16	 32	 243	 4	 17	 424	 33	 379	 5	 3	 3	 3	 33	 223	 5	 3	 3	 3	 3	 691	 5	 3	 1012	 3	 2722	 5	 3	 3	
23	 55	 28	 625	 19	 77	 145	 53	 1891	 617	 11	 2266	 10	 232	 4	 988	 10	 6	 271	 298	 7	 36	 25	 1080	 6	 432	 9	 5	 3	 234	 10	 74	 15	 6	 330	 38	 74	 6	 74	 70	 65	 167	 28	 349	 5	 3	 234	 10	 6	 474	
8	 16	 113	 39	 87	 38	 35	 4	 39	 5	 3	 3	 3	 3	 3	 3	 1	 3271	 1	 1	 611	 5	 3	 3	 3	 5	 3	 3	 931	 59	 3	 931	 3	 541	 1	 1100	 594	 5	 3	 3	 3	 173	 3	 2625	 3	 5	 3	 3	 3	 3	
47	 2321	 394	 7	 236	 12	 9	 19	 26	 705	 26	 181	 4	 152	 441	 60	 3	 3	 407	 1024	 3	 3	 3	 27	 60	 3	 3	 3	 3	 1981	 3	 60	 7	 3	 3	 3	 758	 5	 3	 3	 3	 3	 3	 3	 3	 3	 3	 3	 3	 2219	
3145	 16	 47	 187	 4	 92	 22	 45	 76	 78	 4	 67	 182	 16	 32	 22	 14	 78	 195	 17	 212	 5	 3	 3	 3	 3	 3	 135	 3	 3	 3	 55	 3	 55	 3	 3	 3	 3	 3	 3	 5	 3	 3	 3	 3	 3	 3	 3	 3	 3	
13	 61	 16	 15	 110	 1770	 171	 13	 47	 95	 622	 11	 292	 49	 602	 4	 14	 35	 5	 3	 320	 1	 19	 159	 10	 21	 1	 3013	 1	 445	 11	 47	 30	 35	 5	 3	 2340	 259	 5	 3	 3	 5	 3	 3	 3	 3	 3	 3	 3	 3	
4	 597	 12	 322	 7	 321	 4	 12	 971	 1	 674	 478	 11	 418	 1600	 7	 47	 30	 241	 22	 11	 82	 6	 41	 5	 3	 3	 3	 407	 103	 486	 60	 3	 3	 147	 692	 151	 7	 253	 972	 1	 151	 11	 253	 30	 31	 9	 94	 38	 8	
8	 48	 61	 1788	 17	 334	 63	 3	 189	 187	 3	 71	 38	 291	 4	 291	 1	 217	 222	 5	 3	 755	 81	 1	 338	 426	 1768	 5	 3	 133	 77	 145	 84	 440	 5	 3	 3	 1146	 3	 3	 5	 3	 3	 3	 3	 3	 3	 3	 3	 60	
45	 66	 1	 42	 26	 46	 1	 1779	 1	 215	 1	 16	 191	 17	 495	 122	 22	 95	 78	 5	 3	 3	 289	 11	 84	 35	 22	 12	 55	 5	 3	 1012	 3	 864	 109	 26	 248	 10	 14	 157	 11	 30	 87	 5	 3	 3	 3	 2329	 3	 860	
13	 1	 11	 14	 52	 144	 1	 11	 292	 9	 43	 6	 173	 370	 255	 49	 16	 32	 3542	 15	 1119	 20	 426	 2775	 149	 5	 3	 135	 488	 5	 3	 3	 0	 0	 0	 0	 0	 0	 0	 0	 0	 0	 0	 0	 0	 0	 0	 0	 0	 0	
110	 10	 6	 53	 16	 391	 187	 4	 30	 53	 5	 3	 10	 10	 6	 117	 10	 52	 5	 3	 618	 10	 6	 92	 1	 35	 1	 7	 35	 5	 3	 1097	 10	 62	 53	 5	 3	 3	 3	 96	 3	 3	 3	 3	 3	 3	 3	 50	 3	 3	
13	 16	 47	 31	 9	 4	 141	 78	 171	 300	 1	 75	 6	 558	 4	 305	 11	 38	 141	 678	 5	 3	 3	 3	 1126	 33	 446	 1302	 736	 5	 3	 3	 3	 3	 3	 3	 3199	 29	 71	 256	 69	 27	 5	 3	 3	 515	 5	 3	 3	 3	
40	 12	 49	 28	 228	 20	 336	 173	 11	 111	 1	 13	 36	 21	 374	 783	 4	 468	 12	 31	 49	 15	 12	 189	 1527	 11	 40	 13	 148	 577	 104	 508	 139	 10	 6	 9	 28	 158	 5	 3	 3	 198	 49	 5	 3	 3	 3	 290	 2581	 29	
689	 1	 13	 483	 8	 4	 224	 6	 33	 151	 10	 42	 45	 66	 4	 275	 83	 645	 333	 100	 34	 31	 9	 8	 85	 5	 3	 3	 189	 3	 117	 5	 3	 3	 2424	 3	 3	 515	 3	 564	 55	 3	 1541	 5	 3	 3	 3	 3	 3	 3	
13	 36	 392	 12	 98	 1	 59	 1	 65	 59	 7	 579	 9	 5	 3	 234	 1	 234	 1	 1072	 1	 548	 7	 295	 5	 3	 3361	 626	 5	 3	 3	 3	 5	 3	 3	 3	 3	 3	 1349	 5	 3	 1349	 5	 3	 3	 3	 1020	 3	 5	 3	
1641	 2593	 842	 6	 209	 4	 959	 1093	 1	 147	 163	 742	 81	 572	 1	 172	 1	 49	 947	 1	 509	 5	 19	 6	 207	 19	 67	 8	 200	 5	 3	 3	 3	 3	 1	 140	 143	 4	 124	 64	 3645	 19	 125	 21	 5	 3	 3	 3	 3	 5	
13	 16	 21	 128	 85	 12	 428	 9	 20	 14	 165	 7	 6	 52	 144	 18	 47	 35	 11	 117	 11	 358	 18	 16	 319	 4	 6	 173	 56	 117	 10	 21	 11	 33	 44	 13	 61	 48	 58	 699	 4	 12	 33	 5	 3	 123	 142	 5	 3	 3	
13	 16	 21	 46	 4	 184	 12	 172	 1	 755	 9	 1	 4	 12	 81	 1	 4	 584	 8	 22	 12	 107	 5	 3	 3	 1007	 1378	 23	 81	 1012	 5	 3	 3	 35	 19	 12	 21	 10	 6	 55	 5	 3	 3	 3	 41	 5	 3	 3	 3	 55	
14	 78	 16	 391	 187	 4	 30	 53	 18	 16	 239	 17	 331	 2034	 11	 302	 749	 5	 3	 3	 19	 64	 5	 3	 2132	 253	 135	 60	 7	 3	 511	 749	 22	 5	 3	 5	 3	 1012	 3	 3	 3	 5	 3	 3	 5	 3	 3	 691	 5	 3	
413	 28	 34	 9	 18	 8	 47	 4	 39	 24	 307	 10	 6	 432	 26	 6	 49	 8	 58	 61	 671	 20	 39	 1	 75	 12	 98	 1	 59	 1	 288	 102	 11	 131	 59	 5	 3	 3	 3	 3	 52	 55	 5	 3	 3	 28	 687	 19	 5	 3	
23	 1448	 39	 4	 1780	 12	 617	 19	 92	 1	 75	 2474	 7	 318	 958	 1	 4	 415	 1742	 11	 30	 2474	 219	 19	 1772	 12	 21	 10	 6	 35	 5	 3	 3	 3	 3	 103	 5	 3	 2191	 27	 5	 3	 3	 3	 1185	 3	 5	 3	 3	 3	
24	 110	 661	 53	 11	 35	 11	 52	 1	 11	 38	 6	 78	 1	 8	 16	 32	 403	 457	 583	 67	 16	 32	 528	 1	 16	 212	 4	 78	 566	 128	 948	 24	 39	 780	 24	 872	 16	 329	 17	 1986	 10	 14	 50	 1657	 5	 3	 3	 3	 33	
9	 419	 16	 32	 86	 4	 879	 1024	 18	 396	 32	 86	 19	 167	 1	 42	 26	 1583	 1	 4580	 7	 205	 200	 26	 280	 7	 160	 3242	 17	 261	 332	 5	 3	 3	 173	 5	 3	 3	 3	 2509	 5	 3	 3	 3	 1787	 60	 3	 3	 322	 5	
17	 122	 1951	 39	 18	 8	 1706	 306	 19	 185	 10	 14	 370	 950	 5	 3	 3	 3849	 82	 17	 1	 248	 10	 14	 65	 35	 82	 17	 50	 135	 11	 711	 4	 24	 65	 73	 5	 3	 3	 3	 3	 1066	 1478	 52	 5	 3	 3	 719	 3	 154	
8	 16	 449	 38	 405	 312	 38	 2423	 762	 701	 6	 261	 11	 35	 1	 7	 380	 156	 34	 10	 12	 405	 529	 59	 1018	 38	 12	 5	 3	 3	 1497	 24	 12	 661	 35	 5	 3	 5	 3	 3	 721	 3	 656	 3	 135	 3	 5	 3	 3	 5	
472	 49	 28	 94	 24	 2151	 22	 14	 53	 5	 3	 3	 3	 3	 154	 86	 4	 133	 206	 8	 7	 201	 12	 211	 54	 8	 107	 14	 53	 5	 3	 0	 0	 0	 0	 0	 0	 0	 0	 0	 0	 0	 0	 0	 0	 0	 0	 0	 0	 0	
194	 6	 71	 33	 69	 259	 5	 3	 71	 33	 44	 69	 212	 3	 197	 29	 71	 44	 69	 27	 222	 5	 3	 3	 3	 3	 55	 3	 3	 55	 3	 751	 192	 370	 3	 3	 3	 3	 3	 3	 3	 3	 3	 259	 1	 3	 3	 221	 2258	 5	
72	 40	 8	 287	 472	 9	 140	 13	 16	 724	 113	 8	 167	 4	 6	 35	 5	 3	 3	 3	 135	 3	 346	 5	 3	 3	 234	 10	 74	 119	 58	 47	 9	 43	 6	 74	 10	 74	 5	 3	 3	 198	 49	 103	 346	 5	 3	 1496	 50	 135	
4	 1259	 280	 87	 7	 232	 87	 60	 3	 3	 331	 255	 52	 60	 7	 3	 122	 197	 5	 3	 536	 102	 6	 3371	 74	 1954	 1834	 1151	 17	 742	 1	 6	 102	 18	 58	 32	 626	 5	 3	 234	 3	 3	 3	 135	 27	 5	 3	 3	 919	 3	
6	 33	 44	 10	 237	 42	 1892	 36	 32	 452	 22	 14	 78	 7	 35	 5	 3	 33	 44	 5	 3	 3	 3	 3	 452	 5	 3	 28	 72	 4	 47	 17	 424	 33	 44	 5	 3	 3	 452	 1535	 931	 5	 3	 3	 5	 3	 3	 989	 39	 4	
19	 127	 1	 875	 22	 12	 91	 26	 191	 24	 12	 122	 1	 8	 16	 32	 367	 4	 104	 95	 9	 1	 875	 22	 72	 8	 16	 217	 6	 185	 10	 6	 41	 5	 3	 3	 3	 135	 3	 135	 5	 3	 3	 135	 3	 135	 135	 5	 3	 3	
434	 1	 40	 8	 48	 905	 4544	 4	 25	 68	 12	 9	 73	 355	 78	 7	 57	 25	 48	 68	 4	 9	 94	 82	 14	 35	 5	 3	 3	 3	 33	 3	 595	 3	 3	 3	 74	 568	 148	 188	 10	 1	 42	 49	 16	 32	 703	 24	 2502	 514	
72	 13	 21	 446	 85	 6	 9	 18	 13	 51	 3	 3	 3	 3	 3	 3	 3	 3	 3	 1	 3	 1	 111	 1	 7	 23	 33	 44	 1951	 39	 1378	 33	 259	 63	 3	 3	 1265	 3	 84	 33	 346	 3	 3	 3	 1480	 3	 192	 55	 3	 4014	
4	 491	 20	 8	 43	 34	 137	 4	 23	 135	 1	 9	 8	 327	 39	 11	 123	 5	 3	 3	 512	 59	 227	 3	 536	 9	 38	 12	 678	 8	 316	 32	 438	 26	 158	 24	 115	 5	 3	 742	 81	 173	 60	 3	 3	 1026	 1026	 1369	 40	 8	
13	 57	 25	 85	 12	 31	 9	 20	 45	 66	 19	 83	 126	 11	 299	 205	 22	 6	 3540	 53	 5	 3	 3	 3	 33	 44	 3	 659	 204	 1104	 5	 3	 3	 3	 33	 44	 5	 3	 3	 3	 3	 3	 3	 3	 3	 691	 55	 3	 5	 3	
159	 10	 9	 24	 141	 53	 3	 92	 7	 53	 3	 16	 51	 9	 43	 12	 91	 105	 18	 6	 74	 1954	 22	 14	 41	 1	 42	 26	 6	 91	 246	 10	 155	 500	 29	 843	 5	 54	 8	 48	 1412	 156	 27	 7	 110	 343	 117	 8	 16	 48	
8	 58	 700	 6	 91	 29	 834	 58	 180	 122	 49	 15	 111	 46	 27	 5	 3	 2182	 3	 1	 7	 95	 407	 177	 5	 3	 242	 169	 954	 1	 16	 21	 95	 274	 177	 4	 51	 9	 69	 22	 67	 6	 630	 436	 349	 4	 6	 78	 5	 3	
