217	 222	 4	 713	 12	 581	 19	 6	 822	 5	 3	 3	 3	 1125	 947	 17	 3	 1349	 10	 242	 1083	 5	 3	 3	 103	 103	 5	 3	 1544	 106	 71	 588	 506	 5	 3	 5	 3	 3	 242	 968	 1009	 165	 5	 3	 3	 126	 165	 5	 3	 3	
13	 61	 186	 45	 66	 4	 329	 182	 22	 14	 272	 5	 3	 3	 3	 242	 81	 5	 3	 3	 1641	 5	 3	 3	 3	 3	 7	 6	 498	 5	 3	 3	 3	 3	 3	 3	 3	 5	 3	 5	 3	 3	 5	 3	 3	 3	 564	 3	 5	 3	
79	 226	 18	 185	 704	 16	 1516	 8	 95	 183	 4	 275	 62	 848	 7	 15	 67	 8	 48	 17	 280	 750	 11	 1136	 42	 251	 5	 3	 3	 173	 5	 3	 3	 173	 5	 3	 3	 5	 3	 3	 5	 3	 5	 3	 3	 5	 3	 3	 173	 5	
6	 459	 1003	 1216	 152	 16	 32	 1752	 15	 1894	 5	 3	 3	 668	 38	 271	 298	 5	 3	 3	 5	 3	 3	 3	 3	 645	 5	 3	 3	 5	 3	 3	 3	 3	 135	 3	 5	 3	 3	 3	 568	 5	 3	 3	 53	 5	 3	 3	 1185	 5	
13	 580	 6	 209	 4	 180	 23	 44	 73	 34	 74	 5	 3	 3	 19	 33	 44	 1	 36	 1426	 6	 234	 10	 6	 688	 135	 4	 194	 64	 38	 39	 26	 181	 4	 124	 12	 301	 68	 4	 6	 1635	 50	 53	 5	 3	 3	 511	 41	 1221	 5	
1172	 428	 49	 1	 352	 32	 1619	 24	 6	 173	 15	 34	 487	 5	 3	 3	 364	 64	 5	 3	 3	 1100	 352	 63	 3	 154	 2029	 93	 10	 6	 416	 18	 37	 231	 15	 185	 10	 6	 53	 5	 3	 3	 3	 3	 3	 5	 3	 3	 5	 3	
110	 797	 10	 14	 522	 153	 2444	 11	 512	 1	 422	 1	 1	 7	 2033	 938	 1	 75	 63	 3	 938	 364	 645	 15	 101	 4	 3871	 860	 5	 3	 3	 103	 289	 5	 3	 3	 289	 3	 645	 7	 5	 3	 3	 3	 3	 5	 3	 3	 5	 3	
1063	 43	 39	 73	 3	 974	 1	 1	 413	 28	 17	 33	 1997	 408	 10	 33	 7	 422	 1328	 850	 15	 12	 179	 103	 332	 22	 6	 2004	 55	 5	 3	 3	 103	 427	 1	 15	 111	 422	 537	 1	 6	 629	 10	 1	 6	 173	 1216	 152	 1	 7	
13	 580	 6	 209	 11	 4	 210	 749	 466	 134	 13	 354	 64	 16	 32	 181	 15	 101	 4	 891	 1	 305	 1	 11	 210	 554	 166	 737	 205	 1	 1365	 429	 1	 409	 1	 1959	 1	 11	 744	 2040	 11	 14	 270	 5	 3	 3	 3000	 3108	 173	 78	
40	 13	 113	 8	 422	 167	 200	 179	 192	 105	 18	 13	 58	 21	 12	 1334	 52	 11	 30	 9	 24	 39	 4	 740	 8	 10	 657	 18	 37	 146	 22	 14	 55	 5	 3	 3	 3	 3	 259	 279	 75	 1217	 73	 5	 3	 3	 5	 3	 3	 3	
1800	 16	 61	 47	 23	 9	 4	 314	 6	 300	 805	 10	 6	 9	 10	 14	 258	 5	 3	 3	 3551	 147	 1848	 1	 361	 26	 162	 158	 24	 115	 5	 3	 3	 106	 6	 954	 7	 1023	 220	 14	 1388	 167	 691	 5	 3	 3	 289	 3	 5	 3	
6	 9	 3247	 2311	 177	 29	 42	 26	 46	 807	 22	 14	 50	 53	 27	 1	 28	 3087	 296	 18	 6	 50	 41	 16	 21	 19	 6	 96	 19	 67	 8	 264	 4	 414	 22	 6	 41	 5	 3	 3	 3	 3	 3	 27	 3	 3	 3	 3	 3	 2636	
18	 9	 36	 32	 1438	 861	 359	 146	 15	 14	 535	 10	 6	 9	 220	 6	 764	 535	 5	 3	 33	 52	 3	 775	 10	 308	 666	 172	 1094	 73	 14	 569	 50	 33	 44	 5	 3	 3	 234	 63	 3	 3	 3	 3	 3	 3	 1369	 14	 71	 168	
15	 245	 4	 95	 274	 289	 1	 77	 16	 68	 95	 904	 10	 6	 55	 11	 80	 56	 205	 528	 24	 39	 7	 4	 239	 1	 119	 16	 32	 125	 302	 4	 364	 67	 13	 124	 146	 38	 254	 513	 5	 3	 3	 452	 568	 5	 3	 3	 3	 3	
119	 238	 104	 9	 38	 17	 800	 10	 605	 29	 843	 5	 161	 250	 27	 7	 563	 428	 9	 5	 3	 3	 3	 135	 56	 50	 91	 5	 3	 3	 3	 2454	 1750	 27	 5	 3	 3	 3	 3	 3	 3	 3	 3	 5	 3	 3	 3	 50	 41	 5	
42	 219	 16	 924	 22	 6	 1936	 707	 7	 13	 58	 124	 64	 125	 146	 146	 540	 62	 167	 37	 425	 7	 1173	 243	 4	 180	 6	 424	 659	 5	 3	 3	 29	 71	 33	 44	 69	 27	 5	 3	 3	 3	 3300	 5	 3	 5	 3	 3	 5	 3	
72	 28	 444	 9	 228	 20	 208	 1	 174	 16	 89	 1553	 401	 197	 3	 1	 79	 65	 4	 8	 73	 34	 74	 4	 224	 83	 33	 151	 5	 3	 3	 55	 5	 3	 3	 33	 954	 146	 5	 3	 3	 3	 3	 4477	 346	 5	 3	 3	 33	 89	
40	 8	 48	 303	 116	 20	 30	 347	 1	 9	 8	 47	 19	 39	 4	 124	 82	 14	 55	 5	 3	 3	 102	 3	 135	 7	 6	 207	 10	 297	 1371	 10	 6	 45	 76	 5	 3	 3	 3	 3	 8	 5	 3	 3	 3	 3	 3	 3	 3	 3	
3756	 4157	 611	 705	 26	 13	 58	 273	 134	 407	 1037	 38	 77	 145	 21	 10	 6	 41	 5	 3	 3	 102	 3	 103	 207	 60	 7	 29	 792	 27	 493	 20	 68	 4	 250	 5	 3	 279	 33	 1318	 5	 3	 3	 3	 2496	 19	 8	 4	 193	 24	
26	 17	 1857	 10	 100	 12	 202	 7	 21	 10	 6	 53	 7	 35	 1	 2006	 16	 85	 90	 88	 9	 8	 47	 39	 20	 95	 92	 11	 35	 18	 8	 48	 485	 22	 34	 10	 14	 53	 11	 16	 373	 39	 4	 212	 23	 4	 33	 44	 137	 11	
1099	 11	 836	 70	 1201	 1254	 4	 6	 33	 1201	 5	 3	 3	 3	 412	 53	 60	 3	 3	 3	 3	 173	 236	 284	 280	 804	 60	 11	 3	 3	 92	 67	 373	 174	 4	 104	 6	 758	 5	 3	 3	 3	 3	 3	 3	 135	 135	 5	 3	 3	
8	 164	 779	 224	 23	 33	 223	 38	 74	 4	 74	 7	 15	 34	 487	 18	 16	 391	 12	 9	 1	 24	 1870	 370	 7	 1639	 12	 33	 320	 657	 5	 3	 3	 1122	 5	 3	 3	 5	 3	 3	 5	 3	 3	 5	 3	 3	 5	 3	 3	 5	
809	 11	 2184	 183	 63	 6	 209	 4	 153	 439	 24	 307	 10	 34	 66	 18	 6	 957	 10	 64	 19	 1090	 24	 34	 351	 1446	 35	 22	 1090	 11	 34	 10	 62	 908	 10	 111	 92	 11	 35	 352	 32	 116	 24	 6	 3389	 66	 1158	 4	 887	 6	
54	 13	 2095	 12	 161	 59	 1	 91	 246	 1	 118	 748	 59	 1	 667	 98	 1	 6	 234	 7	 234	 10	 514	 17	 401	 1	 1520	 10	 6	 84	 35	 37	 86	 5	 3	 1854	 103	 223	 7	 1794	 5	 3	 3	 234	 7	 234	 5	 3	 3	 103	
13	 21	 257	 9	 4	 389	 35	 4	 12	 1769	 5	 3	 3	 3	 3	 612	 35	 1	 726	 30	 78	 8	 107	 60	 9	 390	 60	 7	 433	 125	 43	 6	 347	 10	 182	 67	 241	 8	 396	 21	 5	 3	 3	 3	 3	 3	 135	 1378	 3	 3	
23	 619	 375	 32	 116	 309	 4	 39	 7	 36	 32	 731	 22	 83	 78	 7	 15	 34	 357	 67	 35	 8	 47	 5	 3	 3	 568	 5	 3	 3	 669	 5	 3	 3	 173	 3	 122	 5	 3	 3	 122	 5	 3	 3	 5	 3	 69	 5	 3	 3	
121	 28	 716	 444	 9	 7	 72	 6	 254	 18	 28	 86	 15	 6	 405	 227	 3	 3	 3	 227	 3	 3	 3	 3	 242	 122	 1439	 6	 1090	 33	 379	 1	 67	 398	 6	 767	 10	 6	 135	 8	 107	 5	 3	 135	 5	 3	 135	 3	 135	 3	
159	 10	 31	 9	 3	 3	 33	 3	 3	 198	 3	 128	 652	 297	 9	 5	 3	 3	 103	 3	 9	 3615	 4	 8	 73	 14	 746	 4	 47	 1	 34	 10	 111	 318	 10	 31	 49	 26	 313	 26	 34	 2786	 1529	 205	 5	 3	 3	 0	 0	 0	
42	 21	 16	 61	 32	 243	 4	 17	 1529	 21	 1	 343	 638	 10	 83	 199	 10	 93	 42	 9	 7	 10	 34	 5	 3	 3	 798	 5	 3	 3	 3	 3	 28	 5	 3	 3	 3	 1535	 3	 5	 3	 3	 2132	 3	 3	 5	 3	 3	 5	 3	
130	 13	 57	 481	 57	 23	 28	 6	 71	 133	 69	 259	 10	 14	 1523	 5	 3	 3	 3	 3	 3	 3	 227	 3	 3	 72	 13	 58	 882	 14	 258	 145	 9	 22	 6	 246	 7	 2732	 5	 3	 3	 3	 3	 3	 3	 3	 3	 3	 3	 3	
773	 15	 62	 478	 128	 418	 28	 1079	 1042	 7	 6	 80	 56	 520	 5	 3	 3	 3	 33	 44	 5	 3	 3	 3619	 3300	 3	 71	 1425	 5	 3	 3	 3	 3	 3	 5	 3	 3	 3	 5	 3	 3	 3	 3	 3	 691	 3	 173	 5	 3	 3	
15	 42	 461	 1	 13	 36	 287	 9	 38	 14	 294	 73	 34	 74	 5	 3	 3	 3	 33	 44	 71	 452	 109	 69	 7	 71	 1481	 5	 69	 3	 5	 3	 3	 81	 151	 5	 3	 1349	 5	 3	 981	 59	 15	 914	 5	 3	 3	 5	 3	 3	
1256	 20	 97	 7	 1509	 1305	 8	 396	 48	 1654	 3	 16	 32	 304	 22	 6	 97	 8	 104	 38	 1963	 5	 3	 3	 135	 135	 11	 135	 5	 3	 3	 860	 27	 5	 3	 3	 3	 3	 3	 3	 3	 5	 3	 3	 3	 3	 5	 3	 3	 3	
40	 8	 926	 8	 48	 621	 39	 456	 4	 57	 25	 1	 40	 8	 48	 1852	 4	 42	 199	 11	 108	 24	 100	 62	 35	 1	 8	 48	 568	 376	 12	 202	 81	 7	 32	 687	 4	 48	 700	 185	 10	 6	 1532	 9	 5	 3	 3	 3	 5	 3	
14	 652	 203	 36	 47	 8	 1203	 73	 320	 166	 257	 9	 5	 3	 3	 234	 8	 124	 17	 180	 1	 693	 217	 6	 102	 1439	 197	 19	 12	 189	 5	 3	 3	 1349	 3	 5	 3	 3	 33	 44	 5	 3	 1012	 3	 5	 3	 3	 3	 3	 3	
40	 8	 57	 71	 758	 62	 4	 902	 157	 4	 8	 22	 6	 118	 1	 75	 12	 1098	 15	 62	 461	 1	 13	 16	 21	 23	 9	 4	 757	 1548	 488	 4	 141	 78	 5	 3	 3	 122	 2374	 5	 3	 0	 0	 0	 0	 0	 0	 0	 0	 0	
13	 16	 21	 23	 9	 4	 389	 14	 2405	 4	 8	 337	 119	 37	 1025	 84	 990	 5	 3	 3	 452	 26	 17	 1697	 10	 6	 77	 27	 6	 55	 128	 87	 626	 5	 3	 3	 3	 3	 102	 198	 7	 16	 210	 248	 10	 70	 242	 5	 3	 3	
8	 16	 143	 25	 4	 47	 39	 20	 12	 31	 9	 11	 1124	 4	 17	 170	 108	 5	 3	 3	 3	 721	 3	 954	 3	 5	 3	 3	 4779	 5	 3	 3	 33	 1023	 3	 82	 6	 2056	 10	 6	 10	 6	 386	 5	 3	 3	 5	 3	 3	 289	
13	 238	 104	 299	 312	 38	 270	 1	 30	 126	 7	 30	 167	 7	 9	 38	 30	 561	 1	 75	 460	 20	 11	 228	 9	 5	 3	 3	 3	 3	 173	 3	 2250	 817	 5	 3	 3	 135	 3	 5	 3	 3	 3	 3630	 0	 0	 0	 0	 0	 0	
6	 246	 10	 91	 7	 475	 266	 86	 4	 68	 6	 41	 1	 72	 834	 77	 206	 17	 366	 3083	 192	 169	 9	 37	 1344	 26	 17	 136	 129	 5	 3	 3	 1536	 3	 3	 3	 3	 3	 3	 3	 3	 3	 3	 3	 3	 5	 3	 3	 3	 3	
4525	 1072	 1	 933	 3	 3	 1146	 2550	 3	 3	 3	 989	 39	 1643	 1	 111	 343	 658	 5	 3	 84	 1	 2601	 4	 6	 77	 11	 526	 10	 637	 149	 7	 35	 15	 17	 357	 5	 3	 3	 2132	 1	 656	 5	 3	 3	 381	 5	 3	 346	 5	
13	 16	 51	 12	 98	 1	 65	 59	 7	 295	 40	 8	 793	 4	 70	 2000	 1	 348	 15	 418	 1	 342	 11	 478	 3	 4897	 1	 240	 19	 6	 656	 11	 240	 20	 39	 5	 3	 3	 3	 864	 10	 14	 258	 60	 7	 3	 411	 9	 5	 3	
824	 1239	 374	 614	 4	 314	 18	 6	 9	 28	 94	 100	 64	 15	 17	 357	 18	 64	 4126	 1608	 6	 857	 10	 50	 53	 68	 4	 12	 31	 9	 5	 3	 3	 33	 5	 3	 290	 185	 357	 5	 3	 3	 3	 5	 3	 3	 3	 3	 52	 5	
15	 42	 461	 13	 580	 6	 209	 4	 2795	 11	 2627	 34	 170	 3618	 11	 209	 146	 4	 39	 5	 3	 3	 5	 3	 3	 1012	 3	 5	 3	 3	 3	 5	 3	 3	 5	 1012	 3	 5	 3	 5	 3	 3	 5	 3	 5	 3	 3	 5	 3	 5	
37	 8	 858	 24	 1891	 248	 10	 6	 53	 145	 1247	 1	 1247	 517	 7	 8	 937	 6	 53	 145	 21	 10	 9	 73	 148	 188	 5	 3	 3	 3	 3	 3	 3	 3	 3	 5	 3	 3	 5	 3	 3	 5	 3	 3	 5	 3	 3	 5	 3	 3	
23	 646	 54	 8	 937	 14	 41	 1	 6	 87	 10	 12	 31	 189	 16	 32	 1172	 71	 523	 69	 19	 25	 948	 5	 3	 69	 11	 16	 5	 3	 1	 3643	 683	 10	 74	 5	 3	 0	 0	 0	 0	 0	 0	 0	 0	 0	 0	 0	 0	 0	
6	 1992	 18	 6	 53	 57	 25	 51	 90	 88	 9	 43	 12	 84	 296	 160	 39	 5	 3	 3	 3	 103	 60	 217	 417	 537	 60	 7	 3	 4457	 234	 79	 1268	 17	 71	 3434	 133	 69	 1066	 71	 56	 69	 9	 15	 12	 91	 56	 71	 133	 69	
371	 380	 12	 65	 137	 1	 119	 36	 61	 315	 4	 341	 12	 4166	 664	 19	 405	 1174	 1	 105	 18	 23	 36	 224	 6	 1497	 810	 4	 34	 81	 5	 3	 3	 33	 172	 5	 3	 3	 5	 3	 3	 28	 452	 5	 3	 5	 3	 5	 3	 5	
79	 194	 197	 19	 9	 166	 72	 13	 21	 7	 132	 9	 43	 8	 15	 6	 487	 19	 67	 13	 16	 21	 42	 9	 5	 3	 3	 3	 103	 3	 1388	 211	 5	 3	 3	 5	 3	 3	 3	 3	 3	 3	 3	 3	 3	 3	 3	 357	 5	 3	
13	 48	 303	 1906	 459	 56	 33	 1399	 2018	 18	 23	 33	 44	 7	 142	 48	 303	 1329	 24	 459	 19	 6	 3751	 1	 459	 1	 567	 14	 33	 346	 7	 34	 637	 205	 75	 217	 38	 459	 5	 5	 3	 3	 393	 531	 5	 3	 3	 135	 3	 5	
13	 21	 495	 46	 4	 1259	 9	 15	 101	 4	 604	 12	 172	 7	 350	 328	 8	 5	 3	 3	 52	 172	 19	 8	 24	 178	 6	 492	 15	 6	 1225	 74	 4	 113	 8	 9	 42	 26	 131	 59	 5	 3	 172	 5	 69	 27	 5	 3	 74	 10	
12	 1073	 21	 10	 3279	 7	 20	 35	 116	 15	 1479	 4	 6	 52	 5	 3	 10	 33	 44	 5	 3	 3	 3	 1535	 10	 62	 658	 5	 3	 3	 2363	 22	 12	 1064	 67	 28	 191	 15	 23	 33	 44	 5	 3	 3	 3	 3	 3	 691	 3	 173	
23	 33	 44	 112	 25	 4292	 64	 166	 34	 49	 159	 11	 85	 20	 67	 3475	 112	 51	 82	 2188	 11	 30	 9	 231	 309	 5	 3	 3	 49	 3	 3	 3	 3	 1	 1541	 1710	 5	 3	 3	 3	 3	 173	 33	 5	 3	 3	 3	 3	 1180	 5	
12	 4587	 10	 14	 78	 11	 6	 30	 369	 8	 339	 4	 104	 60	 3	 3	 229	 9	 60	 42	 26	 411	 7	 189	 9	 60	 54	 8	 63	 29	 372	 27	 415	 353	 87	 22	 6	 52	 1	 7	 30	 189	 29	 75	 52	 1788	 7	 4541	 27	 60	
13	 269	 4	 239	 8	 92	 7	 35	 1	 7	 13	 57	 25	 47	 42	 9	 4	 45	 66	 5	 3	 33	 44	 29	 399	 27	 4	 133	 314	 18	 8	 275	 72	 12	 90	 88	 9	 28	 228	 5	 3	 28	 25	 221	 5	 3	 3	 169	 5	 3	
283	 6	 44	 222	 5	 3	 0	 0	 0	 0	 0	 0	 0	 0	 0	 0	 0	 0	 0	 0	 0	 0	 0	 0	 0	 0	 0	 0	 0	 0	 0	 0	 0	 0	 0	 0	 0	 0	 0	 0	 0	 0	 0	 0	 0	 0	 0	 0	 0	 0	
2147	 1	 3181	 112	 25	 620	 4701	 1	 4162	 11	 235	 34	 9	 38	 134	 703	 15	 12	 513	 5	 3	 3	 103	 543	 5	 3	 3	 5	 3	 3	 1084	 543	 5	 3	 3	 123	 452	 84	 5	 3	 3	 123	 5	 3	 3	 5	 3	 5	 3	 5	
6	 1123	 19	 190	 28	 803	 4	 1247	 3	 15	 1345	 1304	 14	 652	 4954	 28	 5	 3	 3	 611	 148	 284	 33	 692	 140	 13	 483	 8	 4	 224	 5	 3	 33	 175	 73	 14	 41	 5	 3	 3	 5	 3	 5	 3	 5	 3	 1515	 5	 3	 3	
13	 57	 25	 387	 11	 839	 12	 31	 9	 4	 45	 66	 19	 83	 126	 96	 160	 12	 139	 5	 3	 3	 3	 831	 772	 5	 3	 3	 3	 268	 5	 3	 3	 3	 60	 3	 931	 3	 5	 3	 3	 3	 3	 5	 3	 3	 3	 3	 3	 3	
281	 16	 21	 50	 215	 7	 1844	 22	 111	 78	 5	 3	 50	 135	 1	 4	 212	 23	 87	 4	 111	 670	 4	 186	 3603	 130	 77	 194	 260	 6	 1144	 50	 135	 1395	 618	 5	 3	 1450	 135	 1373	 5	 3	 3	 3	 619	 5	 3	 1007	 2357	 3	
495	 46	 63	 13	 21	 495	 46	 19	 457	 1037	 63	 3	 3	 464	 39	 4	 329	 70	 1131	 420	 46	 38	 12	 50	 91	 38	 1650	 420	 46	 5	 3	 0	 0	 0	 0	 0	 0	 0	 0	 0	 0	 0	 0	 0	 0	 0	 0	 0	 0	 0	
872	 733	 70	 81	 770	 19	 6	 87	 10	 14	 77	 22	 83	 2112	 925	 211	 1	 7	 1	 3875	 1	 19	 2212	 2240	 160	 139	 5	 3	 5	 3	 3	 3	 3	 3	 80	 5	 3	 5	 3	 3	 3	 80	 68	 81	 5	 3	 3	 3	 3	 3	
716	 9	 82	 14	 202	 455	 28	 1512	 1816	 73	 2721	 5	 3	 3	 1187	 1	 2756	 24	 6	 80	 5	 3	 29	 2236	 849	 4	 5	 27	 3	 49	 103	 44	 26	 6	 307	 553	 15	 6	 298	 10	 6	 50	 41	 5	 3	 3	 3	 5	 3	 191	
1943	 16	 152	 11	 607	 12	 31	 49	 5	 3	 3	 3	 3	 1	 19	 1650	 128	 1001	 22	 20	 12	 21	 10	 6	 35	 5	 3	 234	 5	 3	 3	 234	 3	 172	 5	 3	 3	 3	 135	 3	 5	 3	 234	 3	 172	 5	 3	 234	 3	 234	
13	 57	 25	 247	 8	 19	 70	 65	 59	 11	 162	 59	 18	 8	 57	 481	 269	 4	 104	 42	 167	 5	 3	 3	 5	 3	 3	 5	 3	 3	 3	 3	 1431	 931	 1	 1072	 1012	 5	 3	 3	 5	 3	 3	 3	 3	 691	 173	 29	 5	 27	
62	 219	 37	 349	 15	 1128	 334	 1	 105	 13	 58	 273	 17	 1854	 80	 211	 18	 13	 57	 105	 15	 6	 405	 21	 10	 14	 45	 76	 97	 165	 5	 3	 3	 1349	 618	 10	 14	 35	 5	 3	 3	 3300	 201	 6	 1035	 10	 261	 761	 5	 3	
578	 13	 354	 28	 17	 760	 832	 1143	 18	 413	 28	 148	 1492	 4	 47	 68	 4	 95	 149	 84	 20	 6	 50	 1	 190	 56	 205	 5	 3	 3	 3	 3	 5	 3	 1467	 11	 1484	 11	 205	 60	 3	 7	 1957	 10	 7	 1891	 1581	 15	 245	 4	
62	 46	 186	 6	 55	 4	 604	 172	 19	 67	 8	 37	 1010	 22	 5	 3	 3	 1614	 279	 1614	 1911	 102	 13	 383	 905	 500	 4	 14	 78	 5	 3	 3	 3	 3	 135	 5	 3	 3	 3	 3	 3	 3	 5	 3	 3	 3	 3	 3	 3	 3	
837	 16	 47	 187	 4	 30	 50	 53	 11	 750	 310	 6	 188	 10	 83	 157	 5	 3	 33	 33	 44	 217	 222	 5	 3	 0	 0	 0	 0	 0	 0	 0	 0	 0	 0	 0	 0	 0	 0	 0	 0	 0	 0	 0	 0	 0	 0	 0	 0	 0	
148	 90	 88	 9	 28	 94	 38	 23	 556	 5	 3	 3	 3	 1281	 28	 94	 38	 12	 50	 41	 26	 70	 675	 82	 6	 35	 11	 19	 6	 207	 10	 674	 1	 1251	 4	 249	 407	 11	 407	 955	 10	 6	 55	 5	 3	 28	 158	 5	 3	 3	
24	 100	 6	 55	 1	 8	 252	 18	 6	 159	 1	 21	 1	 251	 1	 1507	 927	 1692	 7	 8	 385	 785	 19	 236	 39	 20	 23	 9	 693	 148	 5	 3	 3	 183	 3	 5	 3	 3	 3	 3	 3	 3	 3	 3	 3	 3	 3	 3	 3	 3	
176	 1	 13	 316	 25	 32	 267	 4	 699	 95	 274	 177	 15	 6	 312	 29	 194	 3663	 318	 274	 80	 296	 412	 20	 900	 22	 6	 41	 1	 825	 4	 206	 77	 27	 19	 126	 96	 1	 201	 14	 126	 783	 5	 3	 3	 3	 126	 543	 5	 3	
23	 33	 223	 465	 770	 4	 9	 94	 24	 751	 192	 370	 1182	 28	 94	 24	 6	 1519	 198	 431	 56	 35	 7	 231	 24	 30	 53	 5	 3	 3	 7	 2116	 733	 5	 3	 3	 173	 5	 3	 3	 1034	 370	 29	 27	 5	 3	 7	 63	 3	 71	
105	 1	 24	 2358	 93	 46	 36	 124	 17	 1498	 1498	 452	 380	 7	 3110	 1563	 10	 6	 80	 775	 195	 6	 386	 71	 46	 1	 69	 67	 36	 808	 15	 6	 1020	 10	 9	 18	 119	 902	 20	 125	 290	 185	 5	 3	 3518	 289	 372	 3518	 20	 125	
36	 108	 12	 579	 59	 4	 373	 6	 52	 1	 42	 26	 260	 8	 57	 104	 64	 28	 436	 86	 1	 7	 12	 527	 59	 54	 12	 81	 28	 86	 5	 3	 3	 3	 3	 3	 1998	 5	 3	 3	 28	 146	 5	 3	 3	 511	 5	 3	 3	 3	
