3738	 28	 25	 221	 19	 6	 33	 142	 11	 6	 87	 10	 42	 78	 11	 83	 364	 5	 3	 3	 150	 33	 44	 19	 6	 80	 1231	 5	 3	 3	 33	 346	 5	 3	 3	 543	 5	 3	 3	 3	 135	 3	 3	 3	 3	 3	 173	 5	 3	 3	
520	 10	 115	 2209	 3	 3	 931	 3	 3056	 3	 931	 3	 3	 5	 63	 3	 1155	 5	 3	 3	 3	 3	 3	 3	 3	 3	 3	 2874	 29	 1846	 27	 2960	 227	 54	 8	 494	 89	 39	 69	 1	 29	 594	 27	 89	 22	 2337	 1	 54	 13	 1412	
77	 58	 143	 4	 1071	 14	 55	 15	 110	 368	 10	 160	 2966	 34	 31	 9	 5	 3	 3	 198	 92	 5	 3	 3	 1624	 1146	 69	 27	 5	 3	 3	 1503	 3	 3	 3	 5	 3	 3	 3	 5	 3	 234	 5	 3	 3	 234	 3	 234	 5	 3	
23	 112	 153	 161	 59	 1	 161	 59	 1	 1934	 59	 1	 129	 49	 1	 91	 7	 660	 1	 475	 266	 1	 129	 49	 1	 91	 847	 1	 7	 91	 293	 5	 3	 3	 102	 293	 29	 356	 1	 246	 10	 4770	 2447	 27	 5	 3	 102	 5	 3	 74	
9	 13	 51	 38	 12	 129	 29	 399	 27	 54	 8	 107	 14	 41	 1	 75	 475	 6	 3758	 35	 11	 429	 1281	 7	 41	 488	 49	 5	 3	 3	 102	 5	 3	 3	 3	 3	 3	 5	 3	 3	 3	 3	 3	 3	 3	 3	 1525	 3	 3	 3	
40	 8	 277	 261	 394	 11	 47	 362	 163	 49	 4	 39	 1	 8	 375	 1459	 12	 1266	 7	 479	 89	 293	 5	 3	 3	 3	 1180	 56	 318	 173	 56	 274	 1137	 5	 3	 3	 2949	 579	 9	 5	 3	 3	 102	 5	 3	 277	 775	 5	 3	 3	
33	 230	 2916	 1199	 464	 8	 4	 507	 1568	 188	 11	 702	 100	 12	 2315	 1036	 5	 3	 3	 532	 1	 5	 3	 1026	 364	 1026	 1026	 2528	 2143	 5	 3	 58	 25	 5	 3	 3	 5	 3	 3	 3	 5	 3	 5	 3	 3	 3	 3	 874	 3	 3	
110	 10	 62	 1022	 575	 13	 344	 72	 13	 1162	 12	 9	 15	 17	 357	 18	 9	 11	 292	 64	 396	 12	 257	 316	 32	 86	 4	 378	 284	 33	 230	 4	 18	 366	 582	 5	 3	 3	 767	 5	 3	 234	 7	 74	 5	 3	 3	 3	 1016	 3	
13	 16	 21	 6	 31	 7	 428	 9	 838	 38	 134	 157	 11	 15	 414	 4	 463	 95	 280	 157	 18	 16	 32	 10	 232	 4	 8	 5	 3	 3	 3	 3	 3	 3	 3	 3	 3	 3	 3	 3	 619	 27	 5	 3	 3	 3	 3	 3	 1094	 5	
540	 13	 104	 12	 629	 1	 13	 124	 374	 783	 4	 314	 21	 300	 103	 427	 11	 300	 4	 120	 12	 9	 5	 3	 1784	 102	 7	 30	 103	 1979	 5	 3	 3	 3	 3	 3	 3	 5	 3	 3	 3	 289	 5	 3	 3	 5	 3	 3	 5	 3	
8	 164	 344	 72	 6	 301	 16	 25	 21	 1075	 11	 973	 31	 9	 1	 11	 739	 24	 357	 18	 8	 16	 560	 11	 287	 34	 31	 9	 18	 8	 47	 82	 6	 50	 41	 73	 6	 74	 8	 186	 64	 5	 3	 3	 5	 3	 3	 33	 44	 5	
6	 44	 19	 634	 1	 1203	 58	 25	 2674	 8	 235	 6	 629	 359	 24	 384	 45	 66	 24	 583	 42	 26	 147	 163	 729	 11	 16	 32	 687	 19	 318	 5	 3	 2775	 74	 7	 2914	 5	 3	 3	 3300	 5	 3	 3	 3	 3591	 71	 81	 5	 3	
40	 8	 48	 265	 11	 930	 166	 14	 33	 44	 1	 11	 43	 72	 8	 1114	 18	 13	 58	 89	 8	 43	 265	 1	 744	 8	 1	 11	 14	 89	 39	 82	 33	 1	 1261	 282	 744	 5	 3	 3	 3	 721	 5	 3	 3	 3	 3	 3	 721	 721	
46	 7	 30	 177	 3	 3	 3	 238	 51	 67	 37	 1422	 2224	 12	 147	 163	 9	 7	 714	 17	 556	 738	 38	 6	 432	 114	 10	 9	 11	 4	 338	 6	 9	 861	 5	 3	 3	 1102	 33	 44	 1	 7	 14	 45	 76	 56	 97	 165	 5	 3	
15	 245	 1	 13	 51	 30	 9	 43	 8	 54	 8	 107	 14	 55	 1	 75	 12	 161	 59	 1	 12	 475	 266	 1	 6	 667	 98	 29	 237	 455	 1373	 18	 893	 8	 27	 1	 31	 9	 29	 155	 8	 107	 1	 53	 500	 27	 1	 7	 91	 246	
17	 41	 11	 202	 782	 187	 4	 30	 99	 5	 3	 3	 55	 3	 24	 17	 2143	 5	 3	 334	 10	 750	 106	 6	 213	 10	 1027	 5	 3	 1187	 5	 3	 3	 2132	 3	 5	 3	 3	 5	 3	 3	 3	 3	 3	 3	 3	 5	 3	 3	 3	
13	 396	 21	 50	 215	 128	 30	 289	 4	 1259	 9	 7	 72	 355	 77	 344	 18	 37	 254	 1272	 4	 32	 116	 22	 457	 50	 155	 5	 3	 3	 135	 1012	 3	 3	 5	 3	 0	 0	 0	 0	 0	 0	 0	 0	 0	 0	 0	 0	 0	 0	
62	 46	 16	 32	 598	 309	 22	 12	 114	 56	 1031	 11	 95	 129	 11	 1844	 5	 3	 3	 3	 2329	 10	 50	 215	 5	 3	 3	 33	 289	 5	 3	 234	 3	 3	 3	 3	 3	 3	 123	 5	 3	 3	 3	 3	 3	 3	 3	 5	 3	 5	
13	 16	 285	 23	 33	 44	 38	 74	 4	 74	 5	 3	 103	 151	 7	 142	 166	 12	 92	 11	 35	 5	 3	 103	 3	 3	 3	 5	 3	 3	 3	 3	 5	 3	 3	 3	 5	 3	 3	 5	 3	 3	 3	 3	 3	 3	 3	 3	 3	 3	
95	 10	 14	 35	 37	 992	 22	 6	 41	 7	 52	 566	 24	 271	 298	 627	 5	 3	 422	 1076	 280	 770	 19	 6	 596	 38	 6	 271	 298	 5	 3	 3	 5	 3	 3	 3	 3	 841	 5	 3	 3	 3	 3	 3	 3	 3	 50	 135	 5	 3	
40	 8	 47	 35	 4	 39	 1	 13	 16	 1642	 6	 9	 13	 378	 38	 8	 1	 75	 90	 88	 9	 7	 4	 152	 31	 9	 15	 229	 20	 42	 92	 11	 35	 5	 3	 3	 3	 3	 3	 3	 3	 342	 35	 5	 3	 3	 346	 3	 135	 3	
79	 32	 365	 18	 8	 16	 264	 138	 10	 380	 62	 241	 38	 788	 169	 7	 2366	 5	 3	 1	 584	 6	 71	 449	 69	 664	 876	 15	 723	 596	 5	 3	 3	 656	 3	 35	 5	 3	 3	 1012	 3	 5	 3	 3	 911	 10	 303	 5	 3	 3	
19	 127	 1	 13	 985	 45	 66	 16	 21	 1125	 1	 4453	 215	 1	 11	 17	 1819	 669	 15	 6	 917	 615	 1	 1259	 774	 7	 774	 680	 10	 14	 174	 5	 3	 3	 3320	 476	 1	 80	 864	 1	 7	 5	 3	 1515	 19	 1554	 69	 1499	 69	 27	
79	 226	 18	 23	 44	 465	 770	 4	 130	 1552	 370	 154	 716	 1	 120	 7	 393	 84	 169	 10	 1126	 56	 718	 7	 704	 7	 270	 5	 3	 1718	 10	 6	 41	 18	 37	 703	 15	 457	 639	 75	 6	 33	 10	 68	 112	 25	 1080	 6	 519	 10	
1309	 273	 10	 6	 9	 15	 14	 522	 5	 3	 993	 103	 1912	 28	 5	 3	 1	 1912	 266	 3	 1	 238	 1494	 64	 56	 1769	 82	 111	 150	 56	 87	 5	 3	 0	 0	 0	 0	 0	 0	 0	 0	 0	 0	 0	 0	 0	 0	 0	 0	 0	
79	 604	 18	 40	 8	 316	 200	 125	 9	 43	 23	 1060	 7	 12	 320	 43	 23	 442	 42	 159	 1	 21	 11	 199	 10	 12	 31	 9	 16	 25	 32	 438	 82	 33	 230	 5	 3	 3	 3	 3	 3	 3	 5	 3	 3	 3	 268	 3	 3	 268	
1574	 10	 9	 38	 12	 668	 81	 3	 3	 486	 3	 24	 451	 390	 24	 12	 50	 91	 928	 6	 432	 274	 177	 5	 3	 3	 299	 1	 55	 55	 56	 33	 44	 3	 3	 1983	 5	 3	 3	 33	 259	 56	 3	 50	 135	 7	 111	 117	 5	 3	
46	 37	 86	 4	 501	 9	 43	 12	 205	 22	 6	 55	 4	 350	 275	 130	 8	 37	 2659	 19	 39	 5	 3	 3	 19	 482	 1309	 5	 3	 3	 102	 27	 5	 3	 3	 3	 2360	 5	 3	 3	 3	 3	 3	 3	 3	 3	 3	 3	 3	 3	
110	 10	 6	 196	 1115	 15	 6	 386	 4	 328	 182	 16	 32	 280	 4	 12	 421	 172	 19	 14	 1256	 29	 11	 100	 1838	 145	 37	 566	 24	 8	 15	 6	 169	 10	 18	 55	 58	 32	 1091	 5	 3	 27	 116	 24	 12	 91	 56	 274	 919	 5	
13	 21	 45	 66	 4	 328	 182	 22	 14	 78	 5	 3	 3	 3	 46	 7	 1131	 182	 22	 6	 45	 76	 78	 5	 3	 5	 3	 3	 3	 3	 3	 3	 3	 3	 3	 3	 3	 3	 5	 3	 3	 3	 3	 3	 3	 3	 3	 3	 5	 3	
1063	 17	 1556	 4	 6	 560	 11	 877	 108	 60	 34	 131	 375	 32	 978	 60	 3	 438	 1173	 146	 4	 493	 1774	 73	 6	 2053	 144	 5	 3	 3	 5	 3	 3	 5	 3	 3	 5	 3	 3	 5	 3	 3	 5	 3	 3	 5	 3	 3	 3	 3	
13	 36	 124	 374	 783	 4	 47	 8	 20	 68	 4	 12	 81	 7	 244	 26	 158	 5	 3	 60	 3	 3	 183	 158	 106	 115	 5	 3	 183	 10	 183	 60	 3	 5	 3	 183	 10	 2785	 5	 3	 3	 3	 1708	 5	 3	 3	 5	 3	 3	 3573	
254	 513	 133	 8	 4	 188	 72	 355	 45	 76	 198	 12	 291	 2503	 22	 291	 7	 107	 12	 256	 55	 3	 3	 87	 763	 23	 55	 693	 148	 577	 5	 3	 3	 3	 3	 3	 33	 230	 5	 3	 3	 3	 50	 1046	 5	 3	 3	 1676	 5	 3	
13	 37	 477	 4	 30	 99	 145	 33	 151	 5	 3	 3	 173	 7	 1758	 376	 14	 270	 5	 3	 3	 1180	 5	 3	 1180	 56	 78	 5	 3	 3	 1180	 5	 3	 3	 3710	 29	 2236	 647	 6	 71	 41	 69	 27	 5	 3	 1	 431	 268	 5	 3	
34	 199	 18	 13	 36	 57	 25	 153	 15	 12	 65	 59	 5	 3	 3	 1951	 8	 742	 84	 3400	 5	 3	 3	 29	 2236	 71	 1568	 69	 27	 5	 3	 29	 6	 71	 89	 9	 69	 27	 5	 3	 3	 3	 320	 5	 3	 3	 3	 3	 3	 115	
45	 66	 16	 21	 9	 29	 25	 75	 12	 98	 1	 59	 1	 65	 1	 65	 11	 30	 417	 27	 11	 428	 9	 15	 101	 4	 133	 206	 8	 1	 15	 1479	 4	 302	 678	 1	 113	 8	 312	 1	 113	 11	 740	 30	 435	 43	 590	 6	 50	 41	
4394	 2203	 3	 5	 3	 3	 3	 3	 3	 5	 3	 3	 72	 8	 3918	 73	 72	 2142	 198	 14	 364	 5	 3	 3	 227	 3	 3	 3	 3	 3	 691	 50	 53	 5	 3	 3	 1185	 3	 3	 173	 3	 721	 3	 50	 721	 56	 50	 41	 7	 198	
13	 57	 25	 113	 31	 9	 8	 609	 47	 11	 2409	 1452	 22	 12	 621	 39	 456	 4	 39	 5	 3	 3	 3	 3	 3	 1137	 1	 22	 2610	 56	 55	 5	 3	 3	 2329	 780	 310	 62	 1023	 5	 3	 3	 3	 1180	 33	 44	 28	 5	 3	 3	
8	 16	 32	 267	 4	 1070	 1575	 10	 12	 826	 20	 39	 82	 403	 14	 50	 41	 5	 3	 3	 289	 5	 3	 480	 3	 135	 3	 596	 149	 3	 3	 50	 41	 5	 3	 3	 3	 3	 50	 135	 5	 3	 3	 3	 5	 3	 3192	 41	 28	 146	
40	 8	 48	 858	 23	 33	 44	 1	 11	 162	 20	 442	 4	 12	 9	 1	 79	 32	 1347	 18	 6	 1020	 10	 31	 9	 16	 32	 86	 24	 39	 4	 883	 8	 833	 309	 38	 6	 469	 5	 3	 3	 3	 2657	 5	 3	 3	 1007	 611	 27	 6	
15	 245	 1	 6	 2085	 16	 2095	 9	 43	 3708	 68	 42	 26	 91	 246	 1	 246	 1	 129	 7	 229	 9	 42	 26	 161	 250	 29	 356	 1	 1704	 1	 91	 246	 1	 667	 753	 7	 30	 583	 27	 500	 11	 667	 753	 86	 15	 248	 11	 67	 10	
1767	 98	 1	 2085	 33	 44	 1168	 20	 49	 13	 51	 38	 8	 3	 3	 1	 14	 3281	 15	 229	 20	 14	 35	 60	 7	 3	 29	 61	 696	 26	 17	 1243	 212	 27	 28	 17	 518	 97	 67	 13	 239	 4	 133	 328	 8	 20	 6	 9	 5	 3	
199	 4	 45	 66	 3	 569	 270	 3	 407	 1024	 1	 16	 51	 11	 1217	 309	 20	 6	 31	 9	 18	 8	 316	 32	 438	 54	 181	 4	 206	 1385	 708	 5	 3	 3	 3	 3	 5	 3	 3	 5	 3	 5	 3	 5	 3	 3	 3	 5	 3	 3	
46	 63	 54	 8	 3906	 70	 1353	 161	 59	 1	 91	 1	 1601	 29	 1601	 27	 1	 6	 74	 10	 12	 107	 1	 6	 55	 7	 6	 296	 7	 74	 1954	 20	 6	 87	 1	 7	 458	 138	 55	 858	 24	 1001	 15	 7	 341	 390	 5	 3	 3	 3	
95	 242	 294	 16	 25	 32	 801	 4	 1426	 182	 172	 8	 16	 741	 191	 10	 12	 654	 135	 11	 135	 294	 11	 12	 84	 654	 205	 5	 3	 3	 2034	 169	 222	 5	 3	 3	 774	 411	 411	 9	 5	 3	 3	 931	 3	 3632	 372	 946	 28	 238	
176	 1	 95	 46	 16	 32	 598	 15	 12	 91	 4	 326	 8	 43	 72	 62	 46	 16	 32	 86	 40	 8	 57	 481	 48	 4	 70	 353	 80	 7	 887	 4	 385	 11	 549	 156	 5	 3	 3	 1989	 3	 5	 3	 3	 3	 3	 3	 3	 135	 5	
110	 136	 619	 16	 61	 664	 54	 8	 21	 6	 52	 4	 63	 3	 1	 42	 26	 2082	 10	 546	 1	 75	 1	 140	 720	 1	 1117	 35	 1	 263	 510	 7	 284	 230	 5	 3	 5	 3	 1094	 1710	 5	 3	 3	 3	 3	 511	 1318	 5	 3	 3	
23	 33	 44	 16	 32	 419	 22	 14	 216	 117	 10	 21	 5	 3	 33	 5	 3	 234	 10	 74	 5	 3	 7	 402	 56	 1474	 5	 3	 3	 192	 5	 3	 3	 3	 5	 3	 5	 3	 5	 3	 5	 3	 5	 3	 3	 5	 3	 1026	 775	 5	
6	 1457	 16	 32	 359	 220	 1784	 128	 3569	 15	 329	 5	 3	 683	 19	 6	 818	 15	 6	 1135	 31	 9	 5	 3	 3	 3	 5	 3	 5	 3	 3	 5	 3	 1007	 1012	 3	 5	 3	 1012	 5	 3	 3	 5	 3	 1007	 1012	 5	 3	 3	 3	
13	 16	 61	 327	 8	 6	 568	 10	 3858	 17	 2000	 1	 261	 1957	 11	 510	 22	 6	 35	 5	 3	 3	 253	 183	 1	 234	 7	 74	 1	 7	 13	 575	 1427	 329	 95	 536	 9	 15	 1479	 4	 42	 322	 5	 3	 1012	 3	 7	 52	 102	 5	
6	 202	 152	 28	 1755	 19	 12	 1202	 109	 1	 361	 54	 6	 2085	 934	 6	 52	 28	 25	 1186	 4	 2165	 12	 98	 5	 3	 3	 3	 3	 3	 5	 3	 5	 3	 3	 3300	 5	 3	 3	 1100	 5	 3	 234	 28	 191	 12	 98	 5	 3	 3	
40	 8	 316	 1114	 18	 62	 99	 16	 21	 62	 997	 289	 4	 329	 17	 1889	 353	 60	 575	 3	 57	 25	 104	 182	 5	 3	 29	 264	 138	 11	 97	 27	 5	 3	 290	 65	 59	 5	 3	 3	 172	 520	 5	 3	 3	 102	 5	 3	 3	 2780	
40	 8	 108	 676	 4	 507	 17	 1185	 1	 8	 16	 104	 150	 24	 178	 6	 278	 71	 179	 192	 669	 669	 1145	 645	 1	 69	 18	 1569	 22	 6	 2648	 55	 11	 6	 87	 1666	 22	 6	 52	 5	 3	 3	 135	 3	 5	 3	 3	 954	 5	 3	
62	 49	 16	 153	 6	 234	 7	 74	 10	 12	 107	 1	 67	 153	 42	 155	 1	 875	 22	 6	 261	 1	 155	 8	 500	 1	 726	 30	 786	 1	 6	 246	 10	 475	 266	 8	 16	 124	 7	 998	 8	 9	 43	 366	 1615	 5	 3	 3	 3	 5	
6	 301	 16	 903	 108	 19	 6	 159	 10	 9	 15	 317	 20	 6	 190	 117	 10	 6	 347	 10	 31	 9	 20	 6	 301	 11	 111	 473	 7	 529	 59	 5	 3	 3	 3300	 3	 67	 28	 302	 4	 186	 773	 15	 6	 581	 10	 6	 190	 56	 1064	
110	 242	 294	 186	 8	 4	 699	 242	 968	 54	 40	 8	 57	 25	 16	 32	 2015	 38	 2453	 50	 135	 1026	 11	 1088	 700	 46	 5	 3	 3	 3	 357	 18	 58	 8	 7	 264	 138	 5	 3	 3	 3	 3591	 135	 1253	 5	 3	 5	 3	 3	 931	
1546	 617	 1	 318	 1	 1282	 1	 128	 150	 394	 5	 3	 3	 92	 60	 3	 35	 60	 3	 685	 150	 52	 60	 3	 3	 35	 60	 3	 593	 7	 35	 60	 3	 3	 1346	 60	 81	 3	 1211	 172	 60	 7	 3	 1535	 3	 532	 3	 5	 3	 3	
413	 37	 174	 881	 494	 4459	 71	 69	 1025	 71	 69	 29	 71	 1601	 69	 27	 5	 3	 3	 3	 3	 3	 28	 86	 4	 557	 6	 255	 10	 6	 55	 5	 3	 3	 296	 5	 3	 3	 125	 280	 4	 12	 386	 5	 3	 234	 10	 74	 5	 3	
62	 46	 37	 86	 24	 6	 377	 2408	 407	 7	 80	 87	 5	 3	 825	 17	 55	 2789	 19	 6	 41	 4	 47	 17	 55	 663	 35	 19	 1233	 381	 241	 5	 3	 331	 241	 5	 3	 3	 126	 205	 27	 5	 3	 241	 1743	 22	 12	 129	 5	 3	
710	 13	 210	 300	 427	 4	 932	 450	 384	 1053	 10	 9	 1	 13	 58	 25	 2690	 8	 18	 90	 88	 9	 18	 13	 51	 36	 643	 32	 438	 15	 110	 916	 5	 3	 5	 3	 3	 3	 5	 3	 3	 5	 3	 3	 1012	 3	 5	 3	 3	 5	
13	 36	 956	 536	 9	 309	 38	 12	 81	 26	 8	 586	 20	 39	 1	 42	 26	 54	 8	 287	 6	 31	 9	 15	 12	 81	 5	 3	 3	 392	 5	 3	 3	 374	 207	 5	 3	 3	 1012	 3	 5	 3	 3	 3	 5	 3	 3	 3	 3	 3	
159	 10	 31	 49	 3	 349	 3	 2373	 3	 572	 5	 3	 3	 29	 27	 7	 251	 675	 3	 3078	 29	 71	 91	 69	 27	 71	 50	 215	 69	 5	 3	 3	 3	 3	 3	 3	 3	 3	 3	 3	 3	 3	 3	 3	 3	 3	 50	 53	 5	 3	
13	 38	 74	 4	 74	 2521	 4	 47	 8	 20	 68	 4	 11	 560	 9	 8	 116	 4	 39	 4	 597	 12	 322	 5	 3	 3	 668	 35	 5	 3	 3	 3	 3	 5	 3	 3	 3	 3834	 1839	 268	 5	 3	 3	 3	 3	 3	 192	 35	 165	 1026	
6	 21	 10	 12	 31	 9	 28	 12	 520	 10	 34	 10	 14	 286	 35	 5	 3	 3	 3	 3	 3	 669	 28	 412	 20	 95	 88	 9	 5	 27	 5	 3	 234	 33	 230	 1	 75	 6	 140	 419	 5	 3	 3	 102	 3	 5	 3	 3	 3	 3	
40	 8	 57	 105	 1	 15	 2607	 3229	 13	 108	 1	 13	 16	 51	 9	 43	 12	 1360	 11	 12	 81	 5	 3	 3	 775	 10	 12	 114	 5	 3	 169	 840	 5	 3	 234	 5	 3	 3	 135	 5	 3	 234	 5	 3	 3	 102	 5	 3	 234	 5	
119	 61	 210	 248	 10	 6	 56	 306	 4	 67	 1202	 10	 14	 77	 7	 4	 344	 130	 9	 13	 7	 38	 130	 119	 2806	 5	 3	 3	 3	 3	 102	 5	 3	 3	 33	 44	 5	 3	 3	 52	 5	 3	 3	 3	 5	 3	 3	 3	 3300	 5	
13	 16	 21	 71	 46	 69	 4	 273	 95	 292	 255	 7	 4	 373	 39	 4	 325	 20	 95	 2052	 10	 95	 49	 905	 598	 22	 95	 118	 155	 5	 3	 3	 1100	 173	 16	 61	 642	 20	 34	 350	 6	 80	 5	 3	 486	 11	 35	 821	 309	 4	
1327	 10	 171	 13	 152	 9	 1	 110	 9	 16	 153	 15	 17	 424	 357	 7	 290	 34	 10	 14	 270	 29	 647	 1	 6	 2261	 76	 1	 11	 52	 144	 29	 71	 69	 220	 14	 173	 27	 5	 3	 3	 3	 3	 3	 3	 78	 3	 5	 3	 3	
17	 3135	 4	 210	 662	 614	 4	 468	 6	 662	 98	 1	 59	 1	 7	 47	 8	 6	 65	 59	 146	 4	 14	 1059	 5	 3	 3	 3	 4351	 1	 89	 4	 8	 38	 115	 1	 4	 153	 627	 1100	 581	 5	 3	 3	 1100	 3	 1100	 5	 3	 3	
9	 94	 82	 46	 7	 30	 177	 5	 3	 102	 10	 97	 77	 1056	 703	 15	 6	 178	 368	 63	 3	 3	 122	 3	 3	 3	 3	 3	 135	 3	 462	 383	 419	 337	 3448	 4	 6	 55	 5	 3	 3	 3	 3	 80	 296	 5	 3	 102	 10	 5	
29	 194	 259	 1158	 71	 1421	 223	 69	 27	 7	 30	 340	 7	 15	 667	 98	 5	 3	 3	 3	 3	 3	 346	 3	 192	 52	 5	 3	 3	 3	 3	 192	 320	 1034	 2215	 3	 518	 97	 3	 350	 5	 3	 3	 3	 3	 3	 3	 691	 3	 3	
12	 1522	 45	 76	 52	 202	 29	 399	 27	 47	 17	 1102	 202	 152	 4	 597	 6	 52	 1	 542	 6	 49	 159	 1	 41	 1339	 7	 397	 522	 10	 12	 136	 1350	 1	 7	 6	 777	 777	 102	 5	 3	 399	 3	 52	 1150	 3	 5	 3	 3	 3	
130	 40	 372	 1335	 137	 4	 21	 23	 33	 223	 11	 6	 183	 1	 90	 7	 43	 23	 251	 5	 3	 3	 3	 33	 135	 5	 3	 3	 3	 1511	 3	 3	 721	 5	 3	 3	 3	 223	 5	 3	 3	 3	 3	 223	 3	 223	 3	 41	 5	 3	
40	 8	 819	 18	 13	 11	 493	 100	 14	 55	 1	 13	 7	 12	 2523	 29	 399	 27	 11	 82	 62	 50	 53	 5	 3	 3	 3	 33	 44	 5	 3	 611	 1012	 261	 1406	 3	 486	 5	 3	 931	 3	 3	 5	 3	 3	 452	 173	 5	 3	 931	
77	 434	 275	 18	 13	 58	 557	 6	 292	 49	 24	 77	 892	 14	 488	 1	 135	 488	 7	 68	 4	 41	 9	 7	 1094	 3115	 100	 3469	 149	 10	 281	 145	 81	 5	 3	 3	 2360	 5	 3	 3	 0	 0	 0	 0	 0	 0	 0	 0	 0	 0	
