6	 1430	 672	 36	 32	 1777	 53	 17	 345	 11	 2281	 10	 17	 416	 180	 15	 6	 356	 4	 355	 15	 17	 555	 11	 735	 5	 0	 0	 0	 0	 0	 0	 0	 0	 0	 0	 0	 0	 0	 0	 0	 0	 0	 0	 0	 0	 0	 0	 0	 0	
15	 334	 1	 3633	 112	 25	 52	 34	 9	 24	 42	 345	 29	 42	 26	 956	 1537	 1	 2238	 11	 30	 9	 22	 175	 15	 23	 607	 41	 27	 5	 0	 0	 0	 0	 0	 0	 0	 0	 0	 0	 0	 0	 0	 0	 0	 0	 0	 0	 0	 0	
121	 1764	 4	 326	 21	 6	 672	 7	 876	 5	 0	 0	 0	 0	 0	 0	 0	 0	 0	 0	 0	 0	 0	 0	 0	 0	 0	 0	 0	 0	 0	 0	 0	 0	 0	 0	 0	 0	 0	 0	 0	 0	 0	 0	 0	 0	 0	 0	 0	 0	
6	 4511	 757	 416	 43	 257	 747	 7	 34	 30	 9	 18	 37	 697	 26	 26	 4663	 24	 6	 1173	 5	 0	 0	 0	 0	 0	 0	 0	 0	 0	 0	 0	 0	 0	 0	 0	 0	 0	 0	 0	 0	 0	 0	 0	 0	 0	 0	 0	 0	 0	
162	 19	 6	 858	 10	 14	 257	 1	 14	 41	 1	 11	 24	 100	 14	 54	 1	 14	 475	 11	 1839	 21	 17	 2873	 597	 4	 17	 95	 1189	 10	 6	 41	 11	 17	 1633	 257	 11	 34	 135	 11	 30	 51	 11	 34	 30	 88	 18	 28	 835	 5	
13	 61	 20	 6	 9	 19	 6	 179	 334	 96	 63	 19	 127	 1	 4	 63	 0	 0	 0	 0	 0	 0	 0	 0	 0	 0	 0	 0	 0	 0	 0	 0	 0	 0	 0	 0	 0	 0	 0	 0	 0	 0	 0	 0	 0	 0	 0	 0	 0	 0	
23	 150	 16	 32	 181	 4	 481	 95	 443	 1	 123	 755	 1	 386	 342	 11	 171	 1627	 182	 1	 1450	 840	 11	 2788	 764	 297	 11	 34	 30	 88	 11	 738	 29	 357	 1	 387	 1	 11	 625	 965	 27	 1	 11	 450	 208	 5	 0	 0	 0	 0	
71	 56	 13	 230	 12	 9	 227	 0	 0	 0	 0	 0	 0	 0	 0	 0	 0	 0	 0	 0	 0	 0	 0	 0	 0	 0	 0	 0	 0	 0	 0	 0	 0	 0	 0	 0	 0	 0	 0	 0	 0	 0	 0	 0	 0	 0	 0	 0	 0	 0	
13	 16	 936	 287	 23	 33	 44	 5	 0	 0	 0	 0	 0	 0	 0	 0	 0	 0	 0	 0	 0	 0	 0	 0	 0	 0	 0	 0	 0	 0	 0	 0	 0	 0	 0	 0	 0	 0	 0	 0	 0	 0	 0	 0	 0	 0	 0	 0	 0	 0	
224	 905	 1	 2084	 4358	 0	 0	 0	 0	 0	 0	 0	 0	 0	 0	 0	 0	 0	 0	 0	 0	 0	 0	 0	 0	 0	 0	 0	 0	 0	 0	 0	 0	 0	 0	 0	 0	 0	 0	 0	 0	 0	 0	 0	 0	 0	 0	 0	 0	 0	
