130	 103	 427	 16	 210	 4	 120	 6	 9	 94	 22	 6	 41	 3	 3	 3	 3	 3	 3	 3	 3	 3	 3	 3	 3	 3	 1040	 3	 3	 3	 3	 24	 8	 16	 32	 1335	 438	 4	 45	 76	 99	 279	 19	 127	 1	 54	 8	 63	 3	 279	
13	 36	 25	 247	 258	 24	 311	 276	 8	 901	 5	 3	 3	 3	 1	 14	 456	 4	 186	 12	 1262	 19	 21	 5	 3	 577	 402	 34	 10	 12	 9	 5	 3	 81	 102	 1	 234	 10	 74	 7	 371	 8	 383	 98	 5	 3	 1012	 3	 41	 4954	
110	 35	 13	 382	 84	 3	 16	 61	 489	 20	 14	 50	 294	 29	 845	 71	 630	 610	 69	 27	 18	 373	 39	 4	 603	 95	 77	 145	 340	 9	 1	 488	 784	 11	 864	 5	 3	 3	 3	 3	 135	 155	 27	 3	 3	 16	 105	 61	 464	 39	
187	 4	 53	 1	 35	 7	 394	 2721	 641	 35	 1	 42	 26	 11	 82	 637	 92	 1	 35	 1	 11	 241	 38	 39	 11	 208	 5	 3	 3	 150	 3	 3	 3	 3	 3	 3	 3	 3	 3	 3	 3	 3	 3	 3	 3	 3	 3	 2323	 1137	 3	
15	 331	 1	 62	 46	 16	 32	 191	 24	 2122	 834	 26	 17	 986	 105	 1199	 58	 273	 10	 77	 260	 598	 220	 95	 155	 10	 3604	 8	 37	 248	 10	 14	 55	 5	 3	 3	 3	 3	 3	 192	 55	 5	 3	 3	 3	 3	 3	 3	 3	 192	
193	 46	 58	 68	 3	 919	 230	 3	 197	 5	 3	 3	 3	 3	 135	 50	 513	 239	 125	 268	 46	 1	 67	 58	 32	 86	 4	 305	 6	 21	 10	 95	 274	 177	 1	 7	 273	 72	 355	 514	 6	 182	 37	 436	 86	 5	 3	 3	 3	 3	
254	 10	 6	 71	 31	 9	 69	 28	 1052	 26	 248	 10	 31	 9	 60	 176	 1	 18	 316	 32	 17	 2720	 10	 260	 6	 914	 58	 32	 283	 43	 11	 235	 118	 33	 11	 6	 250	 5	 3	 3	 2543	 3	 5	 3	 1012	 5	 3	 3	 1012	 5	
62	 2285	 943	 373	 110	 661	 364	 149	 1	 24	 2042	 632	 172	 42	 26	 297	 5	 3	 81	 1615	 20	 5	 3	 3	 297	 173	 5	 3	 3	 3	 1034	 1034	 1034	 1034	 3834	 278	 5	 3	 3	 3	 3	 691	 691	 5	 3	 3	 3	 5	 3	 3	
40	 8	 47	 39	 20	 12	 456	 1	 13	 16	 247	 8	 4	 47	 95	 9	 42	 26	 673	 7	 234	 10	 23	 33	 44	 5	 3	 3	 293	 5	 3	 293	 10	 6	 366	 135	 5	 3	 3	 3	 173	 3	 33	 44	 5	 3	 3	 729	 166	 5	
17	 27	 1877	 20	 6	 1685	 10	 4323	 1315	 205	 27	 15	 3317	 4	 2118	 637	 3	 5	 3	 3	 150	 3	 3	 3	 3	 3	 165	 3	 270	 60	 7	 3	 575	 4595	 5	 3	 3	 1302	 8	 39	 60	 11	 3	 1207	 24	 178	 6	 665	 10	 284	
58	 1	 3	 805	 29	 33	 27	 3	 1	 407	 1	 1396	 1	 1	 1	 3604	 1	 691	 29	 65	 165	 27	 5	 3	 3	 3	 3	 173	 457	 279	 248	 10	 1276	 900	 6	 544	 4	 1877	 20	 360	 56	 766	 4	 360	 5	 3	 5	 3	 3	 3	
6	 193	 1160	 36	 1016	 6	 3	 1700	 19	 67	 64	 28	 686	 5	 3	 3	 3	 3	 3	 103	 5	 3	 3	 28	 5	 3	 3	 3	 5	 3	 3	 5	 3	 3	 5	 3	 3	 5	 3	 3	 3	 3	 1180	 5	 3	 3	 1182	 78	 5	 3	
38	 74	 4	 74	 13	 16	 239	 8	 6	 3321	 4	 3155	 17	 123	 20	 5	 3	 3	 3	 259	 5	 3	 3	 3	 19	 1622	 5	 3	 3	 3	 5	 3	 3	 3	 3	 5	 3	 3	 1720	 5	 3	 3	 3	 3	 3	 3	 3	 1319	 10	 1034	
62	 117	 7	 358	 3315	 358	 10	 21	 1	 7	 38	 6	 2638	 31	 9	 7	 35	 18	 1174	 15	 12	 472	 60	 689	 109	 31	 80	 1015	 1481	 5	 3	 3	 3300	 27	 5	 3	 3	 3	 910	 212	 5	 3	 3	 3	 3	 3	 3	 3	 619	 10	
279	 422	 1175	 10	 1982	 390	 7	 50	 215	 186	 350	 1406	 4	 206	 260	 14	 1627	 1395	 48	 303	 1144	 24	 17	 780	 80	 5	 3	 3	 1654	 5	 3	 5	 3	 5	 3	 3	 3	 3	 3	 3	 3	 126	 5	 3	 3	 3	 5	 3	 3	 3	
3	 2906	 1	 1203	 16	 32	 425	 4	 6	 129	 86	 4	 68	 16	 852	 421	 936	 220	 14	 78	 5	 3	 3	 3	 3	 1978	 49	 5	 3	 103	 3	 3	 980	 5	 3	 3	 3	 133	 4	 273	 257	 10	 6	 55	 5	 3	 3	 2329	 989	 14	
23	 9	 464	 156	 4	 463	 6	 593	 10	 14	 35	 5	 3	 3	 989	 39	 4	 882	 6	 518	 87	 7	 97	 5	 3	 518	 97	 5	 3	 3	 3	 515	 3	 3	 1049	 24	 115	 5	 3	 3	 1100	 3	 7	 642	 39	 20	 6	 218	 97	 52	
14	 78	 16	 32	 19	 2705	 1	 489	 26	 313	 26	 17	 340	 2884	 15	 5	 3	 3	 19	 1009	 286	 7	 6	 5	 3	 3	 29	 110	 27	 7	 16	 132	 31	 9	 4	 491	 540	 17	 340	 80	 48	 1372	 54	 6	 80	 28	 978	 15	 53	 5	
68	 4	 118	 150	 653	 28	 1079	 235	 5	 3	 7	 30	 511	 745	 5	 3	 3	 5	 3	 3	 3	 3	 5	 3	 5	 3	 3	 3	 3	 286	 5	 3	 3	 5	 3	 3	 1148	 3	 1621	 5	 3	 5	 3	 3	 3	 446	 3	 5	 3	 5	
62	 45	 66	 37	 1755	 68	 4	 12	 9	 12	 205	 5	 3	 3	 5	 3	 3	 33	 44	 3	 279	 3623	 6	 209	 4	 21	 10	 93	 9	 8	 47	 5	 3	 3	 3	 3	 5	 3	 3300	 5	 3	 3	 3	 3	 361	 19	 6	 207	 10	 236	
12	 360	 33	 183	 3	 172	 3	 346	 5	 3	 3	 9	 33	 44	 5	 3	 3	 28	 306	 4	 8	 60	 3	 112	 8	 143	 4	 262	 70	 65	 4	 59	 19	 931	 1	 548	 1	 1	 5	 3	 611	 1012	 8	 36	 113	 17	 108	 4	 12	 31	
62	 50	 215	 186	 8	 4	 188	 12	 31	 9	 1	 15	 1119	 20	 12	 118	 52	 24	 1411	 29	 75	 31	 480	 9	 27	 4	 699	 83	 92	 11	 35	 1	 741	 4	 328	 157	 22	 14	 55	 5	 3	 3	 2249	 50	 41	 5	 3	 3	 41	 5	
176	 1	 64	 316	 186	 39	 4	 2435	 12	 114	 540	 413	 37	 231	 24	 2079	 446	 399	 1	 140	 13	 36	 25	 32	 267	 4	 47	 156	 20	 12	 546	 21	 156	 5	 3	 577	 1795	 1	 105	 18	 8	 1898	 481	 48	 3309	 156	 5	 3	 5	 3	
1576	 136	 559	 21	 406	 1583	 1026	 1189	 3121	 3	 5	 3	 3	 1378	 1378	 1108	 20	 14	 241	 60	 3	 205	 1	 42	 26	 6	 182	 8	 16	 124	 60	 7	 1309	 273	 10	 182	 220	 30	 182	 18	 902	 5	 3	 3	 3	 3	 3	 3	 3	 22	
72	 36	 6	 9	 32	 86	 3	 3	 3	 227	 58	 124	 64	 519	 4	 206	 8	 19	 95	 149	 1	 42	 26	 3	 253	 7	 92	 7	 35	 5	 3	 3	 331	 2360	 205	 5	 3	 3	 2674	 3	 5	 3	 3	 3166	 626	 3	 1324	 5	 3	 3	
2752	 16	 61	 4740	 2363	 502	 45	 66	 11	 2540	 52	 144	 106	 888	 593	 7	 645	 5	 3	 3	 10	 6	 862	 408	 3836	 7	 111	 56	 1060	 56	 746	 5	 3	 962	 10	 6	 957	 10	 9	 253	 4	 6	 1190	 10	 95	 661	 92	 1130	 100	 364	
19	 127	 1	 13	 1460	 68	 4	 12	 147	 163	 102	 4	 109	 17	 362	 163	 4	 6	 118	 5	 3	 3	 3	 33	 408	 26	 191	 650	 197	 5	 3	 3	 1388	 173	 5	 3	 234	 5	 3	 3	 234	 197	 5	 3	 3	 5	 3	 3	 3	 2017	
40	 8	 48	 284	 1000	 9	 11	 4	 287	 12	 46	 1	 13	 16	 25	 32	 267	 4	 1314	 20	 6	 472	 1752	 22	 95	 78	 5	 3	 3	 3	 3	 3	 3	 906	 146	 5	 3	 3	 3	 801	 41	 5	 3	 3	 3	 259	 5	 3	 3	 3	
54	 20	 12	 21	 10	 6	 189	 155	 29	 6	 178	 392	 10	 6	 291	 71	 814	 69	 1163	 11	 37	 302	 4	 291	 24	 814	 1	 291	 11	 814	 27	 5	 3	 3	 3	 3	 29	 148	 554	 1	 28	 430	 359	 4	 8	 106	 1027	 27	 28	 231	
22	 3381	 13	 396	 1013	 48	 905	 89	 293	 10	 12	 129	 11	 12	 129	 40	 8	 58	 700	 6	 52	 1	 140	 64	 36	 32	 125	 280	 4	 14	 97	 19	 8	 26	 185	 11	 125	 208	 58	 32	 5	 3	 3	 5	 3	 3	 818	 5	 3	 3	
26	 17	 638	 1	 79	 32	 365	 18	 95	 2561	 53	 58	 414	 12	 790	 379	 82	 18	 6	 3040	 56	 261	 1	 413	 28	 148	 511	 2465	 18	 6	 246	 10	 1539	 16	 1335	 15	 12	 50	 91	 5	 3	 3	 33	 44	 5	 3	 234	 5	 3	 3	
72	 13	 21	 42	 9	 5	 3	 3	 3	 3	 3	 3	 3	 3	 3	 3	 3	 3	 942	 942	 28	 94	 3	 1181	 24	 39	 5	 3	 3	 3	 3	 3	 3	 3	 1100	 5	 3	 3	 3	 13	 722	 14	 41	 5	 3	 3	 3	 3	 50	 135	
40	 8	 316	 200	 4	 224	 1	 285	 11	 287	 31	 89	 293	 38	 12	 189	 1	 79	 285	 12	 89	 293	 166	 81	 666	 11	 24	 403	 12	 81	 189	 135	 5	 3	 3	 41	 5	 3	 3	 259	 10	 14	 55	 1	 11	 65	 5	 3	 5	 3	
8	 61	 16	 315	 4	 47	 30	 9	 22	 23	 41	 1	 1110	 1	 342	 1	 342	 7	 149	 337	 8	 912	 403	 17	 41	 5	 3	 135	 5	 3	 234	 3	 131	 59	 27	 5	 3	 3	 1533	 5	 3	 3	 84	 850	 5	 3	 234	 3	 3	 3	
40	 8	 57	 25	 2242	 4	 1132	 6	 87	 1	 3024	 16	 21	 110	 1112	 49	 838	 82	 62	 203	 4	 1582	 7	 86	 95	 149	 10	 6	 35	 116	 82	 6	 202	 334	 5	 3	 3	 198	 6	 1720	 35	 146	 22	 6	 55	 5	 3	 3	 3	 3	
875	 22	 6	 246	 10	 31	 9	 11	 52	 8	 21	 1	 457	 87	 1	 364	 11	 35	 16	 32	 419	 38	 17	 800	 10	 87	 1	 7	 3567	 171	 1926	 19	 12	 188	 5	 3	 3	 1084	 1	 218	 115	 5	 3	 3	 3	 3	 3	 3	 5	 3	
8	 58	 57	 2171	 4	 47	 31	 9	 29	 200	 12	 673	 1	 850	 509	 5	 27	 43	 732	 5	 3	 3	 286	 850	 1	 7	 576	 2139	 108	 5	 3	 234	 5	 3	 234	 5	 3	 3	 234	 5	 3	 3	 3	 5	 3	 52	 3	 135	 71	 4546	
15	 110	 448	 1	 8	 16	 32	 158	 4	 47	 95	 1238	 9	 1	 42	 26	 12	 147	 163	 102	 7	 234	 5	 3	 234	 5	 3	 234	 27	 5	 3	 74	 511	 5	 3	 29	 6	 71	 331	 69	 27	 5	 3	 3	 3	 102	 10	 4691	 5	 3	
13	 57	 25	 489	 26	 71	 2065	 5	 69	 3	 3	 3	 3	 3	 3	 5	 3	 3	 3	 5	 3	 3	 5	 3	 3	 5	 3	 3	 1940	 5	 3	 4174	 5	 3	 3	 3	 3	 5	 3	 3	 5	 3	 3	 3	 3	 5	 3	 3	 5	 3	
251	 10	 12	 49	 3	 3	 3	 5	 3	 3	 3	 3	 3	 3	 3	 1369	 3	 863	 3	 1388	 704	 3	 294	 5	 3	 3	 3	 3	 1	 431	 1	 7	 111	 704	 63	 704	 1	 431	 29	 71	 1322	 69	 27	 28	 25	 595	 106	 6	 271	 298	
434	 1	 14	 141	 97	 165	 18	 21	 14	 122	 289	 16	 191	 46	 22	 12	 114	 1	 42	 26	 50	 215	 11	 46	 18	 1080	 6	 182	 396	 924	 22	 12	 91	 11	 22	 6	 41	 11	 24	 336	 747	 1	 11	 403	 17	 135	 18	 8	 1006	 403	
121	 164	 89	 39	 40	 8	 48	 265	 43	 1522	 289	 224	 16	 287	 9	 3	 3	 38	 17	 1568	 3334	 128	 81	 5	 3	 3	 357	 566	 212	 5	 3	 3	 3	 173	 3	 5	 3	 3	 3	 3	 55	 5	 3	 3	 5	 3	 3	 5	 3	 3	
46	 7	 1191	 138	 3021	 184	 2682	 3	 37	 125	 290	 540	 1834	 828	 5	 3	 3	 2360	 3354	 3	 5	 3	 3	 3	 2329	 10	 1034	 56	 1034	 5	 3	 3	 3	 3	 5	 3	 3	 55	 3	 145	 3	 4545	 3	 1034	 1034	 1034	 84	 486	 5	 3	
40	 8	 316	 200	 125	 9	 43	 23	 1060	 7	 72	 4	 344	 18	 9	 333	 8	 933	 378	 64	 699	 15	 17	 487	 18	 58	 32	 1051	 15	 6	 71	 57	 17	 71	 2816	 69	 4	 47	 42	 9	 69	 19	 125	 9	 5	 3	 3	 3	 3	 3	
40	 961	 402	 9	 82	 6	 35	 1	 64	 16	 51	 7	 21	 42	 9	 15	 101	 4	 389	 1	 42	 26	 511	 1038	 80	 211	 1	 7	 518	 97	 5	 3	 4505	 512	 409	 183	 11	 1807	 405	 56	 41	 5	 3	 3	 2132	 3	 2132	 0	 0	 0	
72	 57	 13	 442	 7	 120	 12	 31	 9	 3	 3	 3	 3	 3	 3	 3	 227	 3	 3	 3	 3	 3	 5	 3	 3	 1033	 3	 3	 5	 3	 3	 3	 3	 227	 3	 5	 3	 3	 3	 3	 3	 55	 3	 5	 3	 3	 3	 3	 3	 192	
14	 1059	 36	 21	 6	 9	 13	 51	 4	 47	 2163	 11	 973	 19	 340	 80	 596	 1	 171	 158	 82	 3354	 56	 53	 5	 3	 5	 3	 52	 52	 1012	 5	 3	 3	 102	 10	 77	 121	 48	 17	 814	 632	 5	 3	 5	 3	 3	 5	 3	 3	
79	 89	 39	 40	 8	 316	 200	 4	 344	 54	 13	 354	 64	 28	 181	 4	 57	 105	 5	 3	 3	 192	 1	 2011	 1870	 268	 5	 3	 2132	 279	 940	 10	 940	 5	 3	 3	 3	 3	 3	 3	 3	 3	 5	 3	 3	 3	 3	 5	 3	 3	
824	 36	 251	 31	 9	 4	 6	 672	 502	 24	 115	 1	 108	 645	 11	 571	 101	 1	 1186	 24	 115	 11	 40	 64	 28	 307	 10	 158	 24	 115	 1448	 436	 807	 22	 11	 220	 14	 35	 5	 3	 3	 1319	 10	 8	 36	 32	 158	 24	 39	 5	
110	 10	 6	 49	 18	 62	 45	 76	 52	 1692	 42	 9	 28	 1172	 26	 10	 134	 121	 57	 123	 5	 3	 52	 28	 181	 19	 12	 608	 3356	 5	 3	 399	 3	 4546	 29	 71	 902	 35	 69	 27	 5	 3	 3	 3	 3	 656	 2093	 8	 67	 241	
93	 743	 9	 892	 362	 28	 235	 176	 1	 64	 16	 152	 12	 362	 100	 579	 147	 7	 1387	 163	 5	 3	 3	 1026	 2869	 81	 293	 5	 3	 3	 3	 775	 54	 8	 758	 2513	 52	 5	 3	 234	 5	 3	 3	 3	 3	 3	 3	 3	 3	 3	
6	 55	 198	 46	 7	 3445	 2245	 4	 186	 68	 4	 6	 118	 2408	 95	 10	 255	 49	 280	 5	 3	 3	 102	 1	 71	 186	 8	 69	 4	 32	 978	 24	 6	 80	 7	 291	 7	 6	 52	 56	 87	 5	 3	 3	 184	 5	 3	 3	 495	 3	
179	 2344	 42	 26	 291	 1	 6	 814	 29	 67	 8	 48	 359	 168	 27	 16	 32	 228	 20	 291	 26	 204	 15	 23	 33	 44	 5	 3	 3	 3	 431	 27	 5	 3	 3	 3	 3	 5	 3	 3	 289	 5	 3	 3	 2132	 1007	 3	 1012	 3	 5	
64	 28	 12	 785	 4	 47	 62	 52	 1094	 1	 338	 273	 10	 6	 1687	 617	 7	 12	 392	 10	 17	 635	 775	 38	 39	 5	 3	 3	 3	 3	 2329	 5	 3	 3	 3753	 1210	 15	 14	 342	 1	 7	 133	 39	 133	 201	 12	 211	 5	 3	 3	
454	 63	 4841	 1291	 1	 2500	 3	 259	 5	 3	 3	 3	 3	 3	 3	 3	 3	 3	 3	 3	 3591	 29	 27	 5	 3	 1	 102	 29	 1027	 27	 1444	 29	 106	 6	 71	 946	 69	 27	 3	 3	 3	 173	 29	 399	 27	 1	 5	 3	 3	 3	
13	 283	 23	 33	 44	 779	 4	 275	 67	 347	 10	 90	 88	 9	 18	 13	 104	 29	 439	 900	 121	 37	 100	 6	 41	 27	 5	 3	 3	 3	 3	 279	 369	 1	 42	 26	 14	 150	 862	 7	 1978	 7	 841	 18	 3315	 6	 729	 10	 3604	 11	
110	 16	 113	 440	 11	 299	 323	 38	 110	 424	 875	 22	 67	 6	 50	 135	 58	 32	 365	 18	 8	 37	 25	 3318	 4	 939	 5	 3	 3	 955	 5	 3	 3	 3	 656	 5	 3	 3	 126	 3	 3	 3	 3	 3	 1097	 5	 3	 3	 3	 5	
13	 2117	 8	 4	 224	 14	 151	 7	 142	 166	 12	 21	 10	 95	 35	 38	 30	 78	 5	 3	 3	 5	 3	 3	 742	 1	 19	 125	 1246	 268	 850	 60	 3	 0	 0	 0	 0	 0	 0	 0	 0	 0	 0	 0	 0	 0	 0	 0	 0	 0	
9	 8	 225	 43	 897	 3	 3	 19	 84	 447	 7	 1110	 1	 925	 447	 7	 596	 5	 3	 1040	 68	 11	 217	 324	 227	 3	 3	 3	 3	 678	 5	 3	 3	 3	 3	 52	 3	 3	 50	 41	 3	 294	 3	 377	 28	 1172	 26	 9	 5	 3	
159	 10	 12	 31	 9	 3	 3	 3	 49	 3	 3	 3	 3	 3	 49	 3	 5	 3	 3	 2775	 3	 3	 33	 44	 1	 67	 47	 6	 1196	 520	 4	 41	 255	 1	 1626	 192	 476	 7	 476	 1	 476	 1	 2684	 1	 50	 53	 1	 454	 1406	 784	
797	 10	 62	 35	 16	 153	 1	 19	 127	 1	 6	 754	 35	 1	 67	 3209	 56	 16	 239	 1	 2014	 1	 20	 457	 123	 165	 1	 30	 99	 5	 3	 3	 3	 3	 3	 1	 27	 7	 754	 50	 53	 5	 3	 3	 192	 3	 3	 3	 3	 3	
40	 8	 819	 4	 4327	 17	 2456	 82	 547	 1	 6	 2020	 10	 302	 2745	 945	 1	 16	 32	 185	 10	 6	 2883	 56	 1700	 29	 27	 7	 352	 25	 3423	 6	 1035	 10	 12	 1219	 49	 116	 4	 24	 8	 4	 6	 672	 18	 375	 32	 116	 20	 6	
564	 36	 25	 32	 1057	 221	 19	 6	 1315	 11	 1195	 876	 15	 962	 10	 1	 117	 7	 358	 5	 3	 3	 1869	 1869	 1392	 5	 3	 3	 1869	 3	 5	 3	 3	 3	 3	 3	 1869	 5	 3	 3	 3	 3	 3	 3	 5	 3	 3	 1869	 3	 5	
23	 33	 44	 465	 109	 4	 9	 18	 13	 51	 38	 8	 15	 545	 4	 17	 472	 11	 150	 472	 29	 134	 121	 225	 22	 6	 812	 27	 5	 3	 3	 1812	 33	 44	 5	 3	 3	 3	 3	 3	 55	 5	 3	 3	 3	 3	 44	 5	 3	 691	
1637	 517	 36	 1459	 12	 3	 49	 4	 30	 294	 3	 67	 186	 15	 380	 422	 1120	 3	 3	 67	 5	 3	 3	 3	 19	 67	 6	 9	 28	 359	 146	 4	 8	 5	 3	 3	 3	 3	 3	 3	 3	 3	 3	 3	 3	 3	 3	 52	 3	 3	
12	 360	 33	 183	 3	 172	 3	 3	 3	 3	 3	 9	 3	 172	 16	 319	 4	 6	 159	 7	 21	 10	 12	 31	 9	 38	 45	 66	 19	 83	 126	 96	 24	 297	 12	 31	 9	 20	 39	 5	 3	 3	 5	 3	 3	 123	 19	 125	 1246	 9	
42	 35	 16	 32	 992	 22	 17	 332	 7	 16	 32	 86	 24	 3572	 7	 111	 33	 44	 5	 3	 3	 3	 123	 5	 3	 3	 3	 3	 2509	 173	 5	 3	 3	 5	 3	 3	 5	 3	 3	 5	 3	 3	 5	 3	 3	 2775	 1187	 5	 3	 3	
19	 622	 11	 1742	 96	 109	 1	 3048	 1643	 36	 921	 6	 9	 2148	 106	 23	 44	 26	 705	 26	 26	 846	 4	 47	 8	 35	 5	 3	 3	 1023	 5	 3	 3	 3	 3	 358	 27	 5	 3	 3	 3	 3	 55	 3	 55	 3	 50	 53	 27	 5	
13	 16	 504	 81	 181	 7	 16	 153	 12	 1121	 7	 270	 26	 248	 10	 6	 145	 202	 152	 5	 3	 3	 3	 234	 5	 3	 3	 2230	 5	 3	 3	 3	 3	 3	 3	 3	 3300	 5	 3	 3	 5	 3	 3	 3	 3	 3	 3	 3	 5	 3	
24	 573	 6	 71	 2659	 69	 19	 224	 1	 137	 7	 510	 3	 44	 15	 34	 666	 7	 30	 503	 38	 2292	 36	 32	 4162	 1	 682	 1	 11	 4	 1245	 163	 4	 141	 831	 1230	 5	 3	 3	 1012	 3	 3	 5	 3	 3	 3	 5	 3	 3	 135	
40	 2618	 3694	 1135	 11	 2379	 9	 5	 3	 3	 842	 6	 152	 10	 15	 6	 3770	 11	 4	 4	 132	 6	 572	 10	 2786	 1529	 296	 1	 140	 13	 16	 132	 12	 31	 9	 20	 45	 66	 19	 6	 207	 10	 778	 680	 5	 3	 3	 3	 3	 3	
279	 161	 250	 7	 430	 5	 3	 3	 10	 6	 1135	 161	 59	 4	 6	 59	 171	 6	 50	 135	 28	 477	 4	 6	 367	 155	 60	 3	 3	 3	 3	 91	 28	 86	 60	 118	 748	 29	 161	 27	 59	 60	 3	 1221	 1057	 82	 6	 91	 11	 114	
135	 1811	 16	 15	 457	 904	 10	 6	 55	 18	 16	 32	 146	 22	 6	 55	 5	 3	 3	 3	 3	 3	 16	 191	 29	 190	 56	 84	 274	 379	 5	 27	 3	 50	 135	 5	 3	 2616	 5	 3	 3	 3	 3	 3	 3	 1	 16	 32	 528	 24	
34	 31	 9	 116	 24	 77	 28	 1344	 15	 331	 334	 19	 127	 4	 816	 1	 538	 7	 113	 1257	 4	 77	 145	 1726	 7	 4	 6	 1368	 10	 6	 1368	 5	 3	 3	 0	 0	 0	 0	 0	 0	 0	 0	 0	 0	 0	 0	 0	 0	 0	 0	
19	 355	 205	 1	 194	 71	 72	 58	 372	 1414	 69	 46	 145	 259	 197	 5	 3	 331	 358	 19	 95	 9	 238	 191	 46	 5	 3	 1012	 3	 3	 3	 3	 289	 29	 71	 1388	 289	 69	 27	 5	 3	 3	 1388	 33	 44	 3	 3	 227	 71	 331	
