28	 322	 8	 1181	 1155	 1818	 3147	 1426	 12	 1454	 3824	 2322	 518	 6	 518	 824	 2130	 4823	 2040	 304	 1255	 4124	 1272	 555	 1809	 1809	 36	 1272	 1809	 1371	 1809	 1371	 3257	 2780	 3360	 380	 3255	 2529	 4413	 3122	 3687	 2339	 2553	 3687	 1436	 1225	 523	 1957	 460	 2906	
2155	 2667	 4379	 1735	 3270	 2187	 1299	 545	 1299	 3051	 2799	 789	 336	 2215	 896	 1883	 2713	 1648	 749	 2959	 320	 990	 1106	 1151	 978	 424	 3685	 2950	 628	 333	 2741	 896	 3102	 1299	 37	 980	 3152	 274	 15	 905	 3307	 2902	 3445	 1365	 2326	 4264	 987	 896	 917	 992	
43	 446	 2247	 1536	 2385	 345	 510	 3210	 1924	 1299	 1125	 521	 1619	 2697	 1457	 649	 36	 410	 1251	 36	 1168	 359	 981	 222	 222	 222	 43	 2188	 227	 1809	 2864	 1513	 3018	 400	 704	 523	 178	 2320	 406	 2990	 3224	 2434	 2476	 2476	 936	 1377	 1561	 1836	 936	 1268	
812	 1737	 2735	 1036	 1355	 785	 1407	 1500	 1220	 1220	 1642	 997	 1950	 3281	 3538	 3538	 1873	 169	 3009	 3758	 187	 3500	 3938	 2213	 2220	 3741	 2172	 2727	 3500	 791	 3825	 4748	 3203	 997	 3337	 187	 3902	 377	 2133	 1446	 601	 332	 3019	 2335	 2233	 1059	 1661	 3313	 1188	 3051	
812	 4089	 1722	 1795	 927	 3816	 680	 105	 763	 272	 1939	 1495	 755	 3913	 667	 524	 524	 524	 524	 727	 370	 766	 804	 1767	 1767	 1667	 2311	 804	 188	 4540	 501	 3281	 145	 605	 995	 1322	 2681	 1288	 3734	 2544	 2544	 1086	 1674	 2535	 795	 11	 15	 3000	 795	 1130	
1129	 3020	 2484	 1122	 1020	 2601	 2593	 1094	 1259	 787	 2572	 3447	 1161	 1228	 2638	 3669	 2743	 1109	 736	 1368	 1290	 3410	 4482	 858	 3146	 3372	 3724	 3313	 4253	 3579	 1368	 2268	 4305	 1289	 1395	 748	 629	 871	 1354	 1354	 1207	 1998	 1677	 4108	 951	 3446	 1036	 3476	 2287	 4301	
12	 3009	 31	 976	 3621	 260	 18	 173	 769	 668	 1826	 1100	 3673	 2713	 1983	 2537	 732	 1141	 200	 2422	 1184	 1	 200	 3179	 151	 2692	 2617	 2862	 18	 2344	 1757	 2905	 254	 1401	 980	 864	 63	 1875	 71	 38	 2224	 2040	 64	 737	 1622	 745	 4155	 1092	 871	 1454	
40	 12	 789	 163	 219	 1379	 123	 1373	 26	 2859	 83	 1165	 857	 3106	 1473	 2040	 2052	 2544	 369	 1409	 39	 862	 1237	 3340	 3340	 1795	 1246	 1457	 1648	 2539	 2656	 1795	 232	 1619	 268	 4501	 3561	 2181	 3043	 2535	 2690	 3043	 4417	 3257	 400	 4415	 3026	 1156	 1058	 3472	
1	 440	 370	 1395	 1417	 222	 2236	 2363	 73	 2688	 379	 1459	 4509	 598	 1750	 1189	 1189	 2073	 1012	 4259	 366	 3106	 3106	 49	 1483	 1734	 1203	 125	 1220	 1220	 1	 2968	 254	 4188	 1	 314	 3172	 1986	 2842	 64	 4171	 3494	 1122	 219	 2359	 826	 678	 4178	 1721	 4634	
1662	 2799	 2153	 1619	 247	 1516	 395	 2148	 1352	 1218	 1721	 3765	 4301	 2116	 1786	 3225	 1327	 1464	 2155	 3766	 239	 326	 677	 1885	 1676	 4214	 3621	 3621	 731	 3621	 3539	 1676	 1701	 2044	 579	 2029	 1838	 3225	 2359	 3047	 3671	 2059	 937	 2584	 1676	 383	 3162	 1538	 438	 1510	
3717	 2867	 677	 4672	 3841	 86	 1264	 1952	 577	 1264	 2642	 905	 677	 2049	 1014	 700	 3107	 3107	 952	 1410	 1735	 735	 1476	 4826	 3026	 3116	 3447	 3447	 1625	 3268	 184	 2058	 3447	 2631	 921	 2784	 1846	 3689	 2717	 2244	 1008	 2541	 4504	 2397	 1413	 404	 137	 4460	 836	 836	
8	 396	 1270	 1974	 1885	 169	 674	 110	 1563	 379	 925	 815	 1166	 145	 1742	 4736	 1834	 1614	 3087	 3087	 1884	 2527	 2376	 4379	 3349	 2607	 1663	 2430	 556	 254	 2692	 466	 2316	 2692	 764	 1118	 4147	 2920	 160	 2023	 2668	 2229	 4655	 1396	 1067	 3528	 424	 1486	 1776	 324	
7	 83	 1079	 1995	 2430	 4780	 2060	 26	 26	 1266	 1998	 4337	 1286	 18	 4833	 2713	 3618	 1010	 2441	 1015	 4107	 687	 467	 807	 2855	 1795	 1642	 2572	 292	 292	 763	 272	 1131	 2441	 2157	 3744	 2474	 2335	 2754	 2351	 140	 1809	 1122	 140	 1279	 2681	 3063	 2681	 1050	 2735	
112	 2585	 677	 1218	 247	 1834	 1527	 472	 835	 704	 251	 2642	 108	 285	 1157	 2432	 294	 1921	 2235	 2418	 2556	 2292	 3289	 997	 2827	 3790	 3790	 1493	 732	 3790	 2057	 4483	 3419	 2235	 3240	 1532	 3180	 3180	 2351	 3156	 491	 2226	 820	 1551	 1799	 1259	 1155	 785	 2561	 1407	
12	 1739	 166	 894	 2224	 1902	 1452	 1525	 2227	 4736	 529	 2316	 2307	 861	 3645	 27	 1363	 1883	 27	 523	 1176	 2070	 2080	 1018	 1176	 2742	 1018	 1018	 681	 77	 841	 3087	 509	 3098	 2572	 195	 400	 2862	 3098	 1226	 2862	 2535	 2862	 1226	 1975	 393	 2964	 221	 4874	 2360	
1864	 332	 1082	 2324	 593	 1035	 1972	 3356	 3398	 2610	 4040	 4634	 1875	 333	 1887	 2580	 3544	 982	 1504	 4040	 2243	 4994	 2626	 3344	 216	 3063	 798	 896	 2572	 2125	 2572	 3050	 369	 1249	 773	 891	 2012	 2012	 2617	 1432	 2617	 394	 2641	 2552	 771	 2641	 1740	 4021	 3665	 2974	
1340	 4888	 2816	 2959	 1735	 3763	 2666	 1007	 4292	 1076	 3717	 3128	 837	 1944	 1570	 2442	 1515	 3479	 1726	 3766	 690	 188	 2667	 3311	 750	 764	 3004	 1261	 2795	 3111	 3111	 2719	 2050	 529	 871	 3246	 329	 2760	 2256	 4615	 2658	 1800	 1997	 1655	 2796	 1356	 732	 4613	 905	 837	
40	 12	 1963	 3222	 420	 2681	 1814	 1814	 1548	 1814	 1814	 1284	 2353	 2968	 3730	 1914	 199	 693	 488	 1211	 1976	 1619	 2628	 2628	 1180	 2541	 3572	 1231	 1008	 1008	 4814	 1686	 3203	 180	 2324	 410	 254	 410	 1150	 2758	 304	 4843	 925	 29	 1432	 2683	 3665	 1582	 228	 163	
34	 372	 6	 1742	 302	 14	 439	 4381	 3258	 871	 2126	 3961	 750	 3824	 3258	 4311	 400	 824	 2224	 400	 750	 3346	 824	 1583	 1194	 1194	 4464	 4872	 1364	 1783	 566	 93	 256	 12	 1007	 4546	 1420	 2958	 2958	 3702	 1648	 3398	 3790	 300	 20	 732	 1	 1648	 204	 1	
6	 56	 71	 2364	 1374	 444	 661	 970	 188	 50	 1263	 1568	 914	 3879	 4962	 168	 3422	 1076	 1374	 1374	 2438	 1655	 190	 725	 2086	 2438	 472	 4546	 4546	 1756	 58	 894	 11	 496	 1420	 813	 166	 1241	 166	 166	 12	 301	 361	 119	 332	 1596	 2824	 1884	 3712	 3712	
894	 1771	 584	 4691	 1123	 2681	 2351	 871	 370	 1536	 826	 826	 602	 4	 2012	 1844	 4893	 3620	 1844	 741	 1414	 1844	 393	 1974	 3157	 4691	 4691	 2430	 2224	 2224	 15	 1546	 2780	 1732	 3633	 4812	 1625	 2170	 336	 336	 1834	 370	 3538	 1228	 2996	 3538	 4256	 60	 67	 1517	
2538	 2110	 1079	 3891	 393	 1795	 2771	 2511	 2970	 4148	 1618	 3066	 1618	 2761	 2071	 2791	 400	 400	 4867	 804	 726	 726	 1209	 648	 784	 22	 596	 2328	 2526	 4055	 1218	 2173	 884	 4	 772	 772	 728	 798	 2682	 1026	 871	 651	 2158	 1595	 219	 2541	 4	 4	 4533	 2403	
539	 3961	 3442	 2713	 1151	 4706	 2788	 3240	 2657	 1267	 1943	 2148	 2453	 2906	 3820	 2049	 2641	 928	 2012	 171	 590	 2752	 82	 1643	 700	 1666	 1399	 1879	 370	 2477	 682	 2899	 1647	 595	 2602	 1141	 2884	 919	 1676	 2361	 952	 887	 518	 952	 952	 3790	 4615	 2685	 1324	 2228	
12	 591	 1075	 4054	 799	 1135	 3186	 1073	 4904	 1107	 2062	 595	 1721	 1721	 3053	 3053	 1721	 259	 1676	 1676	 2214	 1279	 309	 113	 23	 393	 4615	 1146	 20	 1547	 2733	 2062	 2772	 2921	 2123	 2123	 2939	 3704	 758	 1681	 3600	 1004	 3791	 2289	 514	 3259	 4076	 2344	 1653	 834	
452	 70	 101	 263	 2265	 369	 3376	 945	 1439	 1298	 1220	 2463	 2737	 2737	 193	 420	 3062	 1220	 1219	 468	 1483	 420	 1219	 2738	 3214	 109	 227	 840	 1601	 1245	 1601	 1814	 1270	 332	 600	 1787	 1047	 2234	 2273	 2273	 25	 712	 422	 2968	 18	 10	 1434	 863	 494	 219	
40	 1	 4	 923	 576	 3593	 1795	 2555	 756	 756	 756	 101	 3902	 1122	 1356	 2555	 379	 726	 569	 1651	 337	 2458	 1245	 2441	 1125	 193	 434	 1067	 2936	 2328	 2696	 6	 355	 502	 721	 1604	 1150	 948	 2158	 93	 2591	 1916	 1809	 1536	 1054	 2134	 2578	 463	 463	 1883	
12	 56	 1538	 166	 1675	 8	 555	 8	 1267	 322	 4818	 227	 1059	 2692	 182	 379	 981	 137	 4184	 259	 2438	 1498	 3398	 3398	 342	 510	 1436	 729	 4184	 763	 109	 514	 1387	 980	 980	 98	 2629	 2148	 27	 3190	 175	 27	 320	 2658	 2658	 2453	 1441	 112	 2681	 2606	
3451	 4758	 2849	 876	 1202	 1046	 1326	 1887	 275	 1450	 1046	 947	 3281	 2298	 1658	 3632	 231	 2713	 3500	 3500	 4273	 3612	 745	 2572	 1168	 2722	 1681	 2733	 2343	 791	 1129	 2072	 1122	 1349	 967	 1106	 1674	 3075	 365	 3943	 3665	 4236	 2554	 3699	 1771	 1572	 2638	 2850	 2895	 2288	
3412	 3961	 2506	 2178	 463	 4020	 2887	 2008	 471	 1629	 370	 416	 249	 1379	 1662	 1054	 728	 1207	 1910	 3368	 3771	 4315	 2895	 2370	 1299	 1847	 2322	 2794	 1514	 1676	 3368	 2008	 3721	 3974	 3974	 2960	 1141	 975	 529	 3160	 1770	 4759	 3447	 751	 39	 2282	 4130	 353	 1683	 537	
302	 372	 2438	 664	 1547	 952	 523	 2438	 4938	 1806	 2135	 783	 4098	 3525	 861	 1833	 795	 1833	 2356	 595	 1833	 621	 3560	 463	 3281	 1920	 1263	 602	 1675	 25	 119	 1299	 4978	 4284	 1919	 705	 1410	 655	 1669	 1163	 2213	 3104	 664	 2620	 3039	 874	 4248	 2593	 2192	 2040	
6	 3006	 71	 2364	 1640	 2001	 13	 2000	 1790	 13	 1183	 182	 1184	 1634	 146	 871	 871	 2842	 412	 971	 971	 729	 2125	 654	 1580	 1580	 919	 1210	 976	 555	 27	 27	 837	 813	 3106	 214	 661	 665	 763	 2463	 18	 331	 1834	 2713	 2916	 1648	 27	 3759	 605	 1018	
2722	 1022	 1105	 937	 2855	 3313	 4253	 1186	 2966	 3369	 3369	 2123	 2682	 1234	 1473	 2083	 2878	 2878	 4189	 1245	 671	 3259	 2243	 1129	 1892	 664	 1512	 1964	 2318	 2085	 2085	 529	 377	 44	 1769	 1964	 787	 2763	 1582	 1577	 250	 138	 2188	 939	 4417	 2210	 119	 1140	 1809	 4790	
2678	 1783	 1358	 2741	 1839	 1929	 1783	 1299	 3635	 1737	 821	 3500	 3507	 1568	 209	 1228	 820	 820	 1050	 2379	 824	 1710	 1676	 1141	 2719	 1141	 8	 1141	 824	 4981	 570	 712	 464	 3574	 439	 1087	 1676	 3149	 3149	 4665	 2390	 1891	 93	 3537	 93	 3974	 3429	 2713	 453	 871	
30	 2976	 1462	 1229	 1173	 3644	 624	 1156	 3289	 4416	 377	 3289	 3090	 2453	 3090	 3961	 2122	 2932	 4011	 3416	 481	 2106	 1231	 937	 661	 4792	 254	 254	 1527	 756	 897	 1527	 897	 1206	 897	 2637	 1594	 3160	 2959	 1876	 2070	 939	 2070	 3961	 897	 1201	 3448	 4204	 4204	 1384	
660	 1908	 540	 2070	 1629	 1439	 1795	 1245	 219	 1373	 27	 300	 2259	 3043	 939	 852	 2279	 3652	 3864	 2259	 962	 1079	 1079	 1507	 209	 3390	 4566	 1761	 255	 1809	 310	 3467	 2950	 2403	 2187	 2535	 511	 2994	 310	 12	 2950	 12	 1412	 436	 1412	 4447	 4461	 3161	 254	 705	
12	 179	 1792	 1436	 1457	 1100	 1549	 317	 40	 408	 1	 4165	 847	 1007	 2960	 1523	 947	 1173	 555	 222	 27	 948	 3628	 3914	 948	 1568	 948	 235	 1337	 480	 949	 1596	 662	 1162	 1	 564	 1041	 3740	 3086	 3106	 369	 4212	 3830	 1467	 56	 3319	 631	 4760	 1994	 2532	
29	 399	 1493	 415	 747	 3814	 1217	 2023	 4782	 1754	 3172	 7	 826	 371	 1702	 1173	 826	 431	 1585	 767	 10	 3911	 254	 1498	 1180	 1380	 3053	 1224	 1228	 142	 1228	 4694	 974	 2978	 2978	 2471	 2325	 188	 3113	 10	 562	 1518	 167	 1122	 795	 826	 4316	 125	 214	 2268	
4130	 64	 728	 322	 595	 2434	 466	 2126	 4113	 1494	 3285	 3356	 600	 598	 588	 3144	 3324	 3464	 4863	 95	 4863	 18	 64	 64	 1297	 2355	 3755	 3171	 1299	 1827	 4397	 1439	 1805	 939	 821	 82	 60	 1568	 2370	 1327	 4520	 948	 418	 735	 1574	 3933	 4431	 1672	 144	 2438	
6	 49	 18	 46	 444	 169	 249	 4986	 249	 214	 3646	 2071	 2688	 1012	 3172	 2790	 2500	 681	 454	 681	 2080	 60	 3	 940	 423	 43	 2966	 1533	 1875	 4314	 2551	 1601	 353	 3994	 870	 1973	 1973	 286	 518	 2824	 3268	 3455	 1470	 776	 308	 1838	 4702	 3382	 529	 12	
1562	 2392	 1209	 575	 1137	 411	 1201	 1775	 199	 1151	 597	 1637	 2588	 1266	 254	 2608	 2332	 3136	 2044	 2880	 1254	 2713	 2713	 762	 3704	 1862	 4035	 2040	 4284	 2713	 4863	 1054	 365	 2315	 3714	 1791	 1231	 937	 1151	 2140	 3500	 365	 1154	 1799	 2052	 2756	 1914	 2885	 1651	 2259	
468	 3937	 500	 4306	 4306	 1795	 1055	 359	 1447	 3410	 1097	 1058	 2702	 281	 1955	 4535	 800	 1979	 117	 1911	 2246	 524	 629	 1919	 4502	 163	 1589	 1580	 1889	 39	 791	 2442	 1335	 1459	 514	 77	 1148	 4232	 488	 810	 2351	 2489	 2038	 2761	 3813	 1179	 700	 2557	 3398	 4214	
1406	 3614	 2012	 109	 3502	 2643	 4712	 1748	 2617	 2503	 4364	 2518	 1251	 2620	 2865	 1193	 800	 2148	 2223	 2159	 200	 2984	 2483	 2472	 683	 2489	 3579	 4671	 4317	 2974	 1498	 4238	 1681	 333	 1428	 174	 4752	 1050	 2453	 2821	 2243	 2307	 2307	 2225	 2225	 3437	 1051	 4342	 2398	 3243	
6	 56	 730	 27	 1374	 4780	 1854	 2514	 4148	 3214	 4499	 1374	 2040	 60	 3799	 357	 2411	 1751	 411	 3160	 1374	 1374	 545	 296	 18	 2058	 545	 214	 545	 4339	 2286	 2108	 28	 2091	 28	 3098	 8	 2091	 2658	 2658	 765	 765	 745	 765	 601	 3419	 1305	 1305	 4126	 1649	
513	 2754	 4306	 2735	 1231	 3500	 4292	 1231	 1246	 669	 1534	 1434	 2003	 1249	 4314	 1060	 927	 1578	 3640	 422	 2453	 442	 502	 1834	 1840	 204	 4676	 1676	 2520	 2984	 3896	 2554	 4609	 4609	 4671	 686	 4540	 1601	 3051	 1866	 3481	 2657	 2657	 1783	 4089	 3285	 1294	 4721	 3281	 152	
2785	 3186	 700	 2386	 56	 2569	 1147	 1147	 617	 2439	 788	 2929	 2291	 2070	 2736	 3163	 2015	 1031	 3448	 2671	 329	 1919	 1413	 562	 993	 1141	 412	 3708	 1410	 537	 2950	 497	 353	 2888	 3447	 2888	 2888	 2602	 2602	 4607	 1599	 3185	 3599	 1895	 4588	 2839	 4588	 1796	 2140	 83	
2600	 621	 9	 536	 2316	 67	 1524	 42	 168	 523	 2503	 2430	 11	 3438	 1356	 1290	 1723	 1445	 1863	 1913	 1102	 27	 1	 190	 2080	 3544	 3171	 2463	 220	 220	 2259	 1196	 3643	 4585	 4124	 529	 1746	 1278	 629	 3941	 428	 1785	 428	 906	 2135	 2135	 791	 791	 3455	 732	
17	 817	 40	 1146	 90	 576	 90	 131	 919	 919	 1896	 3612	 906	 463	 2316	 2080	 2322	 2267	 475	 4608	 1692	 2376	 2977	 897	 1323	 978	 2720	 484	 3438	 1007	 1964	 3796	 3438	 27	 2977	 1271	 1740	 151	 1623	 1730	 4339	 4785	 4139	 254	 1388	 3398	 1388	 1388	 3661	 2795	
154	 23	 1436	 1344	 611	 123	 428	 3188	 1035	 1625	 4559	 1080	 2183	 1734	 246	 487	 1178	 1178	 1178	 2658	 3701	 2271	 3601	 696	 2622	 4624	 3778	 589	 4544	 725	 1305	 3026	 2272	 4626	 20	 2769	 954	 4620	 375	 821	 2983	 732	 3151	 3264	 3086	 1661	 3663	 3663	 518	 3455	
34	 1261	 1416	 3902	 27	 27	 3718	 1795	 1609	 3718	 3718	 375	 16	 4	 1251	 3179	 1298	 578	 8	 2090	 676	 1220	 1257	 86	 2737	 112	 2433	 803	 2889	 3624	 1866	 1612	 1290	 1678	 871	 1809	 993	 125	 700	 84	 2984	 1990	 4007	 1845	 1430	 1430	 380	 4353	 109	 3537	
684	 641	 122	 427	 439	 183	 3636	 3797	 4180	 2003	 18	 56	 2690	 93	 3386	 294	 18	 1713	 18	 18	 18	 2454	 1402	 27	 721	 1402	 91	 2537	 2312	 2312	 2040	 2695	 1719	 27	 27	 2681	 518	 2015	 2290	 2015	 1007	 2593	 3086	 505	 2158	 2272	 104	 104	 763	 2080	
6	 386	 494	 12	 661	 249	 1182	 192	 1110	 1705	 4590	 250	 1146	 1604	 2532	 1364	 257	 72	 1968	 684	 859	 2629	 1304	 445	 2070	 4571	 1335	 1013	 4098	 72	 72	 72	 1531	 26	 72	 2737	 1210	 3139	 1540	 2271	 342	 2347	 445	 2254	 2789	 664	 2121	 2629	 4078	 3722	
419	 29	 27	 396	 2106	 149	 3142	 1879	 820	 2064	 1091	 1899	 3122	 1676	 3446	 759	 2420	 1685	 1796	 763	 3382	 1077	 2304	 1002	 249	 3513	 3513	 1857	 2329	 2361	 2438	 27	 3217	 2106	 2552	 707	 3790	 342	 1178	 3390	 1086	 2909	 2119	 2106	 1994	 64	 2108	 748	 72	 1740	
3185	 1881	 3549	 1813	 1813	 2602	 2072	 2579	 2579	 1708	 821	 1517	 2270	 4554	 1341	 1526	 63	 2652	 361	 2472	 101	 2108	 837	 1909	 896	 896	 3822	 2135	 4040	 496	 2344	 485	 675	 2492	 2659	 1677	 359	 976	 976	 1487	 195	 1487	 976	 2414	 1463	 3241	 3938	 3938	 3938	 2713	
4	 1	 2691	 324	 337	 355	 4132	 2645	 4359	 1077	 1052	 2224	 308	 3492	 808	 1167	 1263	 1311	 360	 1828	 108	 1880	 3455	 1803	 2430	 4489	 2778	 1183	 3975	 2799	 4691	 1272	 1272	 1809	 3324	 1483	 254	 2280	 2968	 1809	 1046	 826	 1046	 3972	 1677	 1641	 4075	 3087	 826	 2738	
1662	 105	 67	 776	 1442	 1629	 222	 18	 366	 869	 811	 3180	 1911	 818	 1795	 1315	 2711	 1814	 2830	 1795	 1995	 1650	 1650	 324	 3202	 3564	 995	 2128	 3983	 1238	 1973	 1853	 1146	 2403	 1831	 942	 811	 3281	 4780	 1662	 3344	 3820	 704	 1139	 1731	 2628	 1809	 105	 736	 843	
569	 3842	 1122	 3561	 2140	 3561	 1207	 3561	 3799	 4038	 2287	 3472	 4813	 2434	 949	 2909	 2010	 3047	 3241	 1853	 3640	 1710	 2649	 1094	 4038	 290	 1887	 773	 1035	 2288	 1035	 2974	 904	 2422	 2341	 1037	 2040	 1407	 791	 2974	 2010	 1876	 3163	 2593	 4896	 4258	 791	 2572	 86	 595	
34	 31	 284	 139	 89	 1238	 536	 3358	 3358	 310	 67	 3223	 95	 163	 525	 3614	 668	 4011	 1879	 2576	 2576	 3455	 1457	 4357	 1476	 2576	 2576	 3502	 3502	 3122	 60	 1913	 27	 952	 1077	 621	 2271	 2373	 573	 1254	 1052	 3849	 3390	 1721	 2313	 219	 3121	 204	 1025	 3552	
7	 3561	 1795	 876	 220	 1695	 3317	 680	 860	 20	 1011	 3753	 1699	 1660	 1660	 1366	 3629	 1050	 2919	 2446	 2446	 1050	 2020	 3040	 4702	 149	 1921	 214	 1973	 871	 522	 2572	 763	 3552	 2326	 4011	 3172	 1442	 888	 2080	 2080	 858	 1416	 1079	 442	 1465	 1809	 1809	 1809	 3739	
895	 1725	 2805	 2446	 791	 791	 2153	 2312	 3989	 1500	 2436	 292	 1002	 237	 864	 1046	 888	 361	 2838	 3406	 1879	 2255	 1851	 1851	 2655	 2655	 4578	 3170	 3496	 1022	 321	 4756	 2328	 942	 107	 1083	 272	 1801	 2775	 4084	 4260	 1677	 4554	 2304	 982	 3241	 4134	 2319	 2924	 3441	
19	 964	 3677	 1079	 217	 937	 937	 479	 937	 379	 2735	 604	 414	 604	 3091	 3091	 604	 4	 2805	 1761	 1228	 772	 2270	 3281	 3	 1356	 1228	 1053	 3281	 3775	 826	 3775	 1662	 123	 365	 1649	 3443	 1309	 1615	 2403	 307	 3177	 2143	 3874	 2794	 400	 4467	 3226	 1	 1285	
4	 1314	 933	 4782	 3902	 1795	 2535	 1500	 1500	 1352	 1845	 2260	 2405	 1065	 621	 3215	 3042	 1825	 1825	 1481	 3042	 1825	 3655	 2096	 4057	 2260	 1428	 1973	 1418	 3839	 1	 1504	 2696	 2440	 938	 4	 2388	 763	 2129	 69	 2328	 329	 1422	 528	 1422	 4011	 1531	 2661	 823	 2718	
1513	 2960	 2225	 2649	 2623	 2010	 3410	 1492	 2140	 2223	 4482	 3953	 2140	 4236	 4236	 3409	 4236	 3409	 1536	 3086	 1739	 3086	 1231	 2565	 2556	 3187	 1355	 4215	 4215	 671	 1681	 1141	 4437	 1834	 1406	 1744	 2025	 1979	 2497	 700	 1964	 3086	 1952	 2960	 344	 2837	 4535	 834	 568	 425	
3500	 1642	 2827	 1234	 2434	 377	 2434	 3182	 487	 791	 170	 1498	 2484	 904	 3372	 904	 3788	 1054	 1520	 2334	 2218	 2422	 2506	 3135	 2436	 1012	 1526	 4555	 2536	 2334	 2493	 3539	 979	 582	 2645	 2649	 1483	 2302	 2212	 2797	 1036	 1853	 3066	 2532	 3707	 3703	 4608	 1480	 3171	 1094	
636	 692	 2690	 851	 2803	 1036	 2149	 2162	 851	 2648	 2648	 2648	 1125	 851	 692	 1752	 692	 1752	 607	 332	 3847	 2198	 3317	 1994	 2059	 4004	 3009	 1492	 514	 2462	 2462	 2462	 4196	 4286	 1050	 897	 3902	 2121	 2222	 1806	 268	 1369	 4022	 268	 268	 583	 583	 670	 3110	 1492	
38	 1	 2211	 1663	 67	 1416	 1148	 4033	 4954	 372	 372	 1281	 920	 1	 1163	 1163	 1163	 1163	 2696	 732	 1585	 20	 2015	 2696	 3455	 732	 871	 4281	 3175	 1809	 23	 2158	 2271	 3142	 3663	 1639	 93	 28	 1809	 2458	 1607	 194	 1809	 1990	 2040	 2447	 725	 725	 1647	 1163	
667	 3410	 3621	 1243	 659	 2226	 713	 1612	 1950	 1883	 3163	 692	 1049	 2865	 36	 268	 88	 837	 1504	 3246	 1349	 896	 1066	 790	 1657	 3336	 1589	 242	 1493	 2675	 3707	 2341	 1589	 2657	 3635	 837	 2669	 2288	 3198	 3933	 1332	 1813	 3140	 315	 2111	 487	 841	 3225	 332	 1355	
1150	 1926	 256	 4934	 329	 1449	 1026	 4391	 1012	 1101	 2441	 1795	 1619	 1619	 2541	 3583	 1079	 1079	 1079	 1459	 2606	 180	 148	 1992	 1079	 3320	 1079	 939	 2735	 63	 3	 259	 1569	 27	 4483	 1497	 1140	 2321	 4017	 763	 3983	 1787	 1787	 1056	 1822	 438	 4	 3038	 540	 3739	
193	 508	 187	 2021	 1703	 2902	 2902	 334	 2113	 534	 3087	 3163	 2600	 4324	 1824	 4301	 705	 939	 2960	 2216	 764	 2678	 224	 2158	 3612	 3500	 1407	 2198	 2637	 2484	 664	 3421	 1168	 1432	 3141	 529	 3406	 2394	 3406	 3514	 3406	 1642	 1854	 2296	 3406	 3084	 2356	 3956	 3483	 3877	
1568	 3365	 492	 2171	 662	 1227	 1451	 2049	 1596	 562	 1701	 4922	 1298	 1077	 2126	 2293	 3268	 1297	 2442	 447	 735	 260	 1297	 1138	 1300	 3186	 2095	 1264	 2095	 2425	 1076	 1423	 3240	 2821	 2821	 3920	 2487	 3500	 3790	 2548	 4865	 677	 3527	 2135	 4139	 4139	 1676	 67	 828	 2541	
3354	 3937	 2225	 1407	 1998	 365	 1818	 638	 1187	 1326	 1326	 2510	 791	 791	 15	 1228	 759	 3086	 3086	 2894	 1651	 1226	 1355	 786	 786	 4220	 4659	 1916	 2873	 344	 2873	 2735	 1905	 1294	 2493	 2493	 2323	 3041	 118	 4355	 775	 3132	 2225	 4156	 386	 2083	 446	 2493	 2304	 3893	
964	 355	 1583	 12	 3034	 87	 364	 56	 550	 1039	 3272	 20	 3995	 3132	 1932	 4134	 1112	 1042	 1847	 1847	 1863	 3355	 1311	 570	 4301	 1804	 4855	 1924	 1863	 27	 3954	 3098	 1187	 1752	 1863	 27	 2865	 2878	 2763	 2763	 2211	 82	 1595	 109	 1008	 778	 3824	 874	 1184	 1299	
200	 2110	 828	 1231	 1476	 2265	 1536	 108	 346	 3677	 2259	 1279	 4009	 295	 60	 3008	 292	 605	 1483	 1264	 250	 2931	 2114	 2863	 1970	 250	 322	 322	 512	 664	 2188	 664	 1013	 363	 1264	 1619	 871	 203	 400	 925	 2601	 4502	 603	 220	 2421	 1144	 3459	 590	 3718	 18	
6	 173	 730	 482	 266	 1580	 3091	 2517	 1968	 1968	 2322	 840	 4361	 1709	 1585	 2737	 3455	 194	 732	 24	 396	 905	 18	 2438	 1498	 2588	 1498	 2588	 137	 137	 175	 3272	 2001	 1968	 2541	 817	 3753	 3415	 1545	 4760	 115	 1395	 1734	 1013	 1740	 490	 3455	 1374	 2882	 1902	
1492	 2474	 2803	 2902	 1311	 4375	 3758	 660	 818	 3269	 3004	 940	 123	 2598	 2029	 2950	 714	 962	 706	 997	 997	 380	 1432	 2185	 4697	 2974	 3047	 3361	 3518	 1853	 3233	 3561	 1011	 4361	 4562	 1046	 1388	 2181	 1008	 2065	 1830	 1510	 1619	 862	 1031	 3739	 2106	 4301	 2350	 2106	
4519	 3211	 1920	 864	 1795	 4284	 3041	 3369	 4261	 211	 741	 761	 1609	 543	 543	 2003	 1578	 590	 309	 222	 1609	 3576	 2964	 2964	 1351	 2964	 89	 2964	 1527	 1527	 3820	 2104	 11	 736	 933	 400	 400	 1644	 400	 400	 1247	 1380	 494	 826	 4566	 890	 111	 3799	 2464	 3737	
