110	 10	 14	 9	 16	 32	 116	 4	 39	 15	 519	 8	 16	 32	 300	 4	 3091	 39	 15	 185	 1998	 1799	 7	 260	 119	 37	 555	 7	 6	 3335	 5	 1104	 5	 3	 5	 3	 3	 5	 3	 5	 3	 5	 3	 5	 3	 3	 33	 175	 5	 3	
168	 9	 1	 42	 26	 168	 9	 42	 26	 1594	 735	 1	 648	 1118	 7	 30	 9	 8	 48	 359	 570	 146	 73	 6	 688	 135	 11	 80	 164	 283	 18	 9	 38	 570	 146	 195	 14	 41	 5	 3	 3	 411	 9	 1	 7	 57	 25	 90	 206	 34	
13	 36	 25	 21	 274	 122	 274	 369	 4	 1807	 34	 10	 14	 78	 11	 162	 5	 3	 3	 2732	 19	 6	 282	 10	 9	 5	 3	 393	 536	 49	 5	 3	 3	 2363	 5	 3	 397	 369	 5	 3	 3	 3	 3	 1034	 695	 5	 3	 3	 3	 452	
13	 21	 23	 1664	 102	 15	 17	 487	 302	 4	 14	 77	 145	 84	 296	 26	 313	 26	 4	 615	 795	 10	 14	 92	 7	 35	 5	 3	 795	 10	 134	 78	 5	 3	 3	 3	 3	 3	 3	 3	 3	 3	 3	 3	 3	 896	 5	 3	 3	 3	
413	 37	 2212	 347	 10	 189	 9	 228	 1	 875	 22	 72	 13	 21	 14	 9	 19	 6	 207	 10	 1546	 279	 11	 47	 39	 20	 343	 729	 5	 3	 5	 3	 3	 295	 5	 3	 3	 3	 5	 3	 135	 5	 3	 3	 135	 3	 135	 5	 3	 3	
8	 16	 143	 25	 4	 104	 406	 126	 9	 38	 39	 1	 1177	 584	 6	 645	 13	 58	 25	 314	 18	 12	 9	 28	 1438	 4	 32	 235	 5	 3	 3	 3	 3	 5	 3	 3	 3	 3	 3	 3	 3	 3300	 135	 5	 3	 3	 3	 3	 3	 446	
40	 8	 37	 1413	 4	 1	 11	 24	 8	 16	 32	 267	 4	 21	 18	 52	 1	 8	 36	 32	 158	 4	 47	 95	 31	 9	 5	 3	 3	 28	 268	 5	 3	 3	 3	 565	 268	 5	 3	 3	 3	 1180	 5	 3	 3	 3	 3	 2263	 3	 3	
40	 8	 48	 1790	 116	 24	 17	 45	 76	 52	 18	 8	 48	 585	 4	 17	 1174	 20	 18	 45	 76	 171	 119	 58	 68	 83	 49	 1	 79	 217	 71	 4085	 69	 5	 3	 3	 3	 419	 33	 44	 5	 3	 3	 5	 3	 3	 3	 3	 285	 5	
792	 27	 206	 750	 1	 7	 16	 32	 2280	 6	 115	 1	 6	 751	 192	 370	 1182	 29	 967	 27	 2290	 7	 36	 32	 439	 751	 192	 370	 1182	 1	 6	 173	 16	 25	 32	 11	 438	 4	 6	 45	 76	 5	 3	 3	 173	 5	 3	 3	 173	 60	
19	 930	 18	 58	 575	 3739	 1	 6	 253	 50	 3029	 10	 254	 50	 135	 59	 7	 103	 289	 46	 1438	 22	 7	 5	 3	 5	 3	 5	 3	 5	 3	 3	 5	 3	 721	 3	 3	 55	 3	 71	 331	 721	 5	 69	 27	 5	 3	 3	 33	 863	
13	 47	 95	 92	 4	 281	 29	 26	 134	 1609	 1425	 8	 793	 27	 1	 140	 8	 58	 25	 47	 39	 20	 90	 88	 9	 5	 3	 3	 3	 52	 5	 3	 3	 1012	 5	 3	 3	 3	 3	 2034	 52	 5	 3	 3	 3	 3	 3	 3	 3	 3	
46	 58	 61	 133	 39	 604	 12	 172	 1	 67	 847	 172	 7	 641	 62	 35	 1260	 4	 21	 5	 3	 3	 3	 52	 5	 3	 3	 3	 3	 5	 3	 3	 3	 3	 3	 3	 1	 26	 313	 26	 17	 1200	 259	 5	 3	 3	 1012	 3	 5	 3	
13	 21	 23	 9	 4	 133	 1570	 7	 389	 97	 1	 92	 1	 7	 292	 80	 87	 4	 14	 77	 5	 3	 3	 295	 10	 77	 7	 6	 55	 1883	 7	 295	 20	 196	 7	 30	 347	 10	 87	 807	 82	 14	 35	 5	 3	 3	 1012	 3	 3	 299	
4	 133	 39	 415	 7	 389	 185	 10	 14	 478	 1	 865	 97	 22	 14	 50	 53	 1	 13	 36	 326	 6	 174	 18	 6	 155	 10	 14	 896	 5	 3	 3	 1697	 258	 6	 1368	 2860	 74	 5	 3	 0	 0	 0	 0	 0	 0	 0	 0	 0	 0	
9	 94	 43	 8	 16	 32	 86	 4	 3762	 20	 8	 43	 149	 5	 3	 3	 241	 146	 1	 40	 8	 48	 1587	 25	 4	 104	 434	 299	 599	 5	 3	 3	 3	 3	 3	 5	 3	 3	 3	 3	 3	 3	 3	 3	 656	 5	 3	 3	 656	 3	
72	 8	 58	 560	 11	 180	 12	 9	 94	 227	 3	 1	 3	 3	 1	 1	 1	 1	 75	 6	 754	 9	 231	 15	 6	 444	 81	 21	 5	 3	 3	 103	 3	 407	 1964	 4	 314	 18	 268	 33	 5	 3	 3	 534	 3	 5	 3	 3	 3	 3	
13	 36	 210	 374	 614	 4	 314	 18	 12	 9	 28	 631	 450	 384	 68	 11	 21	 5	 3	 3	 227	 1551	 3	 1027	 3	 3	 33	 44	 197	 5	 3	 3	 3	 1	 3	 3	 3	 5	 3	 3	 2396	 5	 3	 3	 3	 3	 3	 3	 3	 5	
110	 797	 10	 23	 16	 32	 1512	 82	 12	 91	 230	 1	 42	 26	 6	 91	 230	 1	 12	 91	 56	 407	 394	 1	 67	 37	 2501	 10	 634	 165	 78	 1	 25	 86	 4	 186	 156	 4	 32	 838	 5	 3	 3	 840	 102	 5	 3	 3	 3	 192	
19	 127	 1	 2868	 16	 51	 31	 9	 29	 42	 26	 790	 379	 11	 136	 129	 2000	 27	 22	 11	 15	 229	 20	 62	 441	 5	 3	 3	 3	 3	 3	 38	 6	 185	 27	 5	 3	 3	 3	 1533	 3	 5	 3	 3	 3	 3	 3	 3	 3	 5	
72	 9	 16	 32	 228	 3	 3	 227	 3	 3	 1	 1180	 1	 4214	 6	 4152	 494	 2543	 1	 1	 11	 19	 6	 1402	 33	 44	 858	 73	 6	 2303	 2808	 27	 5	 3	 3	 1185	 398	 6	 351	 56	 2099	 20	 5	 3	 3	 3	 5	 3	 3	 3	
1577	 1180	 16	 21	 12	 202	 7	 110	 2342	 202	 26	 30	 9	 181	 4	 491	 20	 8	 3	 5	 3	 3	 40	 8	 793	 19	 6	 41	 5	 3	 3	 3	 3	 3	 3	 3	 3	 5	 3	 3	 1533	 5	 3	 3	 3	 5	 3	 3	 5	 3	
95	 639	 1	 3013	 1	 1583	 409	 4	 6	 271	 298	 16	 32	 158	 24	 115	 484	 11	 1084	 1084	 935	 4	 47	 70	 353	 947	 10	 282	 26	 70	 2340	 947	 10	 49	 282	 935	 5	 3	 3	 3	 1549	 5	 3	 3	 3	 3	 3	 3	 3	 3	
1430	 198	 23	 9	 19	 457	 96	 1	 42	 26	 63	 3	 2517	 1	 7	 72	 4	 57	 123	 1615	 20	 6	 280	 45	 76	 56	 377	 778	 7	 1805	 125	 1717	 5	 3	 3	 443	 443	 5	 3	 242	 52	 56	 55	 5	 3	 3	 3	 1289	 1034	 150	
606	 12	 33	 28	 505	 4	 39	 5	 3	 3	 3	 3	 3	 3	 5	 3	 3	 3	 3	 3	 3	 3	 3	 16	 48	 68	 4	 12	 9	 26	 1265	 63	 3	 0	 0	 0	 0	 0	 0	 0	 0	 0	 0	 0	 0	 0	 0	 0	 0	 0	
54	 8	 47	 480	 9	 1	 64	 28	 1344	 20	 208	 42	 26	 1103	 14	 294	 1	 506	 1	 7	 364	 4	 252	 4	 6	 49	 1254	 4	 6	 1375	 5	 3	 3	 135	 5	 3	 3	 5	 3	 3	 3	 3	 3	 3	 1369	 5	 3	 3	 3	 3	
2701	 28	 6	 345	 20	 6	 3	 146	 117	 10	 21	 10	 6	 55	 1	 1327	 10	 171	 6	 9	 28	 191	 650	 197	 5	 3	 3	 3	 117	 10	 21	 5	 3	 3	 1624	 2227	 5	 3	 3	 3	 3	 33	 44	 5	 3	 3	 3	 3	 1007	 33	
1294	 2250	 11	 600	 170	 11	 170	 798	 3	 3	 1124	 4	 170	 895	 5	 3	 3	 3	 3	 3	 3	 3	 106	 6	 1318	 60	 11	 3	 15	 6	 2251	 10	 6	 2158	 18	 28	 2211	 60	 6	 3	 3	 1190	 60	 3	 842	 6	 209	 4	 344	 15	
21	 10	 6	 274	 177	 3	 24	 97	 3	 2053	 24	 3	 165	 48	 303	 376	 17	 2718	 56	 182	 346	 5	 3	 3	 3	 1	 2558	 5	 3	 3	 3	 5	 3	 3	 1202	 5	 3	 3	 452	 5	 3	 3	 5	 3	 3	 5	 3	 3	 5	 3	
1330	 10	 6	 87	 10	 34	 80	 696	 7	 601	 118	 52	 332	 10	 21	 11	 19	 23	 52	 112	 2672	 18	 42	 416	 1262	 10	 62	 50	 87	 28	 243	 4	 17	 366	 1785	 24	 1901	 160	 6	 776	 139	 24	 6	 11	 34	 351	 11	 34	 42	 456	
33	 44	 7	 130	 1775	 22	 12	 1481	 3	 3	 3	 3	 3	 2500	 55	 3	 3	 3	 2028	 3	 3	 135	 383	 36	 325	 20	 95	 2211	 1	 171	 3	 28	 218	 1	 6	 398	 660	 845	 71	 69	 3	 27	 5	 3	 3	 3	 55	 3	 5	 3	
6	 229	 36	 32	 849	 763	 23	 50	 41	 60	 64	 28	 18	 413	 28	 70	 296	 19	 596	 5	 3	 3	 343	 1893	 745	 5	 3	 3	 2329	 10	 53	 5	 3	 3	 3	 3	 135	 3	 3	 3	 764	 1826	 5	 3	 3	 3531	 3	 5	 3	 3	
13	 36	 326	 8	 43	 1625	 137	 15	 23	 357	 7	 8	 16	 89	 39	 5	 3	 234	 73	 6	 811	 10	 6	 137	 5	 3	 3	 3	 3	 3	 3	 50	 41	 5	 3	 3	 3	 5	 3	 691	 33	 44	 5	 3	 3	 3	 33	 5	 3	 3	
15	 331	 1	 31	 9	 16	 32	 485	 22	 6	 1028	 10	 6	 55	 171	 64	 16	 32	 300	 4	 115	 484	 708	 5	 3	 3	 1084	 1318	 10	 17	 571	 101	 5	 3	 3	 1026	 103	 5	 3	 3	 3	 106	 67	 28	 1199	 359	 146	 4	 6	 66	
1252	 1	 9	 18	 28	 94	 195	 6	 78	 11	 231	 24	 6	 177	 15	 17	 168	 329	 22	 6	 35	 3	 2741	 1	 1678	 922	 5	 3	 3	 150	 295	 15	 6	 67	 10	 70	 84	 211	 5	 3	 232	 5	 3	 3	 3	 543	 5	 3	 3	 3	
32	 365	 18	 148	 103	 427	 37	 235	 7	 37	 82	 6	 21	 10	 853	 19	 853	 24	 17	 114	 56	 114	 11	 30	 192	 470	 7	 948	 24	 118	 99	 5	 3	 3	 645	 5	 3	 841	 142	 5	 3	 1012	 3	 692	 5	 3	 3	 142	 5	 3	
13	 61	 21	 6	 9	 18	 13	 51	 38	 62	 445	 4	 433	 72	 834	 900	 14	 35	 1	 7	 6	 102	 10	 77	 22	 130	 513	 4	 201	 12	 211	 10	 6	 1635	 41	 5	 3	 3	 452	 5	 3	 3	 3	 3	 3	 3	 3	 5	 3	 3	
8	 16	 702	 4	 104	 182	 5	 3	 3	 242	 777	 19	 182	 5	 3	 1097	 242	 1097	 5	 3	 3	 1683	 1	 443	 55	 97	 5	 3	 3	 3	 3	 5	 3	 3	 3	 3	 3	 3	 3	 3	 3	 3	 3	 5	 3	 3	 3	 452	 2143	 5	
1510	 1968	 112	 150	 1059	 5	 3	 3	 3	 3	 279	 792	 27	 5	 3	 3	 169	 1	 28	 25	 625	 19	 190	 106	 233	 16	 48	 17	 102	 10	 97	 469	 486	 7	 95	 35	 18	 16	 32	 570	 146	 38	 6	 366	 55	 5	 3	 3	 3	 3	
21	 10	 12	 9	 24	 141	 144	 5	 3	 3	 289	 3	 3	 49	 680	 3	 1046	 369	 186	 8	 4	 188	 83	 205	 15	 6	 1083	 10	 14	 35	 4	 110	 10	 824	 56	 1453	 35	 5	 3	 3	 135	 172	 60	 3	 126	 3	 1137	 5	 3	 3	
25	 6	 552	 160	 536	 11	 316	 200	 98	 540	 830	 40	 64	 316	 32	 1152	 24	 65	 1	 54	 13	 37	 454	 4	 17	 533	 1	 13	 36	 287	 18	 9	 38	 14	 556	 26	 1429	 26	 655	 511	 5	 3	 3	 3	 5	 3	 3	 3	 3	 5	
12	 161	 59	 29	 1344	 43	 8	 249	 27	 1	 61	 16	 32	 86	 4	 501	 128	 206	 8	 7	 16	 32	 412	 20	 8	 5	 3	 3	 3	 3	 3	 511	 3	 511	 5	 3	 3	 3	 3	 3	 3	 3	 3	 3	 3	 3	 3	 3	 5	 3	
79	 226	 18	 62	 1121	 28	 25	 158	 4	 32	 1102	 84	 33	 282	 5	 3	 3	 2227	 75	 23	 33	 44	 5	 3	 2249	 7	 93	 253	 33	 142	 26	 6	 243	 10	 18	 1262	 5	 3	 3	 3	 3	 5	 3	 5	 3	 3	 5	 3	 3	 5	
95	 242	 230	 3075	 16	 61	 32	 302	 4	 95	 30	 177	 18	 239	 95	 182	 1	 217	 4	 2054	 11	 1452	 9	 43	 12	 654	 775	 11	 12	 654	 453	 1	 42	 26	 134	 1010	 11	 157	 29	 200	 2503	 11	 182	 27	 16	 32	 359	 10	 83	 182	
42	 1053	 153	 63	 3	 1	 1	 343	 775	 1	 1420	 1444	 1	 1230	 246	 1	 89	 293	 29	 1444	 27	 7	 2783	 347	 1	 89	 150	 81	 29	 399	 27	 7	 868	 6	 1299	 19	 982	 683	 508	 4	 6	 180	 5	 3	 3	 5	 3	 3	 307	 5	
64	 28	 86	 64	 19	 1432	 11	 488	 131	 681	 5	 3	 234	 1	 67	 112	 25	 47	 64	 4	 156	 1280	 58	 25	 32	 2288	 77	 5	 3	 3	 3	 1	 140	 25	 268	 4	 291	 7	 6	 189	 28	 566	 24	 1237	 5	 3	 3	 3	 3	 3	
8	 58	 180	 12	 31	 503	 172	 24	 178	 6	 492	 73	 6	 911	 10	 237	 65	 5	 3	 50	 135	 59	 5	 3	 33	 721	 28	 306	 4	 17	 472	 60	 176	 1	 237	 135	 25	 32	 58	 32	 86	 4	 206	 8	 5	 3	 5	 3	 3	 165	
215	 17	 71	 122	 69	 1	 67	 28	 598	 15	 12	 50	 386	 3	 2175	 7	 109	 40	 8	 48	 1587	 138	 10	 185	 10	 6	 157	 4	 12	 1411	 5	 3	 3	 3	 3	 169	 5	 3	 3	 3	 135	 71	 69	 27	 5	 3	 3	 3	 173	 5	
1965	 17	 286	 10	 111	 169	 5	 3	 480	 725	 4939	 3	 29	 27	 1	 745	 82	 4	 6	 633	 813	 5	 3	 3	 29	 27	 15	 394	 10	 134	 2026	 5	 3	 3	 621	 8	 5	 3	 3	 3	 692	 5	 3	 480	 515	 259	 10	 6	 1388	 1189	
110	 10	 134	 92	 7	 35	 28	 625	 19	 77	 24	 6	 425	 1976	 10	 6	 261	 11	 52	 5	 3	 955	 1	 14	 1589	 36	 575	 32	 631	 24	 6	 221	 921	 49	 7	 6	 869	 5	 3	 0	 0	 0	 0	 0	 0	 0	 0	 0	 0	 0	
62	 45	 76	 46	 16	 32	 598	 22	 12	 114	 56	 50	 997	 19	 45	 76	 157	 11	 261	 928	 379	 5	 3	 3	 3	 379	 191	 650	 15	 23	 33	 44	 5	 3	 0	 0	 0	 0	 0	 0	 0	 0	 0	 0	 0	 0	 0	 0	 0	 0	
57	 13	 132	 64	 3	 227	 3	 227	 3	 3	 3	 3	 3	 3	 1033	 3	 1033	 28	 19	 17	 1317	 207	 7	 16	 32	 63	 3	 3978	 1182	 145	 71	 28	 6	 1425	 10	 6	 9	 874	 278	 28	 841	 11	 181	 207	 18	 58	 1013	 32	 412	 20	
13	 21	 490	 88	 9	 4	 2073	 407	 851	 7	 4	 713	 35	 42	 26	 2146	 11	 1214	 6	 41	 7	 14	 35	 304	 22	 12	 583	 11	 172	 5	 3	 3	 172	 27	 5	 3	 3	 3	 3	 3	 261	 5	 3	 3	 3	 3	 3	 3	 3	 3	
2910	 2854	 1054	 111	 828	 92	 4	 828	 6	 92	 7	 35	 1	 7	 111	 862	 37	 158	 24	 115	 4	 51	 835	 668	 15	 6	 841	 4237	 10	 111	 1981	 2020	 5	 3	 3	 1084	 3	 5	 3	 669	 5	 3	 3	 1084	 5	 3	 33	 886	 5	 3	
12	 860	 15	 368	 10	 6	 41	 61	 16	 32	 626	 14	 55	 11	 30	 2271	 369	 1400	 14	 55	 396	 391	 619	 22	 14	 55	 5	 3	 3	 52	 1	 14	 117	 10	 21	 7	 6	 21	 10	 6	 49	 29	 25	 684	 1834	 12	 1357	 27	 5	 3	
19	 1571	 10	 157	 1	 1345	 73	 6	 811	 10	 83	 33	 44	 1	 7	 4	 1780	 6	 1271	 10	 12	 494	 11	 6	 193	 212	 5	 3	 3	 3	 3	 3	 3	 911	 55	 5	 3	 3	 3	 5	 3	 3	 5	 3	 3	 5	 3	 3	 55	 3	
19	 127	 1	 13	 16	 247	 8	 19	 12	 216	 31	 417	 11	 64	 1	 67	 28	 12	 98	 146	 4	 6	 179	 192	 332	 15	 12	 169	 693	 40	 8	 57	 25	 458	 138	 10	 6	 1759	 323	 5	 3	 3	 664	 5	 3	 3	 3	 3	 3	 3	
68	 4	 12	 31	 9	 24	 256	 397	 28	 191	 4	 1619	 68	 73	 6	 74	 20	 12	 9	 436	 94	 5	 3	 5	 3	 3	 611	 10	 17	 487	 28	 86	 5	 3	 3	 5	 3	 3	 268	 5	 3	 5	 3	 234	 5	 3	 3300	 28	 1868	 106	
466	 12	 107	 4	 34	 249	 660	 10	 42	 55	 1	 8	 252	 4	 32	 1228	 24	 6	 117	 10	 23	 33	 44	 7	 23	 33	 44	 26	 6	 71	 21	 10	 69	 27	 5	 3	 3	 11	 2240	 5	 3	 3	 5	 3	 3	 5	 3	 3	 44	 5	
194	 1147	 10	 71	 292	 69	 9	 7	 72	 64	 58	 32	 86	 4	 684	 350	 7	 201	 6	 3718	 7	 97	 18	 58	 32	 731	 7	 2438	 1474	 24	 70	 1	 58	 408	 4	 32	 95	 249	 366	 619	 67	 13	 124	 146	 95	 4	 12	 654	 784	 24	
13	 16	 61	 21	 420	 1269	 29	 741	 849	 4	 26	 71	 420	 46	 69	 22	 6	 55	 18	 13	 239	 4	 6	 41	 56	 50	 135	 5	 3	 1012	 3	 3	 50	 215	 5	 3	 3	 1012	 3	 50	 1046	 5	 3	 3	 69	 3	 289	 5	 3	 1007	
837	 36	 712	 1263	 9	 7	 30	 9	 238	 1	 67	 49	 36	 32	 20	 45	 66	 160	 12	 508	 139	 5	 3	 3	 5	 3	 954	 15	 101	 4	 47	 8	 6	 35	 20	 12	 5	 3	 3	 1027	 697	 15	 67	 13	 247	 19	 5	 3	 3	 282	
8	 16	 887	 4	 152	 11	 251	 12	 9	 310	 2432	 5	 3	 3	 3	 3	 1545	 33	 335	 5	 3	 3	 33	 175	 5	 3	 3	 3	 3	 3	 3	 5	 3	 3	 5	 3	 3	 5	 3	 3	 3	 290	 2396	 5	 3	 3	 3	 3	 173	 5	
8	 58	 180	 12	 33	 172	 166	 21	 10	 23	 44	 5	 3	 3	 3	 3	 242	 5	 3	 242	 3	 3	 24	 1016	 135	 5	 3	 3	 1388	 33	 135	 5	 3	 3	 173	 3	 1016	 192	 289	 5	 3	 3	 3	 3	 3	 5	 3	 5	 3	 3	
12	 118	 748	 29	 71	 161	 69	 27	 59	 5	 3	 407	 664	 26	 1503	 1013	 26	 17	 1047	 286	 154	 12	 118	 229	 1569	 22	 12	 114	 5	 3	 3	 377	 58	 491	 20	 12	 114	 60	 3	 3	 293	 1	 28	 86	 4	 2073	 1024	 20	 12	 129	
9	 8	 47	 15	 62	 447	 28	 146	 11	 1344	 18	 413	 16	 32	 86	 4	 491	 20	 8	 5	 3	 5	 3	 864	 29	 260	 807	 4	 62	 368	 11	 757	 12	 1002	 20	 11	 1164	 1912	 27	 5	 3	 5	 3	 192	 3	 610	 3	 593	 1	 80	
176	 1	 1377	 11	 795	 10	 6	 149	 36	 690	 26	 975	 24	 14	 117	 10	 52	 11	 14	 21	 10	 83	 49	 5	 3	 3	 4606	 1015	 7	 52	 5	 3	 3192	 1094	 10	 14	 1395	 7	 522	 5	 3	 3	 3	 5	 3	 3	 5	 3	 5	 3	
9	 8	 47	 54	 8	 21	 4863	 1	 11	 17	 451	 323	 1	 491	 20	 39	 5	 3	 3	 3	 150	 52	 1	 11	 560	 1716	 1	 11	 695	 17	 695	 22	 14	 55	 5	 3	 135	 3	 5	 3	 74	 133	 39	 124	 17	 854	 5	 3	 3	 22	
70	 2898	 1765	 210	 665	 4	 1306	 929	 13	 36	 25	 21	 11	 51	 34	 9	 15	 12	 2516	 189	 5	 3	 3	 1294	 40	 8	 316	 25	 262	 4	 6	 472	 5	 3	 1012	 3	 105	 316	 19	 17	 10	 43	 12	 31	 9	 5	 3	 3	 33	 183	
371	 1001	 15	 1	 12	 21	 10	 6	 78	 1	 1948	 56	 2528	 266	 36	 1486	 8	 110	 46	 1	 26	 1052	 278	 26	 1052	 278	 26	 1052	 15	 23	 44	 5	 3	 3	 632	 35	 5	 3	 3	 2861	 2861	 660	 5	 3	 3	 611	 10	 74	 5	 3	
40	 8	 316	 200	 125	 9	 43	 23	 1060	 7	 58	 344	 18	 9	 16	 32	 94	 7	 86	 1	 6	 97	 169	 16	 201	 87	 7	 950	 56	 196	 7	 172	 5	 3	 135	 5	 3	 50	 135	 5	 3	 2878	 257	 5	 3	 135	 59	 5	 3	 234	
13	 16	 21	 4117	 68	 29	 7	 27	 18	 186	 39	 4	 225	 4	 7	 2256	 20	 14	 55	 7	 1	 4	 727	 6	 596	 10	 110	 281	 5	 3	 3	 5	 3	 3	 3	 3	 3	 3	 211	 5	 3	 3	 3	 3	 3	 3	 3	 3	 3	 5	
30	 53	 1	 960	 7	 517	 3	 16	 48	 48	 68	 4	 6	 90	 88	 9	 10	 14	 53	 119	 58	 283	 43	 156	 1	 7	 48	 283	 7	 287	 49	 38	 12	 216	 205	 54	 8	 21	 14	 35	 5	 3	 3	 33	 5	 3	 3	 3	 3	 135	
13	 442	 12	 33	 5	 3	 198	 15	 229	 20	 12	 661	 81	 1	 661	 85	 50	 81	 20	 12	 1044	 81	 1141	 5	 3	 3	 850	 3	 3	 60	 3	 3	 3	 3	 3	 3	 3	 3	 3	 3	 3	 3	 3	 3	 3	 3	 3	 3	 3	 3	
110	 10	 62	 593	 16	 32	 511	 19	 39	 58	 8	 1	 7	 16	 51	 95	 49	 43	 8	 1	 42	 26	 12	 91	 246	 7	 12	 161	 59	 5	 3	 234	 10	 74	 5	 3	 1185	 250	 10	 135	 250	 38	 135	 626	 5	 3	 0	 0	 0	 0	
6	 3335	 5	 529	 52	 28	 1152	 770	 24	 2110	 260	 6	 87	 37	 703	 260	 24	 2818	 1	 7	 62	 187	 16	 153	 62	 92	 200	 828	 5	 3	 1591	 19	 6	 115	 10	 6	 895	 7	 4	 201	 6	 41	 19	 93	 77	 5	 3	 3	 1094	 5	
