15	 101	 4	 63	 1	 7	 1	 1	 7	 1	 5	 1	 5	 5	 1	 1	 5	 1344	 338	 5	 7	 5	 5	 7	 267	 5	 1138	 5	 5	 7	 1808	 5	 5	 7	 5	 5	 7	 5	 5	 5	 5	 5	 5	 5	 5	 5	 1259	 5	 5	 0	
1811	 33	 172	 7	 651	 7	 15	 999	 999	 77	 483	 4	 89	 5	 0	 0	 0	 0	 0	 0	 0	 0	 0	 0	 0	 0	 0	 0	 0	 0	 0	 0	 0	 0	 0	 0	 0	 0	 0	 0	 0	 0	 0	 0	 0	 0	 0	 0	 0	 0	
6	 643	 37	 1760	 15	 21	 1	 7	 5	 5	 5	 7	 5	 5	 7	 50	 41	 5	 1012	 7	 5	 5	 7	 5	 50	 41	 5	 5	 5	 5	 5	 5	 5	 5	 5	 5	 5	 5	 5	 5	 5	 5	 5	 5	 5	 5	 5	 5	 5	 5	
30	 84	 7	 5	 1018	 1	 0	 0	 0	 0	 0	 0	 0	 0	 0	 0	 0	 0	 0	 0	 0	 0	 0	 0	 0	 0	 0	 0	 0	 0	 0	 0	 0	 0	 0	 0	 0	 0	 0	 0	 0	 0	 0	 0	 0	 0	 0	 0	 0	 0	
29	 1	 27	 1	 1	 7	 1	 5	 5	 5	 1	 279	 5	 284	 60	 22	 3316	 1454	 5	 7	 5	 50	 154	 1	 7	 5	 5	 5	 7	 5	 5	 5	 5	 5	 5	 0	 0	 0	 0	 0	 0	 0	 0	 0	 0	 0	 0	 0	 0	 0	
730	 718	 1	 1	 7	 1	 1	 1	 7	 5	 1	 7	 5	 5	 7	 1	 5	 5	 7	 7	 1555	 4	 63	 5	 1018	 5	 5	 5	 5	 5	 0	 0	 0	 0	 0	 0	 0	 0	 0	 0	 0	 0	 0	 0	 0	 0	 0	 0	 0	 0	
24	 76	 128	 21	 17	 574	 704	 5	 1576	 0	 0	 0	 0	 0	 0	 0	 0	 0	 0	 0	 0	 0	 0	 0	 0	 0	 0	 0	 0	 0	 0	 0	 0	 0	 0	 0	 0	 0	 0	 0	 0	 0	 0	 0	 0	 0	 0	 0	 0	 0	
62	 116	 16	 811	 18	 109	 19	 42	 951	 5	 12	 3898	 7	 5	 135	 5	 5	 5	 5	 5	 7	 5	 5	 5	 5	 5	 5	 5	 5	 5	 5	 5	 5	 5	 5	 5	 5	 27	 5	 5	 5	 7	 5	 5	 5	 5	 5	 5	 5	 5	
40	 8	 48	 319	 17	 165	 1	 1	 1	 7	 1	 7	 1	 7	 4	 1	 7	 5	 5	 5	 5	 1	 5	 1	 5	 5	 1	 7	 1	 5	 7	 5	 5	 5	 5	 5	 5	 5	 7	 5	 5	 7	 5	 5	 5	 135	 5	 5	 5	 7	
95	 1604	 7	 1	 16	 1	 21	 1692	 1	 7	 2506	 5	 5	 5	 5	 7	 7	 5	 50	 41	 5	 5	 5	 5	 5	 5	 5	 5	 5	 7	 5	 5	 5	 7	 5	 50	 154	 5	 5	 5	 7	 5	 5	 5	 5	 5	 5	 5	 5	 5	
