2536	 1	 8	 58	 143	 4	 762	 380	 622	 219	 24	 2666	 1870	 3938	 695	 109	 1539	 1561	 37	 1755	 502	 24	 980	 15	 3167	 49	 109	 9	 16	 109	 1267	 181	 29	 356	 1	 109	 636	 109	 109	 57	 25	 1267	 181	 9	 109	 109	 352	 1267	 300	 1578	
2536	 1	 8	 58	 143	 4	 762	 380	 622	 219	 24	 50	 3938	 695	 109	 109	 1207	 1802	 109	 109	 16	 1267	 300	 1169	 147	 980	 52	 109	 109	 109	 16	 1267	 300	 109	 109	 1267	 181	 9	 109	 16	 1267	 300	 147	 980	 52	 109	 1267	 300	 109	 109	
2276	 1	 148	 629	 927	 4	 382	 34	 629	 927	 4	 1267	 300	 407	 287	 9	 38	 50	 215	 1167	 1267	 109	 1267	 1578	 109	 4	 1267	 300	 118	 1571	 4	 1267	 300	 87	 109	 109	 1267	 300	 1267	 300	 4	 642	 109	 15	 968	 87	 109	 109	 109	 1436	
2536	 1	 8	 58	 143	 4	 762	 629	 927	 109	 109	 58	 109	 1267	 300	 1578	 109	 109	 109	 16	 1267	 300	 4	 1267	 300	 1578	 109	 109	 1267	 181	 4	 642	 8	 15	 1891	 300	 622	 783	 4	 120	 111	 87	 109	 4	 1267	 300	 512	 1578	 4	 1267	
2536	 1	 8	 58	 143	 4	 762	 380	 622	 219	 24	 109	 2476	 70	 1900	 1385	 1969	 5	 2440	 962	 10	 34	 10	 111	 87	 109	 109	 37	 109	 109	 109	 1539	 1561	 4	 1539	 1539	 4	 1539	 384	 1561	 4	 287	 87	 109	 1267	 109	 109	 184	 9	 20	
2536	 1	 8	 58	 143	 4	 762	 380	 622	 219	 109	 109	 58	 1267	 300	 1578	 100	 1578	 109	 109	 109	 16	 1267	 300	 109	 109	 1267	 181	 1578	 109	 109	 109	 16	 1267	 300	 427	 109	 109	 16	 1267	 300	 1267	 181	 4	 1267	 300	 1578	 4	 1267	 300	
3247	 1740	 8	 657	 4	 1267	 300	 427	 4	 1267	 300	 427	 4	 1267	 300	 2380	 4	 1267	 300	 1578	 15	 236	 111	 87	 4	 120	 809	 1959	 10	 111	 87	 4	 1267	 300	 1578	 4	 1267	 300	 877	 1	 2507	 87	 10	 34	 87	 38	 45	 76	 50	 1571	
2536	 1	 8	 58	 143	 4	 762	 380	 622	 219	 109	 109	 58	 109	 1267	 181	 1802	 109	 16	 1267	 300	 109	 181	 4	 1267	 300	 536	 9	 109	 875	 9	 109	 4	 85	 20	 95	 9	 20	 45	 76	 875	 109	 109	 109	 58	 1267	 181	 4	 642	 300	
2536	 1	 8	 58	 143	 4	 762	 380	 622	 219	 109	 109	 16	 1267	 181	 427	 109	 1267	 300	 1578	 11	 1267	 1578	 109	 16	 1267	 300	 1267	 181	 4	 1267	 300	 1539	 1	 1267	 58	 1267	 300	 416	 18	 58	 1267	 1539	 4	 1267	 300	 427	 4	 1267	 300	
2536	 1	 8	 58	 143	 4	 762	 380	 622	 219	 24	 109	 109	 40	 8	 1267	 147	 163	 9	 109	 875	 1853	 1423	 376	 147	 1806	 109	 1802	 109	 109	 109	 16	 1267	 300	 109	 109	 16	 109	 1267	 300	 4	 1267	 300	 362	 927	 109	 4	 1267	 300	 362	
2536	 1	 8	 58	 143	 4	 762	 380	 622	 219	 24	 6	 288	 58	 25	 1267	 300	 450	 384	 45	 76	 50	 53	 109	 109	 16	 1267	 300	 427	 300	 109	 109	 109	 58	 109	 642	 8	 109	 109	 20	 45	 76	 160	 42	 9	 109	 2032	 655	 16	 1267	
