1783	 842	 6	 209	 4	 180	 62	 117	 160	 508	 175	 73	 34	 74	 7	 160	 508	 175	 7	 137	 4	 6	 41	 151	 15	 111	 159	 7	 21	 10	 6	 41	 5	 3	 3	 3	 619	 5	 3	 840	 5	 3	 3	 3	 5	 3	 5	 3	 5	 3	
12	 360	 33	 183	 3	 108	 5	 3	 3	 3	 33	 44	 465	 222	 5	 3	 3	 10	 1294	 1	 1471	 5	 3	 3	 3	 5	 3	 3	 3	 3	 4368	 4908	 5	 3	 3	 3	 3	 3	 3	 3	 3	 3	 3	 65	 5	 3	 3	 3	 3	 691	
6	 1674	 16	 21	 6	 9	 18	 28	 94	 1809	 4	 133	 39	 201	 6	 618	 10	 14	 157	 7	 126	 783	 13	 350	 124	 146	 4	 8	 60	 29	 594	 27	 21	 9	 94	 24	 14	 45	 76	 97	 294	 5	 3	 3	 3	 3	 3	 3	 3	 3	
79	 226	 18	 23	 28	 25	 1172	 26	 4	 6	 173	 7	 93	 10	 111	 49	 1408	 7	 16	 32	 290	 6	 71	 49	 69	 10	 4830	 55	 7	 364	 69	 11	 71	 110	 196	 69	 187	 22	 6	 3214	 35	 5	 3	 33	 175	 1	 7	 217	 5	 69	
46	 58	 61	 133	 8	 68	 30	 9	 7	 87	 309	 38	 12	 114	 1	 67	 2140	 8	 4	 107	 4863	 5	 3	 537	 16	 1091	 12	 80	 56	 3604	 1	 1299	 1	 11	 125	 200	 125	 125	 3	 605	 5	 3	 3	 102	 5	 3	 102	 279	 293	 10	
17	 122	 28	 17	 1850	 10	 49	 231	 22	 6	 155	 121	 86	 19	 6	 1911	 10	 50	 41	 395	 376	 50	 53	 5	 3	 50	 1046	 2329	 5	 3	 3	 50	 41	 5	 3	 50	 3	 3	 50	 5	 3	 3	 3	 135	 5	 3	 3	 3	 50	 41	
56	 46	 7	 274	 583	 3	 3	 3	 24	 70	 554	 1	 95	 2499	 10	 74	 18	 37	 1010	 22	 17	 80	 56	 2841	 37	 1344	 54	 6	 50	 41	 37	 100	 3	 5	 3	 3	 3	 3	 3	 3	 172	 3	 3	 3	 3	 3	 5	 3	 3	 3	
634	 50	 41	 97	 49	 5	 3	 3	 289	 3	 50	 397	 60	 3	 3	 55	 476	 1026	 242	 968	 60	 3129	 6	 97	 29	 67	 133	 39	 463	 150	 1916	 82	 6	 55	 27	 5	 3	 3	 3	 3	 3	 3	 3	 3	 3	 3	 3	 3	 3	 3	
64	 4126	 14	 77	 145	 31	 9	 54	 413	 28	 521	 267	 4	 326	 6	 435	 121	 1678	 11	 21	 6	 35	 20	 17	 366	 80	 5	 3	 3	 1496	 3620	 5	 3	 3	 818	 5	 3	 3	 721	 5	 3	 3	 3	 3300	 2149	 5	 3	 3	 1185	 5	
882	 6	 87	 1	 92	 128	 486	 1	 75	 2879	 4316	 182	 1	 92	 1	 35	 1	 7	 97	 5	 3	 3	 3	 295	 3	 346	 5	 3	 3	 389	 97	 304	 22	 12	 654	 10	 39	 7	 12	 654	 775	 5	 3	 3	 50	 155	 8	 1071	 60	 3	
1259	 605	 43	 6	 2692	 10	 6	 648	 1	 524	 1	 364	 1	 482	 1	 343	 1	 136	 52	 11	 257	 1392	 1	 7	 296	 625	 4	 3	 434	 1221	 5	 3	 3	 3	 3	 3	 5	 3	 3	 3	 3	 3	 3	 3	 3	 3	 3	 3	 3	 3	
6	 742	 16	 21	 6	 9	 10	 62	 45	 76	 99	 28	 770	 965	 20	 218	 45	 66	 5	 3	 3	 3300	 102	 5	 3	 3	 150	 5	 3	 3	 2329	 5	 3	 3	 3	 3	 3	 3	 3	 5	 3	 3	 3	 3	 3	 5	 3	 3	 3	 3	
459	 154	 1906	 1248	 22	 111	 364	 7	 707	 20	 111	 346	 5	 3	 3	 33	 346	 5	 3	 67	 154	 303	 86	 4	 642	 459	 56	 84	 75	 97	 5	 3	 3	 84	 1708	 5	 3	 3	 2793	 173	 443	 1194	 157	 5	 3	 3	 1580	 5	 3	 346	
13	 16	 799	 11	 699	 6	 102	 10	 12	 395	 7	 205	 1	 12	 102	 7	 187	 15	 6	 87	 7	 14	 53	 145	 33	 44	 1	 117	 10	 1	 218	 115	 5	 3	 3	 3	 3	 3	 3	 3	 3	 3	 3	 3	 3	 3	 3	 3	 3	 55	
54	 8	 21	 14	 35	 1	 13	 61	 113	 8	 70	 65	 2706	 8	 4	 551	 39	 6	 246	 10	 9	 8	 491	 20	 39	 5	 3	 3	 3	 3	 331	 3	 7	 38	 14	 52	 144	 5	 3	 234	 5	 3	 234	 7	 234	 5	 3	 234	 22	 74	
187	 4	 7	 38	 2089	 532	 3	 9	 78	 3	 26	 146	 19	 134	 1192	 10	 232	 5	 3	 3	 3	 3	 1918	 5	 3	 3	 3	 3	 3	 3	 3	 135	 28	 518	 4	 6	 80	 5	 3	 3	 3	 3	 3	 5	 3	 3	 3	 5	 3	 3	
8	 164	 1268	 6	 1095	 33	 151	 10	 62	 141	 242	 294	 11	 45	 76	 97	 52	 144	 54	 8	 107	 6	 41	 343	 19	 83	 1095	 1899	 53	 7	 3	 29	 194	 30	 187	 4	 6	 53	 22	 67	 10	 62	 53	 53	 27	 5	 3	 3	 33	 7	
34	 174	 4	 14	 41	 36	 32	 2015	 15	 93	 46	 5	 3	 1210	 919	 10	 12	 84	 80	 386	 5	 3	 919	 9	 5	 3	 102	 5	 3	 102	 3	 74	 669	 50	 488	 5	 3	 3	 3300	 5	 3	 3	 2158	 611	 71	 287	 5	 3	 69	 5	
4	 1229	 70	 81	 20	 39	 1	 4	 47	 7	 184	 9	 1	 13	 36	 47	 8	 20	 6	 828	 511	 619	 146	 22	 14	 55	 7	 8	 36	 833	 14	 955	 5	 3	 3	 611	 279	 19	 45	 76	 92	 7	 35	 602	 4	 6	 1571	 10	 480	 7	
62	 35	 36	 2051	 12	 581	 7	 47	 8	 6	 568	 10	 17	 801	 50	 41	 81	 5	 3	 3	 81	 60	 3	 3	 41	 149	 27	 5	 3	 3	 3	 3	 3	 50	 3	 346	 5	 3	 3	 3	 3	 3	 3	 3	 3	 192	 3	 5	 3	 3	
50	 215	 16	 32	 570	 845	 90	 88	 9	 5	 3	 1	 734	 3	 7	 3	 5	 3	 227	 1182	 40	 77	 58	 389	 539	 18	 11	 4	 83	 65	 5	 3	 128	 630	 5	 3	 5	 3	 3	 3	 721	 5	 3	 3	 33	 172	 5	 3	 33	 172	
2204	 36	 25	 21	 12	 90	 88	 9	 4	 89	 8	 276	 8	 48	 25	 23	 1492	 5	 3	 3	 15	 6	 2316	 10	 11	 8	 36	 32	 158	 5	 3	 1026	 1026	 131	 59	 5	 3	 244	 279	 12	 632	 11	 73	 93	 5	 3	 28	 25	 221	 5	
30	 77	 58	 415	 157	 38	 45	 76	 78	 5	 3	 507	 10	 864	 60	 148	 242	 169	 1467	 10	 83	 2388	 56	 558	 4	 124	 21	 10	 17	 1317	 896	 5	 3	 3	 0	 0	 0	 0	 0	 0	 0	 0	 0	 0	 0	 0	 0	 0	 0	 0	
578	 46	 186	 2364	 1824	 4	 501	 6	 3010	 10	 46	 22	 12	 91	 1	 6	 246	 10	 91	 9	 1	 6	 91	 8	 21	 63	 3	 91	 347	 1	 46	 1	 420	 46	 1	 7	 6	 657	 5	 3	 52	 172	 5	 3	 1324	 5	 3	 5	 3	 3	
1198	 63	 3590	 381	 29	 407	 102	 27	 5	 3	 74	 3	 3	 3	 721	 3	 3	 3	 50	 50	 3	 3	 3	 3	 3	 28	 146	 5	 3	 3	 173	 3	 3	 3	 60	 440	 3	 241	 3	 3	 3	 3	 3	 2405	 3	 3	 3	 3	 3	 3	
4	 597	 6	 3269	 10	 17	 52	 8	 37	 944	 15	 5	 3	 3	 3	 41	 5	 3	 3	 3	 3	 3	 3	 3	 1137	 5	 3	 3	 3	 3	 3	 3	 3	 3	 27	 5	 3	 3	 3	 3	 3	 3	 3	 3	 3	 3	 3	 2329	 10	 3	
3	 155	 1582	 87	 7	 157	 43	 30	 77	 38	 45	 66	 1	 75	 157	 18	 924	 22	 83	 55	 5	 3	 3	 3	 3	 675	 1137	 5	 3	 3	 3	 135	 3	 28	 5	 3	 3	 1012	 3	 135	 5	 3	 3	 135	 3	 5	 3	 3	 289	 3	
23	 41	 154	 103	 427	 15	 329	 4	 120	 6	 624	 1	 789	 7	 969	 10	 6	 9	 106	 14	 188	 5	 3	 3	 0	 0	 0	 0	 0	 0	 0	 0	 0	 0	 0	 0	 0	 0	 0	 0	 0	 0	 0	 0	 0	 0	 0	 0	 0	 0	
14	 33	 44	 112	 25	 319	 4	 34	 9	 13	 51	 84	 82	 878	 960	 1	 276	 13	 1867	 8	 10	 381	 241	 1	 42	 26	 925	 735	 7	 82	 6	 41	 5	 3	 3	 279	 564	 53	 5	 3	 3	 1012	 3	 192	 3	 123	 5	 3	 3	 3	
13	 37	 25	 221	 19	 6	 21	 24	 45	 66	 8	 1127	 10	 12	 129	 11	 414	 309	 82	 6	 1955	 203	 11	 93	 6	 35	 8	 48	 1706	 82	 18	 1783	 1692	 12	 9	 5	 3	 3	 0	 0	 0	 0	 0	 0	 0	 0	 0	 0	 0	 0	
1327	 10	 171	 13	 152	 12	 9	 1	 13	 396	 724	 504	 7	 21	 12	 9	 1	 7	 109	 4	 6	 672	 502	 15	 23	 44	 5	 3	 3	 3	 3	 5	 3	 3	 5	 3	 3	 3	 3	 3	 3	 3	 3	 1535	 1535	 307	 5	 3	 3	 3	
13	 61	 363	 8	 4	 437	 17	 244	 4	 68	 12	 794	 7	 244	 341	 138	 11	 70	 300	 244	 5	 3	 3	 3	 3	 3	 5	 3	 234	 5	 3	 234	 3	 3	 191	 138	 5	 3	 3	 3	 3	 1586	 7	 173	 234	 5	 3	 3	 234	 3	
40	 13	 712	 34	 428	 9	 20	 530	 191	 650	 6	 90	 88	 9	 8	 48	 438	 4	 39	 18	 8	 1132	 1	 283	 1	 419	 1	 7	 6	 30	 519	 204	 197	 5	 3	 3	 1180	 56	 662	 33	 44	 394	 3	 5	 3	 3	 1012	 3	 3	 3	
604	 18	 884	 8	 48	 15	 1494	 39	 70	 1201	 19	 14	 150	 55	 7	 1	 1860	 20	 8	 43	 14	 84	 184	 11	 81	 5	 3	 3	 52	 721	 5	 3	 41	 3	 52	 1450	 5	 3	 3	 341	 726	 5	 3	 220	 2132	 60	 3	 3	 476	 3	
23	 33	 44	 465	 109	 4	 23	 41	 1	 75	 1	 160	 646	 1	 6	 78	 1	 7	 23	 33	 44	 11	 9	 94	 24	 1879	 56	 82	 53	 1	 75	 1094	 18	 37	 6	 53	 5	 3	 3	 3	 3	 3	 2763	 2132	 220	 33	 5	 3	 3	 5	
578	 13	 57	 481	 188	 130	 169	 196	 57	 141	 78	 1	 13	 483	 8	 4	 224	 6	 1473	 9	 2420	 5	 3	 3	 2563	 1	 691	 5	 3	 3	 122	 5	 3	 3	 33	 5	 3	 69	 3	 3	 5	 3	 3	 691	 41	 5	 3	 3	 3	 3	
260	 8	 37	 12	 147	 11	 1387	 163	 11	 30	 45	 76	 35	 1024	 253	 4	 1381	 11	 30	 1293	 195	 14	 52	 1	 11	 387	 261	 707	 4	 6	 52	 1	 13	 363	 156	 4	 327	 8	 6	 568	 4	 191	 12	 189	 82	 5	 3	 5	 3	 3	
6	 667	 98	 7	 161	 59	 1630	 2171	 31	 43	 8	 68	 4	 6	 118	 26	 17	 1	 3	 1	 40	 17	 472	 2527	 154	 303	 1292	 7	 283	 125	 5	 3	 198	 71	 46	 5	 69	 3	 3	 3	 5	 3	 3	 3591	 125	 5	 3	 3	 486	 27	
6	 1686	 10	 42	 2088	 352	 638	 15	 42	 599	 26	 1429	 26	 655	 511	 40	 64	 28	 511	 4	 180	 111	 1089	 5	 3	 3	 103	 1	 44	 1	 26	 313	 26	 570	 146	 87	 5	 3	 3	 117	 5	 3	 3	 3	 3	 3	 3601	 5	 3	 5	
8	 858	 1653	 139	 38	 1487	 10	 23	 9	 15	 12	 189	 135	 1	 11	 28	 739	 26	 70	 227	 3	 3	 55	 11	 2897	 5	 3	 1807	 1	 7	 13	 1692	 5	 3	 1244	 5	 3	 3	 383	 2240	 5	 3	 5	 3	 3	 4351	 5	 3	 69	 5	
13	 57	 25	 132	 6	 9	 18	 28	 86	 4	 57	 786	 200	 773	 15	 6	 769	 189	 1	 57	 481	 501	 34	 1964	 20	 2046	 5	 3	 695	 289	 5	 3	 3	 1472	 7	 253	 289	 5	 3	 3	 3	 3	 5	 3	 3	 3	 3	 3	 5	 3	
521	 48	 6	 117	 7	 358	 218	 4	 6	 35	 1	 75	 134	 119	 57	 25	 385	 1	 1704	 1	 11	 2667	 11	 15	 34	 422	 503	 600	 6	 66	 5	 3	 3	 5	 3	 5	 3	 3	 3	 3	 1185	 349	 5	 3	 480	 3	 3	 1173	 1058	 5	
13	 16	 61	 104	 9	 43	 8	 38	 45	 66	 1	 42	 26	 52	 144	 11	 30	 52	 144	 13	 47	 134	 561	 4	 252	 4	 18	 6	 1	 7	 40	 13	 57	 105	 5	 3	 5	 3	 3	 3	 1016	 67	 241	 8	 104	 304	 22	 6	 35	 5	
386	 46	 383	 109	 26	 705	 26	 12	 50	 91	 37	 823	 7	 2330	 1	 75	 12	 161	 59	 5	 3	 3	 234	 5	 3	 234	 10	 12	 50	 91	 1026	 50	 377	 5	 3	 669	 50	 41	 5	 3	 3	 50	 3	 3	 3	 3	 1541	 3	 5	 3	
3	 5	 3	 33	 44	 1717	 383	 1234	 22	 6	 78	 8	 48	 654	 6	 35	 82	 6	 400	 480	 1123	 1	 7	 14	 2488	 899	 726	 1875	 15	 1479	 4	 92	 8	 143	 4	 132	 15	 14	 30	 899	 849	 4	 26	 71	 564	 53	 69	 5	 3	 3	
17	 915	 33	 44	 28	 803	 4	 59	 73	 6	 946	 10	 42	 55	 5	 3	 33	 223	 5	 3	 3	 3	 3	 55	 3	 721	 5	 3	 3	 1815	 1	 7	 5	 3	 3	 3	 5	 3	 3	 3	 5	 3	 5	 3	 3	 3	 5	 3	 3	 5	
23	 50	 41	 16	 391	 187	 4	 30	 50	 53	 979	 33	 151	 16	 1326	 38	 134	 10	 1242	 5	 3	 919	 320	 19	 168	 401	 5	 3	 33	 5	 3	 3	 0	 0	 0	 0	 0	 0	 0	 0	 0	 0	 0	 0	 0	 0	 0	 0	 0	 0	
24	 100	 6	 562	 169	 1	 8	 275	 43	 6	 139	 10	 18	 50	 41	 1	 47	 12	 31	 9	 1	 75	 12	 98	 1	 131	 59	 7	 30	 31	 9	 5	 3	 3	 52	 102	 1	 7	 30	 9	 94	 24	 39	 5	 3	 3	 0	 0	 0	 0	
62	 66	 16	 690	 46	 7	 50	 215	 24	 45	 66	 100	 12	 114	 7	 136	 129	 9	 4	 389	 157	 22	 457	 92	 11	 35	 18	 37	 280	 4	 12	 295	 5	 3	 135	 3	 5	 3	 3	 3632	 10	 12	 50	 77	 7	 761	 22	 12	 114	 7	
4927	 10	 4294	 56	 1	 717	 5	 3	 3	 3	 3	 150	 52	 721	 5	 3	 3	 3	 3	 3	 5	 3	 3	 3	 5	 3	 5	 3	 3	 3	 33	 44	 5	 3	 3	 3	 3	 192	 3	 55	 3	 33	 44	 3	 223	 3	 142	 106	 3	 1	
40	 413	 37	 8	 89	 39	 309	 4	 6	 10	 6	 187	 13	 47	 7	 8	 396	 21	 134	 35	 4	 240	 11	 415	 12	 189	 7	 382	 12	 189	 1	 1168	 20	 12	 568	 18	 13	 113	 156	 29	 1	 145	 24	 1351	 11	 65	 27	 5	 3	 35	
3720	 641	 6	 78	 2541	 12	 136	 203	 7	 78	 5	 3	 853	 289	 845	 46	 1	 67	 37	 231	 24	 12	 91	 56	 364	 7	 78	 5	 3	 595	 24	 91	 8	 37	 100	 5	 3	 1029	 719	 3	 122	 514	 5	 3	 3	 52	 52	 1708	 5	 3	
77	 37	 1347	 4	 283	 6	 358	 18	 237	 173	 36	 3613	 26	 93	 412	 20	 3050	 364	 7	 109	 6	 35	 528	 195	 6	 3050	 1718	 5	 3	 3	 3	 1180	 5	 3	 5	 3	 5	 3	 5	 3	 5	 3	 3	 3	 3	 3	 5	 3	 3	 5	
40	 8	 755	 4	 17	 1314	 81	 22	 291	 1	 8	 36	 61	 285	 12	 98	 24	 65	 5	 3	 3	 169	 2034	 446	 1069	 7	 538	 156	 5	 3	 3	 1605	 5	 3	 98	 1	 59	 7	 1072	 7	 244	 5	 3	 3	 102	 5	 3	 3	 3	 2861	
24	 100	 14	 41	 11	 236	 9	 8	 139	 4	 14	 159	 7	 21	 15	 34	 1975	 357	 4	 236	 39	 20	 12	 31	 9	 11	 15	 6	 1657	 5	 3	 297	 55	 396	 695	 12	 49	 220	 6	 74	 8	 339	 4	 104	 17	 89	 9	 11	 24	 100	
13	 36	 109	 1630	 147	 9	 15	 6	 2425	 202	 152	 19	 6	 1431	 207	 10	 497	 6	 656	 5	 3	 74	 656	 5	 3	 3	 3	 135	 3	 5	 3	 3	 3	 3	 5	 3	 135	 3	 5	 3	 3	 135	 3	 135	 3	 135	 3	 135	 1	 3360	
62	 45	 66	 16	 32	 181	 4	 463	 35	 253	 4	 39	 1	 318	 147	 163	 318	 1	 128	 1899	 429	 52	 5	 3	 3	 289	 5	 3	 3	 3	 3	 3	 5	 3	 3	 3	 3	 5	 3	 3	 3	 3	 3	 5	 3	 3	 5	 3	 3	 5	
13	 36	 711	 4	 62	 45	 76	 97	 52	 144	 145	 7	 97	 35	 144	 830	 222	 5	 3	 3	 864	 289	 26	 53	 75	 4	 133	 39	 275	 6	 414	 10	 6	 254	 1735	 296	 1	 7	 6	 1035	 7	 85	 22	 353	 759	 5	 3	 3	 3300	 5	
99	 18	 47	 157	 16	 51	 6	 118	 748	 29	 161	 27	 17	 212	 4	 18	 114	 36	 21	 6	 9	 43	 12	 107	 4	 6	 78	 7	 30	 78	 4	 6	 41	 5	 3	 3	 3	 3	 3	 3	 3	 3	 3	 27	 5	 3	 3	 3	 3	 55	
17	 80	 121	 198	 1075	 11	 973	 2416	 140	 25	 89	 8	 26	 248	 10	 213	 10	 233	 5	 3	 3	 150	 173	 16	 89	 39	 26	 830	 26	 191	 650	 197	 5	 3	 234	 5	 3	 3	 3	 3	 3	 3	 5	 3	 3	 3	 3	 691	 50	 53	
8	 58	 285	 23	 9	 24	 573	 6	 89	 212	 222	 22	 6	 2028	 10	 311	 11	 5	 3	 5	 3	 3	 259	 5	 3	 3	 5	 3	 3	 3991	 1719	 899	 691	 5	 3	 3	 3	 5	 3	 3	 3	 3	 135	 5	 3	 3	 3	 691	 446	 192	
45	 76	 97	 177	 20	 187	 22	 45	 76	 78	 42	 26	 1209	 1	 57	 481	 212	 376	 53	 20	 3420	 968	 125	 290	 185	 242	 2050	 5	 3	 1097	 2799	 87	 1	 1097	 157	 1	 19	 1097	 140	 414	 97	 11	 97	 249	 38	 12	 242	 4	 395	 4	
19	 127	 1	 200	 291	 1282	 920	 1	 200	 814	 1	 13	 1855	 1937	 6	 291	 369	 4	 433	 18	 14	 77	 4	 240	 20	 39	 5	 3	 402	 3	 3	 1	 3049	 7	 1854	 5	 3	 234	 29	 67	 58	 61	 344	 18	 254	 1006	 1006	 1010	 11	 27	
12	 91	 9	 464	 39	 4	 433	 72	 8	 48	 367	 4	 104	 14	 97	 5	 3	 3	 122	 102	 217	 222	 5	 3	 49	 3	 50	 1046	 7	 346	 109	 3	 27	 5	 3	 3	 3	 3	 3	 3	 3	 5	 3	 3	 5	 3	 3	 3	 3	 3	
62	 46	 690	 386	 46	 58	 32	 191	 24	 6	 55	 5	 3	 3	 515	 5	 3	 3	 515	 515	 515	 515	 515	 515	 515	 515	 3	 1066	 10	 6	 498	 279	 3	 1016	 482	 73	 6	 946	 10	 6	 5	 3	 3	 3	 135	 5	 3	 135	 3	 135	
9	 86	 22	 14	 129	 28	 191	 4	 963	 22	 14	 50	 53	 29	 19	 127	 27	 5	 3	 3	 3	 3	 3	 3	 3	 3	 3	 28	 25	 1025	 146	 5	 3	 28	 1018	 5	 3	 3	 4467	 5	 3	 3	 2240	 5	 3	 1012	 3	 3	 645	 5	
19	 127	 1	 65	 503	 167	 16	 32	 86	 1	 200	 12	 2767	 11	 291	 1	 8	 61	 339	 4	 998	 961	 4	 6	 3877	 11	 1	 2119	 1	 2119	 1	 11	 2119	 81	 230	 4	 1931	 184	 9	 5	 3	 234	 22	 33	 5	 3	 3	 3	 1425	 5	
40	 8	 210	 614	 4	 284	 2586	 7	 12	 31	 9	 1	 38	 67	 8	 48	 71	 4544	 69	 4	 104	 406	 126	 167	 1	 13	 57	 25	 21	 12	 90	 88	 9	 19	 6	 207	 10	 919	 126	 63	 3	 3	 5	 3	 3	 52	 347	 5	 3	 3	
70	 2898	 22	 130	 28	 764	 15	 259	 1129	 197	 5	 3	 3	 33	 175	 28	 6	 2063	 33	 665	 278	 1	 7	 6	 347	 10	 9	 13	 501	 7	 72	 13	 21	 6	 9	 5	 3	 3	 3	 3	 227	 3	 123	 5	 3	 3	 3	 3	 3	 3	
6	 773	 28	 310	 10	 6	 548	 10	 3056	 36	 25	 32	 1057	 73	 1511	 1592	 316	 32	 682	 160	 1220	 1	 276	 359	 30	 4719	 108	 5	 3	 154	 303	 306	 4	 57	 5	 3	 3	 5	 3	 1034	 150	 5	 3	 3	 52	 5	 3	 5	 3	 5	
14	 103	 427	 28	 803	 4	 120	 12	 743	 244	 54	 8	 341	 15	 84	 84	 5	 3	 3	 1	 329	 15	 229	 20	 70	 81	 1	 7	 13	 269	 4	 68	 74	 5	 3	 535	 1012	 5	 3	 3	 3	 3	 3	 3	 41	 5	 3	 3	 721	 5	
40	 8	 1198	 39	 11	 17	 214	 81	 20	 39	 1	 8	 58	 61	 890	 18	 362	 82	 12	 179	 169	 81	 1	 40	 8	 339	 4	 32	 1588	 43	 336	 10	 12	 516	 20	 17	 102	 10	 2329	 1	 260	 413	 37	 1133	 1065	 4	 12	 1065	 81	 54	
13	 16	 712	 31	 9	 38	 30	 561	 20	 878	 9	 1	 4	 557	 7	 542	 1698	 7	 542	 3	 864	 22	 14	 41	 1	 67	 989	 39	 4	 350	 275	 18	 41	 7	 201	 6	 87	 10	 14	 78	 7	 30	 720	 10	 232	 4	 8	 5	 3	 3	
99	 18	 47	 35	 11	 253	 35	 4	 39	 29	 11	 14	 165	 27	 16	 85	 95	 9	 220	 14	 526	 10	 123	 467	 1	 75	 12	 98	 1	 59	 1	 288	 102	 1	 65	 11	 59	 5	 3	 3	 3	 3	 688	 135	 5	 3	 3	 1543	 7	 224	
13	 57	 481	 385	 46	 38	 30	 78	 5	 3	 78	 5	 3	 3	 2016	 3	 5	 3	 72	 452	 5	 3	 3	 46	 28	 1131	 5	 3	 3	 3	 3	 3	 3	 3	 1066	 5	 3	 3	 5	 3	 5	 3	 1064	 5	 3	 3	 717	 5	 3	 3	
