6	 776	 10	 1121	 2674	 149	 1160	 3585	 536	 73	 1160	 973	 50	 292	 5	 84	 5	 446	 220	 7	 1790	 10	 7	 41	 5	 7	 50	 5	 55	 5	 5	 5	 7	 5	 5	 1	 5	 1	 7	 5	 5	 5	 7	 5	 5	 5	 7	 5	 5	 5	
1550	 1	 7	 3306	 1	 1	 7	 132	 1	 63	 759	 916	 279	 1	 279	 1	 7	 1	 1	 7	 72	 2322	 5	 70	 5	 5	 27	 5	 5	 5	 5	 5	 5	 5	 5	 5	 5	 5	 5	 5	 5	 5	 5	 5	 5	 5	 5	 1	 5	 5	
34	 10	 284	 483	 42	 26	 1293	 7	 990	 5	 22	 78	 145	 11	 22	 145	 3081	 5	 5	 11	 5	 5	 1	 1	 5	 7	 1	 5	 1	 7	 5	 5	 1	 1	 1	 5	 5	 7	 1	 5	 5	 7	 1	 5	 1	 1	 5	 1	 7	 1	
6	 1082	 2482	 2062	 1	 7	 50	 5	 5	 42	 5	 7	 284	 5	 57	 5	 50	 5	 5	 5	 5	 5	 1	 5	 1	 5	 5	 5	 1	 5	 5	 7	 1	 5	 5	 1	 1	 5	 5	 7	 1	 5	 5	 5	 5	 5	 7	 5	 5	 7	
6	 254	 173	 1	 1	 7	 5	 14	 55	 5	 128	 14	 1386	 1089	 5	 6	 1089	 18	 5	 5	 1	 7	 5	 5	 1089	 5	 5	 5	 7	 5	 5	 5	 5	 5	 5	 5	 5	 7	 5	 5	 78	 5	 7	 446	 0	 0	 0	 0	 0	 0	
13	 846	 649	 612	 1	 1	 11	 11	 1	 1	 1	 1	 11	 1	 1	 1	 11	 1	 11	 1	 11	 5	 5	 5	 1	 1	 1	 5	 5	 1	 7	 5	 5	 5	 7	 5	 5	 5	 1	 1	 1	 1	 5	 5	 5	 1	 5	 5	 1	 5	
15	 101	 1	 7	 670	 29	 670	 109	 27	 5	 5	 5	 7	 50	 41	 5	 5	 7	 5	 7	 50	 41	 1	 7	 670	 5	 7	 1	 7	 267	 7	 5	 5	 5	 1	 7	 5	 5	 7	 152	 5	 284	 5	 5	 50	 41	 5	 7	 5	 5	
9	 898	 39	 1	 1	 5	 1	 1	 1	 1	 1	 1	 1	 1	 1	 1	 1	 1	 1	 1	 5	 1	 1	 1	 1	 1	 1	 1	 1	 1	 5	 1	 1	 1	 1	 1	 1	 1	 1	 1	 1	 1	 7	 1	 5	 163	 1	 7	 3435	 5	
19	 127	 1	 22	 2945	 5	 5	 1	 1	 7	 5	 5	 1	 7	 990	 5	 22	 3912	 145	 145	 5	 5	 3671	 7	 5	 5	 5	 5	 1	 7	 1	 5	 5	 7	 5	 5	 5	 5	 5	 1	 5	 5	 5	 5	 5	 5	 5	 5	 5	 5	
585	 10	 831	 57	 234	 7	 831	 5	 483	 21	 483	 807	 4	 194	 5	 1134	 0	 0	 0	 0	 0	 0	 0	 0	 0	 0	 0	 0	 0	 0	 0	 0	 0	 0	 0	 0	 0	 0	 0	 0	 0	 0	 0	 0	 0	 0	 0	 0	 0	 0	
