12	 244	 7	 516	 9	 16	 32	 86	 19	 6	 362	 10	 99	 1214	 11	 6	 517	 8	 1247	 5	 3	 3	 5	 3	 1533	 1107	 10	 93	 10	 14	 35	 5	 3	 3	 3	 3	 2698	 102	 3	 5	 3	 3	 3	 3	 3	 27	 5	 3	 3	 3	
4	 713	 7	 597	 12	 108	 7	 4	 89	 1497	 8	 4	 3782	 1	 437	 17	 125	 280	 84	 81	 1	 189	 510	 1	 11	 143	 320	 3	 58	 32	 106	 63	 3	 3	 1	 413	 1	 1232	 63	 592	 5	 3	 150	 2374	 5	 3	 3	 863	 534	 5	
79	 226	 18	 23	 109	 33	 44	 465	 109	 4	 6	 84	 159	 1	 21	 7	 199	 10	 12	 31	 9	 67	 28	 625	 4	 740	 8	 10	 72	 13	 396	 21	 12	 31	 9	 5	 3	 3	 29	 17	 95	 778	 173	 27	 5	 3	 3	 3	 3	 3	
190	 164	 521	 247	 718	 11	 170	 1671	 84	 445	 11	 339	 4	 224	 5	 3	 84	 33	 282	 5	 3	 3	 4861	 70	 4	 210	 83	 216	 534	 20	 6	 150	 56	 31	 744	 5	 3	 3	 169	 5	 3	 3	 5	 3	 3	 150	 5	 3	 3	 5	
3327	 163	 102	 7	 1457	 234	 3	 3	 3	 3	 3	 1544	 3	 1294	 3	 3	 1989	 2133	 16	 153	 31	 49	 1	 42	 26	 1608	 6	 300	 245	 7	 234	 5	 3	 940	 683	 38	 6	 234	 10	 12	 1687	 395	 5	 3	 3	 3	 5	 3	 3	 5	
3209	 56	 1068	 3009	 163	 65	 3	 3	 3	 3	 3	 3	 3	 3591	 60	 3	 3	 3	 4262	 691	 3	 3	 691	 41	 3	 3	 3	 3	 3	 3	 3	 3	 3591	 3	 3	 989	 50	 53	 63	 3	 3	 3	 173	 3	 71	 173	 29	 27	 5	 3	
13	 132	 9	 4	 6	 1612	 19	 1017	 18	 286	 81	 5	 3	 2954	 150	 725	 35	 75	 359	 146	 82	 14	 733	 5	 3	 3	 33	 27	 5	 3	 3	 534	 543	 5	 3	 3	 3174	 150	 52	 19	 26	 821	 24	 14	 77	 145	 135	 10	 6	 55	
195	 62	 46	 1	 373	 6	 135	 4	 604	 95	 9	 43	 208	 834	 86	 22	 6	 41	 1	 823	 1211	 87	 7	 443	 15	 274	 126	 618	 5	 3	 3	 1450	 274	 427	 5	 3	 3	 638	 1091	 6	 2290	 7	 342	 5	 3	 3	 511	 3	 3	 893	
567	 355	 7	 875	 22	 6	 291	 68	 145	 291	 81	 230	 5	 3	 29	 67	 58	 1	 19	 127	 1	 260	 8	 912	 2751	 20	 291	 27	 5	 3	 1934	 3	 5	 3	 1200	 59	 29	 70	 161	 59	 27	 5	 3	 102	 10	 55	 5	 3	 135	 3	
1926	 6	 1004	 815	 6	 169	 1160	 58	 25	 32	 11	 221	 19	 2617	 10	 6	 477	 50	 41	 11	 960	 5	 3	 3	 1869	 15	 442	 10	 12	 80	 81	 5	 3	 864	 1	 7	 4	 133	 443	 7	 414	 97	 38	 12	 41	 5	 3	 3	 3	 1097	
297	 63	 13	 1386	 2708	 13	 36	 124	 146	 220	 14	 281	 5	 3	 3	 1094	 19	 68	 4	 1624	 92	 7	 35	 60	 3	 775	 10	 295	 5	 3	 2329	 3	 5	 3	 3	 840	 3	 3	 3	 1692	 3	 5	 3	 3	 3	 3	 3	 1180	 33	 44	
71	 46	 69	 37	 17	 426	 451	 537	 18	 16	 32	 4713	 376	 12	 114	 56	 499	 541	 11	 58	 32	 86	 4	 51	 9	 18	 58	 32	 86	 4	 186	 55	 862	 11	 92	 5	 3	 1649	 4	 389	 17	 656	 11	 30	 9	 5	 3	 3	 102	 5	
13	 16	 21	 6	 9	 8	 47	 4	 415	 7	 184	 6	 535	 15	 67	 8	 340	 5	 3	 3	 133	 152	 185	 5	 3	 3	 3	 1624	 52	 5	 3	 3	 3	 3	 3	 123	 165	 5	 3	 3	 3	 3	 3	 3	 3	 3	 3	 3	 3	 3	
29	 967	 27	 24	 1043	 138	 10	 5	 3	 4207	 5	 3	 3	 3	 3	 41	 764	 71	 80	 295	 5	 3	 3	 26	 71	 26	 511	 5	 3	 69	 3	 5	 3	 3	 3	 1012	 3	 3	 5	 3	 3	 3	 3	 3	 5	 3	 3	 5	 3	 3	
6	 1350	 16	 1428	 110	 19	 12	 4421	 1	 20	 442	 4	 6	 556	 18	 1692	 17	 249	 556	 26	 313	 26	 1955	 263	 77	 1	 2592	 845	 71	 81	 69	 5	 3	 1281	 3	 69	 27	 60	 3	 2457	 2009	 775	 5	 3	 3	 198	 71	 50	 69	 5	
23	 33	 223	 3315	 14	 33	 142	 15	 93	 218	 50	 53	 1	 75	 111	 704	 1	 196	 1	 7	 6	 41	 29	 71	 1864	 69	 27	 5	 3	 3	 173	 3	 2636	 10	 52	 5	 3	 5	 3	 3	 3	 5	 3	 3	 173	 5	 3	 3	 3	 3	
372	 1707	 1421	 27	 3	 3	 3	 3	 3	 3	 3	 3	 1	 451	 1	 19	 6	 87	 1	 364	 1	 7	 6	 364	 263	 29	 6	 71	 362	 318	 364	 75	 660	 71	 369	 5	 69	 3	 3	 3	 1496	 5	 69	 3	 3	 3	 3	 1369	 5	 3	
13	 58	 25	 620	 6	 103	 10	 14	 920	 7	 8	 58	 1985	 93	 93	 42	 49	 146	 4	 32	 2351	 24	 64	 5	 3	 3	 1385	 7	 30	 45	 66	 16	 32	 106	 6	 768	 408	 10	 42	 954	 5	 3	 3	 5	 3	 3	 1503	 1503	 1503	 278	
1715	 61	 2363	 6	 1035	 10	 31	 9	 18	 8	 262	 63	 3	 7	 539	 7	 17	 1349	 10	 12	 823	 1211	 5	 3	 3	 63	 3	 775	 775	 446	 775	 775	 10	 26	 308	 8	 58	 32	 1439	 54	 62	 177	 765	 32	 94	 5	 3	 3	 5	 3	
4175	 36	 504	 23	 9	 1	 26	 705	 26	 8	 458	 15	 5	 3	 3	 3	 3	 1	 3573	 3605	 1160	 294	 704	 11	 553	 1107	 649	 5	 3	 3	 52	 3	 78	 3	 370	 3	 954	 54	 8	 340	 22	 6	 52	 5	 3	 3	 3	 3	 3	 3	
24	 236	 12	 9	 1	 8	 139	 4	 6	 251	 10	 49	 506	 5	 3	 3	 3	 3	 1100	 11	 16	 61	 32	 162	 15	 110	 448	 5	 3	 3	 3	 1084	 543	 5	 3	 3	 33	 408	 3	 103	 223	 5	 3	 3	 69	 3	 33	 44	 5	 3	
23	 751	 192	 370	 1182	 7	 355	 10	 134	 37	 1	 75	 1	 140	 112	 25	 319	 4	 17	 1230	 7	 1	 17	 1015	 15	 245	 4	 6	 31	 9	 1	 6	 97	 173	 1	 67	 6	 41	 375	 21	 14	 52	 5	 3	 3	 3	 3	 1823	 204	 511	
54	 8	 143	 4	 348	 15	 6	 472	 8	 47	 36	 1539	 93	 31	 9	 67	 13	 655	 926	 36	 32	 10	 232	 4	 8	 5	 3	 5	 3	 938	 13	 329	 106	 68	 4	 12	 9	 7	 28	 7	 15	 317	 20	 6	 393	 531	 5	 3	 1116	 33	
8	 385	 6	 4945	 103	 2380	 10	 6	 49	 231	 1	 7	 93	 10	 83	 1806	 7	 920	 1	 7	 4	 21	 156	 4	 305	 535	 10	 6	 3014	 286	 35	 412	 20	 6	 52	 8	 68	 5	 3	 3	 535	 5	 3	 0	 0	 0	 0	 0	 0	 0	
4140	 28	 6	 715	 7	 15	 34	 487	 18	 1080	 14	 117	 10	 21	 73	 6	 74	 10	 1555	 7	 12	 147	 163	 5	 3	 3	 2440	 5	 3	 2476	 5	 3	 3	 3	 3	 3	 3	 1981	 5	 3	 3	 5	 3	 5	 3	 3	 5	 3	 3	 3	
40	 8	 57	 25	 339	 4	 104	 386	 167	 38	 39	 1	 8	 58	 23	 193	 73	 29	 27	 5	 3	 3	 3	 683	 24	 178	 6	 1889	 193	 901	 152	 621	 22	 6	 721	 10	 68	 5	 3	 568	 721	 5	 3	 3	 721	 5	 3	 3450	 3	 683	
57	 13	 85	 12	 31	 49	 515	 3	 3	 227	 227	 3	 3	 227	 227	 3	 3	 3	 198	 1378	 103	 1023	 15	 606	 12	 33	 7	 33	 5	 3	 3	 1023	 3	 3	 3	 3	 3	 3	 3	 5	 3	 3	 3	 3	 1814	 3	 3	 3	 3	 3	
4	 287	 90	 88	 9	 116	 4	 39	 73	 12	 929	 1	 13	 36	 326	 8	 333	 12	 31	 9	 36	 32	 86	 15	 17	 487	 18	 58	 206	 6	 254	 576	 860	 5	 3	 3	 1066	 15	 6	 71	 946	 147	 775	 5	 3	 3	 3	 3	 3	 5	
8	 164	 791	 326	 39	 10	 34	 42	 9	 13	 113	 8	 371	 8	 912	 1106	 38	 39	 5	 3	 3	 3	 5	 3	 3	 3	 5	 3	 3	 3	 3	 5	 3	 3	 3	 5	 3	 3	 3450	 829	 18	 8	 104	 17	 836	 392	 10	 534	 220	 6	
73	 514	 13	 16	 212	 23	 33	 44	 4	 14	 78	 1	 80	 9	 1	 22	 110	 30	 368	 10	 14	 41	 18	 13	 16	 212	 4	 1	 15	 110	 1234	 13	 16	 225	 22	 6	 41	 5	 3	 3	 151	 5	 3	 3	 2132	 214	 27	 5	 3	 3	
30	 9	 253	 4	 12	 21	 10	 14	 41	 28	 613	 24	 6	 141	 377	 56	 1102	 114	 5	 3	 3	 331	 33	 44	 5	 3	 3	 3	 3	 3	 5	 3	 3	 3	 3	 5	 3	 3	 5	 3	 3	 3	 3	 3	 5	 3	 3	 2636	 3	 3	
741	 70	 4194	 4185	 464	 2334	 4	 1876	 897	 109	 4	 48	 83	 216	 1796	 718	 15	 6	 118	 4	 1876	 29	 40	 25	 27	 11	 154	 4652	 145	 4	 57	 5	 3	 3	 5	 3	 3	 5	 3	 3	 299	 60	 3	 67	 656	 304	 97	 5	 3	 3	
110	 1903	 2431	 22	 2967	 56	 50	 53	 37	 425	 26	 248	 10	 6	 574	 10	 93	 425	 4	 6	 1116	 5	 3	 3	 5	 3	 264	 138	 10	 23	 3028	 5	 3	 3	 3	 3	 721	 5	 3	 3	 5	 3	 1034	 5	 3	 3	 5	 3	 1012	 5	
4	 453	 49	 7	 2672	 1003	 82	 67	 13	 985	 8	 58	 32	 1343	 4	 385	 6	 406	 68	 738	 4	 6	 280	 1023	 5	 3	 3	 3	 3	 3	 3	 2091	 352	 25	 32	 17	 76	 26	 15	 1721	 11	 15	 248	 15	 6	 899	 5	 3	 3	 3	
3	 9	 874	 42	 26	 49	 1367	 54	 7	 1	 64	 36	 32	 739	 38	 14	 294	 5	 3	 495	 29	 40	 34	 27	 1	 1199	 412	 20	 17	 964	 71	 189	 69	 357	 5	 3	 3	 745	 15	 229	 20	 17	 249	 261	 11	 52	 58	 32	 5	 3	
13	 16	 61	 21	 9	 18	 13	 501	 4	 690	 1	 866	 7	 201	 14	 35	 7	 6	 558	 4	 47	 35	 5	 3	 3	 452	 205	 19	 14	 3	 7	 214	 35	 5	 3	 241	 2541	 2895	 5	 3	 205	 5	 3	 3	 3	 3	 3	 279	 1302	 126	
15	 245	 1	 6	 291	 71	 1756	 69	 11	 71	 81	 69	 69	 18	 8	 225	 11	 3664	 4	 12	 291	 81	 285	 339	 653	 1	 12	 4347	 1	 69	 423	 128	 68	 4	 87	 19	 77	 10	 6	 52	 1	 1132	 87	 8	 225	 16	 32	 731	 26	 191	
13	 21	 488	 49	 19	 1742	 7	 411	 2935	 1	 19	 6	 96	 204	 197	 5	 3	 3	 666	 1	 1419	 7	 1214	 6	 3506	 35	 5	 3	 3	 3	 3	 3	 3	 3	 3	 3	 3	 3	 3	 3	 3	 3	 3	 3	 3	 691	 50	 135	 5	 3	
1829	 1	 6	 294	 643	 198	 31	 9	 94	 11	 231	 22	 3752	 114	 522	 160	 12	 188	 5	 3	 3	 3	 1100	 27	 1016	 192	 5	 3	 3	 33	 44	 5	 3	 3	 33	 175	 5	 3	 1012	 3	 234	 5	 3	 1544	 3	 3	 3	 1012	 3	 775	
12	 608	 172	 3	 775	 3	 135	 3	 3	 346	 3	 358	 3	 1336	 3	 2876	 266	 955	 5	 3	 2917	 233	 60	 3	 4798	 3	 33	 175	 5	 3	 4199	 3	 3	 3	 3	 3	 3	 3	 3	 198	 364	 5	 3	 3	 665	 60	 3	 1	 364	 1	
4	 2456	 20	 3874	 1	 11	 1885	 416	 137	 4	 23	 33	 44	 16	 153	 89	 9	 11	 30	 9	 1051	 15	 259	 372	 3	 15	 1	 1172	 1	 1	 71	 2318	 5	 69	 3	 3	 5	 3	 3	 3	 5	 3	 3	 3	 5	 3	 3	 452	 5	 3	
65	 167	 7	 30	 9	 3	 58	 25	 32	 86	 4	 206	 8	 90	 5	 3	 919	 19	 8	 5	 3	 3	 1012	 3	 1	 140	 133	 39	 59	 12	 308	 80	 172	 38	 823	 5	 3	 3	 3404	 11	 30	 35	 11	 369	 5	 3	 3	 3	 857	 3	
1799	 10	 291	 671	 600	 435	 220	 872	 766	 28	 6	 2268	 18	 413	 28	 148	 1135	 11	 1261	 602	 4	 11	 38	 384	 503	 11	 77	 10	 6	 35	 5	 3	 3	 1180	 7	 857	 188	 10	 97	 5	 3	 3	 3	 5	 3	 3	 5	 3	 3	 5	
6	 9	 13	 51	 16	 32	 425	 4	 39	 28	 231	 86	 22	 8	 11	 30	 52	 144	 15	 6	 3103	 370	 128	 616	 772	 121	 13	 21	 4	 239	 6	 92	 11	 35	 8	 48	 367	 5	 3	 3	 593	 5	 3	 3	 3300	 29	 356	 1	 758	 27	
13	 47	 6	 52	 4	 8	 195	 6	 52	 73	 6	 458	 1163	 4	 85	 6	 421	 65	 59	 5	 3	 3	 3	 3	 3	 291	 464	 291	 4	 2072	 4	 6	 65	 219	 13	 273	 38	 8	 5	 3	 3	 346	 708	 20	 291	 699	 5	 3	 5	 3	
4	 433	 125	 43	 23	 880	 97	 1060	 11	 4	 193	 10	 23	 246	 10	 880	 97	 1	 42	 26	 256	 397	 1	 217	 222	 5	 3	 145	 84	 346	 865	 5	 3	 242	 169	 1	 154	 191	 306	 4	 433	 43	 6	 35	 5	 3	 193	 657	 5	 3	
3811	 7	 2184	 168	 1176	 9	 3703	 146	 82	 6	 21	 10	 83	 2442	 87	 5	 3	 3	 33	 24	 4347	 29	 17	 426	 538	 171	 3582	 27	 5	 3	 931	 65	 52	 52	 5	 3	 294	 29	 19	 6	 2480	 27	 5	 3	 3	 5	 3	 3	 1692	 64	
426	 1629	 917	 11	 30	 50	 1818	 379	 845	 50	 215	 29	 58	 25	 1245	 27	 1	 16	 124	 64	 17	 1986	 22	 6	 41	 24	 1610	 5	 3	 135	 5	 3	 135	 3	 3	 5	 3	 3	 3	 1964	 845	 6	 135	 27	 5	 3	 3	 3	 3	 3	
17	 1	 212	 7	 1117	 7	 817	 56	 10	 137	 4	 6	 33	 44	 16	 48	 303	 626	 24	 6	 30	 45	 66	 22	 67	 6	 52	 1013	 1426	 12	 1073	 826	 20	 6	 45	 76	 5	 3	 3	 28	 6	 74	 10	 6	 5	 3	 3	 33	 44	 5	
13	 16	 51	 95	 31	 9	 38	 8	 15	 110	 1354	 54	 13	 655	 354	 15	 442	 10	 14	 33	 44	 28	 181	 4	 120	 6	 103	 11	 409	 10	 2391	 5	 3	 3	 35	 10	 78	 5	 3	 3	 103	 103	 5	 3	 3196	 5	 3	 3	 3	 3	
6	 46	 16	 32	 3841	 22	 95	 904	 10	 14	 41	 73	 6	 184	 10	 12	 129	 875	 466	 12	 172	 5	 3	 3	 568	 26	 191	 650	 6	 172	 158	 15	 12	 91	 56	 558	 4	 389	 95	 9	 5	 3	 3	 135	 5	 3	 3	 3	 3	 2363	
17	 122	 28	 17	 426	 451	 537	 18	 28	 231	 22	 17	 80	 56	 114	 19	 2533	 96	 5	 3	 0	 0	 0	 0	 0	 0	 0	 0	 0	 0	 0	 0	 0	 0	 0	 0	 0	 0	 0	 0	 0	 0	 0	 0	 0	 0	 0	 0	 0	 0	
794	 7	 244	 86	 15	 12	 814	 81	 5	 3	 3	 3	 3	 256	 2663	 1	 256	 7	 611	 60	 3	 5	 3	 3	 3	 742	 3	 3	 3	 3	 3	 3	 3	 3	 3	 3	 3	 3	 3	 3	 50	 294	 5	 3	 3	 3	 3	 3	 192	 55	
17	 50	 997	 28	 17	 426	 2343	 10	 379	 18	 3425	 6	 1629	 917	 15	 1982	 131	 7	 50	 135	 56	 1031	 19	 17	 102	 10	 377	 5	 3	 5	 3	 5	 3	 3	 3	 3	 3425	 5	 3	 3	 1349	 5	 3	 3	 5	 3	 5	 3	 3	 55	
276	 413	 37	 2211	 1	 40	 3572	 43	 34	 3358	 8	 37	 4	 8	 7	 1436	 18	 8	 953	 303	 376	 345	 4	 39	 4	 64	 105	 18	 13	 58	 833	 9	 38	 12	 661	 81	 5	 3	 3	 3	 3	 5	 3	 3	 5	 3	 3	 13	 16	 57	
13	 51	 31	 9	 309	 38	 8	 5	 3	 3	 3	 227	 3	 3	 2329	 22	 6	 234	 49	 1	 7	 234	 67	 74	 6	 234	 89	 8	 124	 42	 1174	 26	 10	 6	 33	 408	 29	 26	 313	 26	 790	 379	 27	 15	 12	 1262	 10	 90	 5	 3	
95	 2211	 166	 23	 33	 44	 11	 1418	 80	 9	 220	 14	 78	 60	 3	 64	 1667	 19	 77	 10	 14	 35	 5	 3	 3	 3	 1123	 5	 3	 3	 802	 3	 3	 721	 3	 1034	 1034	 50	 53	 63	 29	 1034	 446	 974	 2041	 27	 5	 3	 3	 29	
19	 127	 1	 2882	 16	 32	 267	 4	 47	 8	 20	 657	 4	 104	 801	 182	 7	 186	 8	 4	 240	 22	 14	 55	 5	 3	 3	 1496	 19	 19	 1194	 157	 1	 22	 6	 157	 7	 603	 8	 2080	 20	 3006	 5	 3	 5	 3	 3	 3	 3	 3	
23	 9	 28	 86	 4	 882	 6	 87	 7	 59	 20	 45	 66	 121	 154	 68	 4	 14	 55	 5	 3	 3	 1094	 1	 7	 12	 296	 22	 6	 3558	 53	 5	 3	 33	 346	 5	 3	 3	 35	 3	 97	 165	 5	 3	 3	 3190	 29	 71	 384	 69	
54	 8	 107	 34	 55	 11	 263	 1	 8	 58	 671	 4	 14	 55	 160	 508	 192	 5	 3	 33	 230	 5	 3	 3	 878	 3	 3	 41	 5	 3	 3	 1349	 135	 5	 3	 3	 33	 44	 5	 3	 3	 41	 5	 3	 3	 3	 1023	 5	 3	 3	
22	 110	 35	 1	 17	 129	 16	 32	 17	 421	 7	 18	 129	 4	 852	 95	 129	 4	 373	 50	 91	 4	 206	 95	 129	 26	 18	 8	 16	 29	 1199	 404	 12	 21	 10	 27	 11	 35	 5	 3	 3	 169	 5	 3	 3	 1816	 511	 5	 3	 1496	
8	 16	 61	 73	 355	 514	 6	 78	 47	 65	 1203	 60	 3	 1	 11	 331	 334	 60	 7	 6	 656	 28	 25	 238	 978	 5	 3	 27	 5	 3	 3	 3	 3	 3	 5	 3	 3	 2143	 3	 5	 3	 3	 5	 3	 3	 3	 3	 5	 3	 3	
6	 35	 37	 1246	 15	 1	 802	 10	 6	 234	 218	 278	 1	 6	 118	 151	 1	 2612	 11	 74	 7	 74	 154	 68	 4	 6	 41	 5	 3	 234	 29	 6	 27	 7	 103	 266	 60	 3	 60	 114	 169	 592	 145	 522	 16	 32	 1131	 60	 34	 379	
741	 13	 396	 315	 4	 491	 20	 281	 10	 14	 65	 440	 1	 720	 1	 11	 84	 92	 5	 3	 3	 3	 289	 60	 4	 39	 19	 97	 5	 3	 1496	 295	 1	 7	 443	 14	 126	 60	 3	 2324	 7	 126	 289	 5	 3	 241	 3	 5	 3	 150	
214	 886	 279	 214	 886	 3	 3203	 3	 3	 3	 3	 150	 394	 3	 1384	 3	 1577	 3	 3	 93	 135	 58	 32	 86	 19	 291	 24	 291	 925	 430	 1	 1	 447	 1	 214	 87	 1	 7	 291	 5	 3	 3	 3	 1066	 5	 3	 3	 5	 3	 3	
4	 415	 17	 80	 1	 364	 3707	 535	 7	 30	 45	 66	 3	 213	 7	 2246	 5	 3	 3	 3	 3	 3	 3	 3	 3	 3	 3	 5	 3	 3	 3	 3	 2743	 73	 6	 911	 10	 6	 41	 5	 3	 3	 3	 3	 3	 3	 3	 3	 3	 3	
8	 58	 61	 193	 10	 95	 182	 24	 1255	 15	 6	 405	 5	 3	 3	 3	 135	 11	 143	 12	 98	 58	 109	 5	 3	 611	 279	 1025	 3	 279	 109	 95	 16	 32	 359	 146	 4	 8	 38	 45	 76	 50	 53	 109	 5	 3	 3	 3	 3	 3	
13	 57	 25	 3114	 6	 9	 820	 82	 46	 4	 12	 31	 9	 5	 3	 3	 1649	 4	 133	 39	 124	 64	 125	 2628	 42	 26	 12	 244	 37	 703	 24	 17	 1328	 1146	 3	 5	 3	 5	 3	 3	 3	 5	 3	 3	 3	 2780	 5	 3	 5	 3	
337	 148	 330	 36	 32	 231	 15	 14	 522	 7	 8	 36	 32	 425	 4	 70	 1100	 173	 7	 18	 13	 48	 25	 303	 15	 23	 357	 5	 3	 3	 5	 3	 3	 5	 3	 3	 3	 3	 3	 5	 3	 5	 3	 3	 3	 3	 3	 5	 3	 3	
8	 16	 339	 4	 32	 1018	 38	 14	 2491	 527	 653	 73	 34	 74	 5	 3	 3	 279	 279	 413	 58	 61	 32	 560	 357	 19	 12	 89	 293	 5	 3	 3	 1016	 59	 5	 3	 56	 98	 5	 3	 3	 1012	 3	 5	 3	 3	 3	 3	 3	 3	
42	 284	 117	 319	 1	 93	 9	 16	 32	 228	 20	 45	 66	 1	 7	 6	 766	 7	 28	 25	 221	 19	 111	 33	 44	 11	 142	 5	 3	 3	 35	 5	 3	 3	 3	 5	 3	 3	 3	 3	 3	 3	 3	 3	 3	 3	 3	 3	 3	 3	
186	 8	 4	 343	 19	 732	 22	 12	 189	 3	 3	 3	 3	 60	 3	 60	 3	 3	 864	 60	 3	 443	 299	 1032	 60	 7	 3	 604	 8	 217	 7	 443	 12	 1768	 5	 3	 3	 59	 3	 7	 435	 437	 17	 261	 11	 52	 27	 8	 912	 868	
237	 74	 8	 21	 17	 52	 11	 52	 18	 36	 21	 12	 31	 9	 4	 491	 1	 15	 14	 685	 636	 1	 7	 2566	 121	 28	 4	 321	 4	 8	 5	 3	 3	 35	 13	 325	 20	 14	 52	 332	 5	 3	 33	 151	 5	 3	 3	 151	 15	 229	
23	 33	 44	 465	 109	 4	 9	 18	 16	 32	 94	 82	 1	 75	 1	 6	 878	 15	 1	 7	 8	 139	 4	 6	 159	 7	 21	 10	 18	 9	 5	 3	 3	 3	 7	 33	 44	 5	 3	 3	 1692	 3	 3	 29	 792	 27	 7	 5	 3	 3	
40	 8	 217	 22	 185	 11	 1167	 107	 6	 41	 1	 8	 16	 32	 1085	 4	 17	 424	 41	 1	 38	 6	 424	 78	 5	 3	 3	 2329	 5	 3	 3	 3	 3	 55	 3	 5	 3	 3	 3	 3	 2636	 5	 3	 3	 135	 5	 3	 3	 5	 3	
