40	 8	 316	 200	 125	 546	 1498	 290	 185	 19	 6	 9	 7	 173	 36	 32	 86	 26	 70	 308	 19	 460	 64	 462	 94	 1	 1097	 11	 1692	 182	 10	 18	 87	 5	 3	 1137	 67	 398	 93	 242	 49	 5	 3	 3	 353	 3	 785	 19	 5	 3	
70	 2898	 16	 32	 181	 15	 101	 4	 891	 1	 19	 127	 1	 3161	 16	 132	 12	 31	 9	 160	 12	 1653	 139	 5	 3	 3	 3	 595	 41	 5	 3	 3	 173	 19	 17	 494	 74	 697	 5	 3	 346	 5	 3	 3	 5	 3	 3	 1511	 3	 3	
13	 37	 521	 18	 6	 2126	 1814	 2273	 5	 3	 3	 5	 3	 135	 19	 6	 44	 15	 6	 1894	 1	 61	 140	 8	 758	 602	 4	 72	 8	 86	 6	 777	 5	 3	 3	 3	 3	 3	 3	 3	 3	 3	 3	 3	 3	 3	 814	 3	 3	 3	
13	 483	 8	 4	 32	 365	 54	 8	 107	 6	 41	 18	 765	 283	 324	 185	 10	 14	 55	 203	 5	 3	 33	 984	 5	 3	 3	 33	 44	 5	 3	 289	 5	 3	 1914	 82	 14	 55	 5	 3	 3	 135	 5	 3	 3	 289	 27	 5	 3	 3	
13	 382	 6	 103	 10	 12	 9	 5	 3	 3	 705	 26	 705	 26	 64	 28	 106	 14	 188	 5	 3	 3	 102	 166	 384	 68	 1	 49	 7	 1483	 5	 3	 3	 234	 5	 3	 103	 0	 0	 0	 0	 0	 0	 0	 0	 0	 0	 0	 0	 0	
1844	 58	 32	 1364	 4	 12	 114	 7	 16	 32	 1474	 22	 12	 118	 91	 230	 5	 3	 55	 361	 278	 5	 3	 33	 44	 71	 49	 103	 222	 5	 3	 1012	 3	 721	 33	 44	 279	 122	 3	 50	 135	 5	 3	 191	 537	 3	 197	 5	 3	 3	
34	 9	 8	 47	 100	 80	 2442	 9	 29	 75	 12	 161	 59	 27	 36	 32	 94	 7	 231	 24	 45	 76	 377	 294	 845	 71	 50	 215	 69	 5	 3	 3	 3	 3	 3	 1012	 3	 78	 3	 50	 1046	 7	 1450	 177	 5	 3	 3	 3	 1012	 3	
13	 16	 132	 12	 31	 9	 54	 13	 378	 6	 170	 817	 11	 302	 1625	 159	 64	 16	 32	 116	 220	 17	 374	 818	 11	 19	 6	 638	 10	 18	 108	 22	 2265	 5	 3	 3	 33	 175	 28	 25	 146	 22	 6	 31	 9	 8	 48	 485	 5	 3	
13	 16	 251	 31	 9	 4	 93	 3523	 126	 165	 5	 3	 3	 1649	 3753	 39	 20	 17	 126	 73	 6	 74	 10	 1017	 4	 6	 258	 145	 9	 20	 111	 5	 3	 3	 3	 3	 5	 3	 27	 5	 3	 3	 3	 3	 5	 3	 3	 3	 3	 3	
13	 57	 25	 620	 6	 1021	 1	 3750	 7	 3213	 10	 49	 11	 674	 34	 1614	 1371	 11	 93	 10	 6	 145	 1083	 10	 6	 41	 5	 3	 3	 33	 543	 5	 3	 3	 3	 5	 3	 3	 3	 3192	 5	 3	 3	 1012	 3	 3	 3	 3	 842	 6	
4	 542	 6	 21	 10	 6	 52	 7	 4	 866	 284	 663	 7	 35	 3	 146	 19	 3	 7	 123	 3	 3	 5	 3	 3	 3	 3	 3	 165	 20	 1256	 3	 1097	 97	 203	 27	 60	 7	 3	 3575	 3	 3	 3	 3	 3	 3	 3	 3	 3	 3	
804	 58	 25	 188	 6	 33	 142	 10	 30	 3100	 725	 3281	 1	 7	 58	 25	 104	 451	 320	 15	 442	 42	 159	 5	 3	 3	 142	 5	 3	 3	 3	 3	 3	 3	 3	 3	 3	 3	 3	 3	 50	 135	 3	 3	 3	 33	 44	 3	 3	 863	
62	 49	 16	 153	 9	 18	 16	 32	 3152	 94	 24	 14	 49	 29	 19	 127	 1	 70	 1401	 159	 10	 18	 296	 1	 11	 47	 9	 22	 14	 1683	 11	 729	 27	 11	 47	 4	 17	 125	 1035	 10	 74	 4	 234	 67	 246	 10	 50	 135	 277	 7	
62	 99	 16	 21	 563	 49	 1	 42	 26	 46	 1	 11	 17	 840	 173	 121	 598	 22	 6	 1714	 169	 5	 3	 5	 3	 3	 242	 482	 5	 3	 3	 695	 295	 5	 3	 3	 408	 5	 3	 234	 256	 74	 1	 2499	 10	 295	 5	 3	 3	 133	
13	 48	 303	 1906	 459	 56	 33	 1399	 2018	 18	 23	 33	 223	 1951	 8	 43	 14	 2003	 7	 111	 142	 38	 67	 12	 31	 9	 16	 32	 3357	 4	 459	 4	 45	 66	 5	 3	 7	 33	 282	 5	 3	 3	 1302	 142	 5	 3	 3	 1302	 831	 55	
54	 236	 31	 9	 82	 2137	 35	 1	 13	 16	 21	 12	 65	 59	 4	 225	 134	 419	 59	 7	 790	 379	 5	 3	 3	 452	 487	 15	 67	 8	 58	 918	 12	 90	 88	 9	 5	 3	 419	 59	 172	 5	 3	 191	 306	 5	 3	 5	 3	 3	
103	 10	 31	 9	 3	 3	 3	 5	 3	 102	 3	 3	 3	 1122	 1431	 3	 3	 28	 146	 4	 30	 435	 106	 1027	 54	 7	 15	 148	 1220	 5	 3	 3	 3	 3	 1	 3	 5	 3	 3	 5	 3	 192	 5	 3	 3	 3	 5	 3	 3	 5	
24	 100	 6	 562	 169	 1	 8	 139	 4	 6	 159	 7	 21	 10	 9	 24	 562	 26	 981	 106	 5	 3	 2220	 198	 5	 3	 234	 3	 3	 10	 3	 5	 3	 3	 5	 3	 1066	 19	 3	 3	 3	 3	 3	 3	 3	 3	 691	 294	 5	 3	
2209	 4470	 931	 3	 3	 3	 3	 3	 515	 515	 515	 515	 515	 515	 3	 3	 3	 3	 515	 515	 515	 515	 515	 515	 515	 515	 515	 515	 515	 515	 515	 515	 3	 515	 3	 515	 5	 3	 3	 3	 3	 3	 3	 3	 3	 515	 3	 3	 515	 3	
40	 8	 316	 200	 125	 9	 43	 2487	 56	 41	 21	 1	 410	 79	 89	 150	 52	 5	 3	 234	 73	 5	 3	 3	 33	 44	 465	 2384	 5	 3	 5	 3	 3	 135	 5	 3	 3	 5	 3	 33	 44	 5	 3	 3	 135	 5	 3	 3	 721	 3	
13	 483	 8	 4	 226	 54	 8	 937	 14	 169	 10	 155	 18	 13	 283	 4	 7	 38	 74	 4	 283	 6	 41	 38	 74	 4	 74	 5	 3	 3	 2020	 22	 1302	 736	 5	 3	 3096	 5	 3	 3	 3	 3	 736	 5	 3	 3	 3	 3	 5	 3	
1	 717	 5	 3	 3	 3	 3	 3	 3	 3	 3	 5	 3	 3	 279	 1710	 29	 27	 5	 3	 1870	 268	 3	 1	 691	 29	 71	 1014	 69	 27	 5	 3	 3	 52	 4253	 1069	 5	 3	 3	 3	 3	 3	 3	 3	 3	 3	 515	 5	 3	 3225	
17	 301	 106	 233	 697	 10	 213	 375	 25	 32	 116	 106	 6	 213	 10	 233	 160	 508	 1081	 139	 11	 4	 240	 160	 1081	 139	 5	 3	 3	 198	 6	 1137	 5	 3	 3	 3	 3	 5	 3	 3	 5	 3	 5	 3	 3	 5	 3	 3	 3	 3	
299	 241	 11	 342	 3	 3	 5	 3	 3	 126	 3	 3	 8	 58	 113	 70	 242	 82	 6	 52	 63	 2610	 36	 25	 85	 34	 49	 94	 82	 6	 1137	 20	 9	 94	 84	 5	 3	 3	 1100	 398	 34	 296	 5	 3	 3	 290	 234	 10	 74	 7	
13	 57	 25	 51	 90	 88	 9	 38	 12	 654	 195	 14	 55	 276	 185	 10	 14	 30	 2998	 35	 28	 94	 7	 86	 15	 6	 432	 357	 204	 197	 5	 3	 55	 255	 1	 33	 984	 11	 141	 78	 5	 3	 192	 3	 103	 3	 151	 5	 3	 3	
19	 127	 1	 13	 36	 109	 225	 17	 179	 640	 81	 309	 26	 8	 58	 124	 829	 8	 57	 521	 339	 4	 104	 381	 599	 22	 291	 11	 30	 52	 5	 3	 3632	 10	 14	 524	 546	 346	 5	 3	 2601	 1697	 333	 8	 57	 5	 3	 3	 5	 3	
13	 16	 11	 51	 9	 43	 8	 412	 20	 8	 68	 38	 167	 11	 653	 38	 17	 45	 76	 5	 3	 3	 3	 173	 527	 653	 38	 14	 55	 5	 3	 3	 3	 568	 146	 19	 434	 274	 177	 29	 75	 754	 536	 9	 27	 5	 3	 3	 122	 3	
20	 1297	 4	 150	 52	 1	 111	 281	 16	 468	 11	 844	 11	 549	 46	 1	 128	 24	 100	 289	 4	 762	 93	 2046	 11	 219	 5	 3	 5	 3	 3	 1332	 5	 3	 3	 5	 3	 3	 3	 3192	 452	 568	 3004	 5	 3	 3	 3	 5	 3	 5	
19	 127	 1	 73	 355	 78	 220	 6	 432	 331	 21	 346	 1	 8	 396	 48	 284	 1756	 1683	 22	 6	 55	 18	 8	 57	 25	 269	 12	 3980	 1498	 3932	 22	 1356	 56	 908	 237	 74	 8	 21	 70	 896	 100	 95	 149	 1	 42	 26	 24	 423	 1109	
8	 37	 2717	 4	 6	 11	 271	 298	 7	 12	 1064	 56	 33	 223	 4	 47	 12	 89	 9	 7	 6	 280	 335	 15	 12	 474	 5	 3	 3	 3	 5	 3	 3	 566	 55	 5	 3	 3	 3	 173	 3	 3	 55	 5	 3	 3	 135	 566	 24	 6	
26	 42	 1	 34	 31	 9	 18	 28	 94	 109	 26	 2606	 5	 3	 3	 234	 10	 796	 60	 6	 9	 18	 28	 820	 38	 14	 35	 738	 39	 70	 308	 109	 5	 3	 3	 3	 84	 296	 5	 3	 234	 3	 1027	 10	 50	 135	 5	 3	 3	 3	
13	 483	 8	 4	 283	 723	 33	 44	 10	 6	 41	 8	 107	 109	 4	 283	 14	 55	 43	 33	 142	 7	 9	 159	 142	 5	 3	 55	 5	 3	 3	 3	 3	 1122	 2132	 0	 0	 0	 0	 0	 0	 0	 0	 0	 0	 0	 0	 0	 0	 0	
13	 16	 61	 132	 9	 4	 2201	 10	 123	 165	 5	 3	 3	 3	 841	 445	 1	 75	 147	 1	 1387	 7	 362	 318	 60	 7	 3367	 159	 5	 3	 3	 1024	 2360	 5	 3	 0	 0	 0	 0	 0	 0	 0	 0	 0	 0	 0	 0	 0	 0	 0	
19	 127	 1	 1242	 16	 21	 4048	 49	 43	 12	 474	 7	 74	 4	 1247	 22	 17	 1920	 1	 688	 688	 59	 11	 30	 847	 7	 198	 17	 122	 22	 12	 129	 5	 3	 3	 289	 3	 135	 3	 3	 169	 169	 52	 144	 5	 3	 3	 3	 135	 3	
13	 47	 6	 178	 9	 1254	 4	 1342	 3353	 3	 1	 1015	 11	 180	 10	 110	 11	 93	 10	 6	 9	 13	 1132	 22	 45	 76	 52	 144	 5	 3	 3	 33	 3	 3	 3	 52	 3	 3	 3	 33	 44	 3	 3	 3	 3	 5	 3	 3	 3	 3	
8	 37	 682	 4	 1070	 14	 46	 40	 6	 103	 645	 16	 32	 158	 4	 389	 12	 131	 59	 11	 12	 98	 7	 59	 5	 3	 3	 3	 3	 1137	 5	 3	 3	 3	 611	 3	 611	 5	 3	 3	 611	 5	 3	 3	 3	 3	 669	 5	 3	 3	
3142	 33	 44	 3	 3	 49	 159	 3	 234	 3	 3	 3	 3	 3	 3	 3	 3	 33	 44	 3	 198	 60	 7	 3	 3	 3	 5	 3	 3	 5	 3	 3	 3	 3	 3	 3	 60	 721	 29	 27	 84	 1	 75	 878	 307	 60	 7	 3	 3	 3	
2731	 1643	 198	 46	 4	 4001	 8	 40	 8	 953	 687	 12	 256	 386	 19	 17	 244	 1	 710	 4	 1414	 12	 230	 4	 275	 6	 230	 18	 8	 953	 1114	 5	 3	 3	 102	 5	 3	 3	 452	 5	 3	 3	 452	 5	 3	 3	 452	 5	 3	 3	
4	 373	 3922	 733	 1	 329	 617	 7	 635	 19	 126	 1	 195	 131	 7	 339	 4	 57	 14	 212	 60	 3	 154	 1219	 980	 19	 2501	 1037	 60	 4324	 1299	 145	 27	 60	 7	 29	 806	 27	 7	 13	 16	 501	 31	 9	 38	 297	 95	 9	 8	 780	
93	 636	 10	 6	 1090	 36	 378	 109	 32	 1139	 19	 1120	 10	 42	 1024	 11	 624	 6	 3878	 207	 10	 62	 381	 406	 1590	 1036	 5	 3	 1590	 534	 5	 3	 721	 3	 721	 3	 3300	 1549	 5	 3	 3	 3	 3	 3	 3	 3	 5	 3	 3	 3	
8	 16	 339	 4	 2352	 134	 66	 1162	 12	 456	 5	 3	 3	 290	 33	 142	 19	 12	 520	 5	 3	 3	 3	 52	 144	 106	 95	 5	 3	 3	 3	 3	 931	 1	 1369	 5	 3	 3	 5	 3	 3	 3	 3	 3	 2109	 721	 5	 3	 3	 3	
110	 797	 2012	 16	 32	 228	 20	 30	 99	 19	 6	 432	 526	 10	 99	 5	 3	 3	 26	 119	 58	 47	 49	 19	 1699	 11	 1339	 83	 202	 5	 3	 3	 27	 5	 3	 3	 253	 2329	 5	 3	 3	 1281	 10	 534	 5	 3	 26	 10	 6	 150	
143	 72	 8	 58	 1985	 110	 11	 248	 10	 6	 9	 55	 63	 3	 3	 148	 577	 1692	 81	 154	 303	 5	 3	 11	 5	 3	 754	 2720	 84	 33	 5	 3	 452	 73	 5	 3	 3	 3	 3	 3	 3	 5	 3	 3	 5	 3	 3	 5	 3	 3	
119	 16	 61	 21	 407	 936	 42	 26	 46	 1013	 145	 10	 50	 513	 37	 243	 4	 21	 17	 50	 91	 11	 453	 17	 477	 630	 1521	 5	 3	 3	 3	 3	 3	 3	 3	 3	 3	 5	 3	 3	 3	 5	 3	 3	 3	 5	 3	 3	 3	 5	
4	 550	 33	 11	 103	 3	 3	 3	 3	 3	 3	 1	 1084	 543	 1	 282	 7	 409	 10	 174	 1	 92	 11	 55	 455	 11	 253	 53	 11	 205	 11	 6	 1918	 158	 1558	 3	 289	 289	 3	 3821	 3	 3	 3	 3	 3	 3	 3	 3	 3	 3	
15	 545	 4	 17	 108	 19	 21	 15	 1207	 52	 144	 259	 5	 3	 150	 52	 345	 29	 71	 1864	 69	 27	 5	 3	 3	 3	 3	 3	 3	 3	 3	 3	 3	 3	 3	 3	 27	 3	 5	 3	 3	 3	 3	 3	 3	 595	 41	 5	 3	 3	
36	 218	 242	 1821	 1632	 1598	 26	 71	 1156	 182	 69	 11	 71	 539	 69	 46	 37	 222	 5	 3	 71	 539	 1	 5	 3	 69	 71	 539	 628	 69	 5	 3	 3	 3	 5	 3	 3	 3	 3	 2591	 3	 3	 3632	 10	 50	 53	 1016	 19	 125	 1246	
72	 13	 120	 6	 31	 9	 3	 36	 439	 3	 439	 3	 3	 24	 8	 5	 3	 3	 515	 106	 6	 102	 10	 614	 13	 329	 4	 8	 24	 39	 5	 3	 227	 68	 721	 10	 33	 5	 3	 452	 982	 3	 3	 3	 611	 611	 611	 611	 227	 611	
89	 9	 1	 42	 26	 12	 98	 1	 65	 59	 1	 527	 59	 1	 527	 59	 1	 136	 102	 11	 30	 246	 9	 16	 32	 228	 20	 14	 377	 7	 482	 52	 5	 3	 3	 1026	 1072	 19	 12	 216	 680	 5	 3	 3	 3	 102	 3	 3	 3	 1535	
79	 186	 306	 4	 982	 683	 19	 12	 773	 15	 445	 1	 11	 15	 445	 5	 3	 3	 5	 3	 3	 5	 3	 3	 5	 3	 5	 3	 3	 5	 3	 3	 5	 3	 3	 5	 3	 3	 5	 3	 3	 154	 303	 879	 5	 3	 27	 5	 3	 3	
8	 58	 277	 7	 890	 11	 2042	 1150	 24	 178	 6	 430	 116	 15	 12	 656	 1	 1055	 1	 7	 1000	 5	 3	 3	 227	 3	 3	 5	 3	 3	 452	 259	 5	 3	 3	 3	 5	 3	 3	 3	 5	 3	 3	 192	 2636	 5	 3	 3	 3	 5	
200	 254	 669	 50	 41	 294	 1	 13	 483	 8	 4	 283	 6	 71	 2190	 69	 1598	 19	 662	 840	 9	 1	 7	 2101	 15	 6	 383	 131	 59	 10	 682	 5	 3	 7	 331	 341	 390	 5	 3	 3	 3643	 0	 0	 0	 0	 0	 0	 0	 0	 0	
741	 13	 21	 495	 46	 4	 373	 6	 414	 10	 6	 619	 10	 14	 52	 707	 109	 4	 542	 255	 784	 5	 3	 3	 186	 1040	 4	 6	 635	 22	 6	 41	 5	 3	 3	 878	 198	 5	 3	 3	 3	 1023	 5	 3	 3	 102	 3	 5	 3	 3	
72	 13	 21	 12	 9	 3	 3	 3	 3	 1378	 408	 3	 63	 3	 3	 33	 1480	 3	 3	 3003	 3	 3	 3	 3	 3	 3	 3	 3	 3	 3	 3	 3	 3	 3	 3	 3	 3	 1703	 1753	 446	 192	 370	 29	 279	 27	 28	 178	 63	 494	 1369	
162	 1	 13	 57	 25	 85	 1	 387	 11	 839	 34	 90	 88	 9	 43	 208	 4	 45	 66	 19	 83	 299	 96	 160	 12	 456	 5	 3	 3	 126	 52	 5	 3	 3	 3	 5	 3	 3	 3	 3	 2196	 5	 3	 3	 3	 3	 3	 3	 3	 27	
689	 1	 8	 58	 25	 193	 38	 355	 894	 10	 167	 8	 104	 11	 269	 14	 522	 5	 3	 3	 669	 5	 3	 3	 3	 3	 52	 165	 5	 3	 3	 3	 568	 406	 241	 145	 568	 4	 143	 70	 568	 4	 47	 95	 182	 38	 8	 337	 413	 17	
13	 983	 622	 1	 512	 7	 422	 427	 4	 120	 12	 31	 9	 450	 1385	 7	 384	 103	 1	 120	 14	 286	 2374	 20	 29	 19	 127	 27	 199	 24	 644	 631	 5	 3	 1012	 5	 3	 3	 3	 3	 841	 28	 158	 4	 191	 17	 1882	 5	 3	 0	
119	 604	 4	 12	 1093	 54	 8	 836	 4	 6	 41	 276	 8	 315	 4	 273	 130	 884	 8	 48	 1164	 5	 3	 3	 906	 1945	 7	 1309	 1716	 41	 398	 293	 43	 72	 8	 37	 635	 897	 906	 58	 32	 5	 3	 3	 41	 5	 3	 3	 122	 3	
578	 355	 1530	 7	 149	 10	 14	 35	 16	 1	 38	 74	 4	 74	 1	 95	 149	 10	 6	 52	 61	 16	 32	 992	 15	 5	 3	 31	 9	 5	 3	 3	 2861	 1040	 1986	 630	 5	 3	 5	 3	 0	 0	 0	 0	 0	 0	 0	 0	 0	 0	
72	 4	 32	 1588	 24	 14	 694	 11	 52	 144	 528	 309	 3	 24	 11	 82	 652	 203	 29	 75	 6	 98	 1	 165	 27	 60	 3	 59	 1	 65	 59	 1	 311	 102	 1	 65	 59	 1	 7	 173	 277	 775	 86	 4	 833	 15	 2815	 20	 6	 777	
13	 16	 61	 238	 833	 95	 9	 18	 112	 25	 391	 257	 1	 410	 8	 16	 21	 4	 2968	 29	 399	 27	 10	 6	 55	 18	 8	 37	 1056	 978	 15	 24	 6	 247	 39	 4	 124	 64	 5	 3	 482	 84	 5	 3	 3	 135	 3	 3	 5	 3	
222	 37	 109	 424	 347	 10	 31	 9	 18	 8	 47	 39	 82	 23	 50	 41	 1657	 5	 3	 3	 611	 1012	 3	 75	 31	 9	 5	 3	 234	 3	 3573	 3605	 3	 84	 55	 3	 664	 7	 64	 28	 1650	 106	 71	 103	 2266	 5	 3	 3	 3	 3	
4	 120	 12	 33	 7	 103	 60	 11	 3	 543	 27	 60	 3	 3	 3	 3	 3	 50	 41	 3	 35	 48	 303	 1329	 5	 3	 3	 5	 3	 3	 870	 845	 50	 5	 3	 3	 5	 3	 3	 41	 5	 3	 3	 3	 3	 5	 3	 3	 3	 41	
9	 159	 7	 21	 3	 3	 3	 3	 1548	 3	 3	 472	 49	 3	 1	 7	 3	 381	 2107	 6	 45	 76	 4	 51	 9	 15	 229	 20	 6	 1523	 52	 8	 21	 5	 3	 3	 346	 253	 1536	 20	 123	 165	 5	 3	 3	 3	 3	 3	 3	 3	
9	 18	 8	 47	 4	 39	 15	 229	 20	 404	 202	 202	 1	 75	 34	 1357	 8	 485	 4	 6	 55	 11	 16	 32	 359	 146	 4	 32	 243	 4	 259	 10	 33	 7	 472	 2989	 22	 20	 366	 179	 1024	 5	 3	 9	 3	 5	 3	 3	 3	 3	
38	 74	 4	 74	 1	 13	 16	 607	 23	 33	 44	 5	 3	 3	 3	 452	 452	 175	 5	 3	 452	 234	 7	 16	 32	 915	 38	 74	 4	 74	 160	 175	 5	 3	 452	 452	 175	 175	 5	 3	 3	 452	 175	 5	 3	 543	 452	 300	 5	 3	
809	 1959	 352	 183	 63	 361	 26	 16	 25	 1539	 6	 554	 10	 34	 351	 160	 536	 6	 209	 4	 68	 1	 301	 16	 437	 6	 178	 652	 97	 142	 128	 378	 6	 367	 71	 449	 69	 178	 6	 193	 69	 212	 15	 6	 65	 5	 3	 3	 3	 656	
23	 525	 1059	 121	 2456	 20	 14	 123	 862	 60	 13	 36	 57	 105	 60	 1229	 147	 163	 346	 11	 1220	 40	 52	 11	 81	 28	 162	 1008	 60	 11	 2110	 6	 117	 10	 35	 73	 6	 74	 156	 15	 101	 60	 621	 2208	 11	 2347	 6	 101	 5	 3	
40	 8	 316	 200	 125	 9	 43	 72	 62	 99	 16	 32	 86	 16	 699	 6	 97	 8	 316	 200	 4	 32	 191	 22	 12	 91	 67	 28	 25	 1272	 4	 32	 10	 97	 22	 23	 41	 5	 3	 3	 169	 97	 5	 3	 3	 3	 50	 135	 5	 3	
95	 1467	 16	 124	 4519	 1276	 284	 9	 82	 12	 129	 11	 19	 1155	 4010	 56	 2012	 22	 6	 1553	 652	 960	 5	 3	 3	 172	 60	 7	 3	 19	 434	 9	 60	 19	 1477	 97	 27	 5	 3	 3	 774	 172	 5	 3	 322	 5	 3	 3	 3	 543	
62	 694	 11	 141	 592	 1446	 1809	 5	 3	 1	 2744	 364	 1	 364	 486	 1	 7	 647	 849	 4	 305	 6	 182	 38	 6	 41	 7	 6	 45	 66	 18	 443	 14	 123	 5	 3	 3	 864	 5	 3	 3	 103	 3	 5	 3	 669	 5	 3	 50	 294	
40	 13	 819	 4	 180	 23	 33	 44	 223	 4	 225	 137	 1	 13	 36	 326	 8	 24	 65	 5	 3	 234	 1	 6	 688	 59	 10	 34	 52	 11	 52	 116	 24	 6	 173	 5	 3	 3	 3	 3	 5	 3	 3	 3	 3	 5	 3	 3	 5	 3	
8	 16	 61	 143	 4	 491	 4	 39	 84	 20	 831	 45	 76	 369	 200	 291	 1	 814	 1	 11	 302	 177	 67	 36	 200	 12	 826	 20	 12	 2193	 81	 5	 3	 3	 3	 1760	 10	 12	 9	 5	 3	 3	 198	 3	 268	 155	 5	 3	 3	 2657	
13	 16	 21	 18	 95	 1020	 10	 1610	 7	 917	 18	 37	 1025	 2902	 20	 375	 153	 93	 1544	 9	 43	 1231	 1	 15	 6	 552	 10	 6	 277	 10	 34	 92	 11	 35	 10	 14	 10	 14	 55	 11	 67	 13	 354	 316	 32	 10	 232	 4	 156	 5	
40	 8	 839	 11	 277	 92	 11	 35	 1	 13	 16	 247	 8	 19	 12	 31	 9	 105	 18	 12	 108	 11	 95	 31	 9	 19	 12	 405	 990	 28	 181	 4	 47	 8	 20	 35	 11	 280	 592	 5	 3	 3	 35	 5	 3	 3	 3	 126	 35	 19	
