19	 69	 81	 22	 14	 41	 1	 363	 6	 1219	 3182	 110	 10	 6	 183	 4	 1	 141	 28	 737	 4	 110	 10	 6	 373	 145	 7	 406	 5	 0	 0	 0	 0	 0	 0	 0	 0	 0	 0	 0	 0	 0	 0	 0	 0	 0	 0	 0	 0	 0	
6	 49	 16	 239	 456	 2027	 42	 26	 50	 135	 1362	 1	 154	 636	 1	 7	 1098	 22	 7	 698	 6	 154	 5	 0	 0	 0	 0	 0	 0	 0	 0	 0	 0	 0	 0	 0	 0	 0	 0	 0	 0	 0	 0	 0	 0	 0	 0	 0	 0	 0	
24	 405	 23	 55	 1	 7	 14	 50	 54	 187	 63	 0	 0	 0	 0	 0	 0	 0	 0	 0	 0	 0	 0	 0	 0	 0	 0	 0	 0	 0	 0	 0	 0	 0	 0	 0	 0	 0	 0	 0	 0	 0	 0	 0	 0	 0	 0	 0	 0	 0	
110	 10	 12	 244	 11	 661	 297	 28	 1271	 4	 5	 0	 0	 0	 0	 0	 0	 0	 0	 0	 0	 0	 0	 0	 0	 0	 0	 0	 0	 0	 0	 0	 0	 0	 0	 0	 0	 0	 0	 0	 0	 0	 0	 0	 0	 0	 0	 0	 0	 0	
13	 61	 16	 52	 9	 38	 7	 15	 228	 21	 14	 120	 7	 12	 618	 7	 9	 43	 300	 164	 19	 110	 10	 14	 164	 5	 0	 0	 0	 0	 0	 0	 0	 0	 0	 0	 0	 0	 0	 0	 0	 0	 0	 0	 0	 0	 0	 0	 0	 0	
137	 7	 1562	 35	 60	 0	 0	 0	 0	 0	 0	 0	 0	 0	 0	 0	 0	 0	 0	 0	 0	 0	 0	 0	 0	 0	 0	 0	 0	 0	 0	 0	 0	 0	 0	 0	 0	 0	 0	 0	 0	 0	 0	 0	 0	 0	 0	 0	 0	 0	
427	 1	 36	 374	 12	 930	 21	 1	 40	 697	 26	 24	 335	 120	 1	 92	 11	 1736	 5	 0	 0	 0	 0	 0	 0	 0	 0	 0	 0	 0	 0	 0	 0	 0	 0	 0	 0	 0	 0	 0	 0	 0	 0	 0	 0	 0	 0	 0	 0	 0	
829	 924	 35	 37	 146	 109	 4	 6	 3379	 10	 17	 1655	 1181	 811	 109	 15	 14	 5	 0	 0	 0	 0	 0	 0	 0	 0	 0	 0	 0	 0	 0	 0	 0	 0	 0	 0	 0	 0	 0	 0	 0	 0	 0	 0	 0	 0	 0	 0	 0	 0	
971	 7	 348	 0	 0	 0	 0	 0	 0	 0	 0	 0	 0	 0	 0	 0	 0	 0	 0	 0	 0	 0	 0	 0	 0	 0	 0	 0	 0	 0	 0	 0	 0	 0	 0	 0	 0	 0	 0	 0	 0	 0	 0	 0	 0	 0	 0	 0	 0	 0	
23	 31	 9	 344	 155	 6	 98	 1	 173	 1	 4760	 1	 1	 267	 7	 178	 1	 188	 1	 188	 1	 7	 5	 0	 0	 0	 0	 0	 0	 0	 0	 0	 0	 0	 0	 0	 0	 0	 0	 0	 0	 0	 0	 0	 0	 0	 0	 0	 0	 0	
