26	 17	 286	 8	 16	 32	 1343	 4	 68	 34	 9	 977	 4	 104	 167	 1728	 82	 12	 50	 91	 54	 8	 37	 2805	 20	 12	 1524	 121	 154	 905	 303	 555	 11	 20	 12	 216	 474	 1	 11	 8	 58	 143	 4	 48	 68	 4	 12	 114	 38	 39	
6	 2085	 16	 32	 907	 16	 153	 31	 9	 42	 26	 98	 7	 512	 98	 1	 15	 101	 4	 47	 17	 125	 801	 7	 1058	 97	 19	 77	 29	 741	 845	 71	 157	 575	 16	 32	 280	 4	 77	 11	 906	 1109	 1	 7	 203	 20	 196	 11	 30	 141	
875	 466	 12	 320	 8	 16	 406	 95	 30	 198	 7	 95	 1053	 13	 16	 47	 4	 39	 11	 16	 57	 105	 24	 115	 11	 30	 302	 322	 11	 47	 8	 20	 209	 4	 2472	 11	 374	 1980	 11	 848	 1304	 14	 11	 14	 52	 241	 15	 343	 1462	 16	
3070	 16	 741	 104	 30	 362	 49	 38	 8	 15	 229	 20	 1024	 11	 1039	 15	 229	 20	 8	 67	 702	 4	 389	 8	 299	 241	 15	 101	 4	 1217	 111	 261	 11	 52	 241	 11	 92	 253	 4	 277	 11	 277	 92	 1477	 15	 101	 4	 325	 20	 12	
7	 68	 12	 31	 9	 36	 32	 613	 24	 70	 568	 19	 1481	 10	 93	 11	 12	 31	 89	 9	 26	 181	 4	 305	 2887	 10	 12	 219	 8	 48	 1706	 15	 4	 32	 1868	 15	 259	 802	 29	 792	 27	 178	 6	 449	 492	 15	 34	 108	 1	 8	
40	 8	 48	 34	 265	 43	 23	 33	 44	 1	 134	 1968	 151	 1	 48	 148	 472	 1	 11	 40	 8	 162	 11	 2712	 6	 1895	 192	 195	 46	 11	 30	 274	 67	 64	 462	 739	 1	 11	 16	 25	 32	 739	 1	 20	 11	 739	 34	 18	 9	 436	
130	 488	 49	 16	 32	 1181	 26	 70	 564	 11	 1489	 93	 10	 111	 467	 11	 12	 1160	 11	 59	 9	 43	 30	 639	 40	 6	 467	 48	 303	 438	 4	 45	 66	 60	 11	 0	 0	 0	 0	 0	 0	 0	 0	 0	 0	 0	 0	 0	 0	 0	
15	 254	 661	 661	 21	 2090	 103	 427	 18	 37	 110	 661	 636	 58	 25	 314	 11	 287	 34	 9	 18	 8	 48	 4	 463	 95	 95	 296	 15	 110	 661	 149	 11	 35	 15	 12	 719	 15	 6	 661	 189	 16	 32	 425	 4	 661	 11	 878	 15	 101	
2079	 446	 399	 29	 140	 25	 106	 3670	 11	 1591	 112	 25	 319	 4	 8	 27	 11	 19	 30	 92	 11	 35	 1	 47	 92	 11	 35	 20	 442	 4	 87	 92	 11	 35	 18	 16	 32	 10	 146	 4	 8	 30	 944	 15	 1119	 20	 11	 570	 18	 8	
8	 58	 32	 2200	 18	 13	 48	 3719	 714	 31	 9	 38	 6	 80	 15	 14	 1784	 1657	 1	 689	 13	 48	 1926	 34	 42	 49	 318	 369	 15	 34	 42	 512	 384	 68	 1	 16	 21	 11	 132	 64	 4	 34	 1250	 11	 18	 148	 90	 88	 9	 28	
26	 248	 10	 14	 2321	 3317	 20	 661	 56	 202	 1	 13	 108	 7	 132	 89	 7	 30	 9	 15	 101	 4	 47	 8	 20	 280	 9	 43	 280	 241	 7	 342	 4	 45	 66	 18	 13	 216	 15	 7	 15	 229	 20	 182	 19	 45	 66	 11	 4	 124	
276	 8	 551	 30	 45	 66	 1	 12	 16	 378	 9	 16	 32	 570	 146	 4	 8	 7	 25	 16	 32	 228	 20	 45	 66	 121	 16	 47	 12	 90	 88	 9	 4	 45	 66	 19	 83	 216	 126	 205	 11	 4	 1136	 39	 4	 560	 11	 285	 12	 9	
13	 16	 132	 12	 31	 9	 40	 8	 1136	 70	 251	 4	 6	 2594	 370	 99	 11	 327	 4	 45	 66	 4	 463	 62	 2335	 1	 9	 43	 8	 1	 11	 116	 23	 9	 4	 39	 24	 208	 1	 121	 16	 48	 536	 9	 43	 8	 309	 11	 15	 4965	
400	 16	 1229	 123	 19	 406	 126	 11	 21	 10	 824	 92	 7	 35	 19	 400	 480	 1230	 480	 1	 480	 1	 1421	 1	 11	 30	 1230	 1036	 1	 387	 261	 11	 52	 1036	 253	 4	 93	 441	 11	 441	 8	 48	 367	 11	 19	 31	 9	 11	 4	 394	
119	 16	 48	 420	 46	 11	 844	 2872	 302	 4	 133	 305	 429	 7	 305	 1483	 11	 15	 1367	 2551	 20	 39	 11	 4	 615	 6	 618	 10	 83	 182	 11	 4	 591	 97	 87	 11	 4	 389	 1038	 87	 11	 97	 19	 97	 29	 356	 1	 1038	 97	 274	
23	 825	 39	 4	 206	 70	 308	 979	 749	 8	 48	 68	 4	 12	 167	 38	 39	 40	 8	 48	 1077	 333	 8	 2149	 8	 48	 1077	 37	 528	 24	 39	 11	 24	 3446	 826	 20	 6	 52	 4	 8	 54	 8	 479	 6	 472	 11	 54	 8	 104	 70	
1063	 4	 39	 73	 185	 10	 14	 2589	 431	 1976	 278	 1	 2004	 58	 109	 193	 2080	 20	 6	 914	 119	 28	 1	 166	 17	 125	 340	 281	 1	 58	 32	 1372	 24	 17	 3330	 3094	 4	 314	 18	 14	 77	 58	 1862	 2919	 1	 109	 5	 0	 0	 0	
13	 16	 104	 31	 9	 43	 8	 38	 30	 561	 15	 101	 4	 186	 39	 4	 239	 8	 6	 92	 11	 35	 8	 926	 396	 32	 10	 232	 4	 8	 29	 741	 849	 4	 26	 248	 11	 26	 511	 67	 13	 16	 695	 22	 95	 772	 11	 165	 27	 4	
2137	 36	 25	 85	 12	 31	 9	 20	 45	 66	 19	 83	 126	 11	 299	 205	 160	 12	 776	 139	 11	 15	 12	 715	 692	 5	 0	 0	 0	 0	 0	 0	 0	 0	 0	 0	 0	 0	 0	 0	 0	 0	 0	 0	 0	 0	 0	 0	 0	 0	
411	 9	 16	 32	 425	 4	 17	 366	 1029	 129	 15	 101	 4	 47	 70	 353	 695	 4	 17	 621	 242	 11	 1418	 20	 30	 9	 4	 32	 598	 15	 11	 309	 38	 12	 30	 31	 9	 54	 8	 11	 208	 121	 48	 116	 9	 20	 12	 546	 11	 30	
8	 58	 575	 1567	 2326	 12	 90	 88	 9	 20	 30	 66	 40	 8	 37	 1817	 1186	 24	 39	 15	 93	 11	 134	 10	 6	 773	 15	 6	 523	 9	 116	 24	 8	 15	 101	 4	 47	 8	 20	 381	 241	 11	 342	 253	 4	 14	 92	 11	 26	 162	
80	 172	 446	 4687	 58	 143	 4	 148	 577	 104	 34	 405	 167	 38	 1821	 1632	 36	 32	 267	 4	 326	 8	 54	 8	 48	 3151	 70	 1830	 22	 185	 11	 125	 185	 84	 11	 878	 73	 34	 74	 140	 36	 25	 32	 267	 4	 143	 25	 4	 104	 42	
297	 268	 20	 49	 282	 7	 214	 103	 0	 0	 0	 0	 0	 0	 0	 0	 0	 0	 0	 0	 0	 0	 0	 0	 0	 0	 0	 0	 0	 0	 0	 0	 0	 0	 0	 0	 0	 0	 0	 0	 0	 0	 0	 0	 0	 0	 0	 0	 0	 0	
110	 92	 11	 35	 16	 25	 32	 4259	 19	 12	 366	 308	 80	 9	 11	 30	 31	 9	 11	 16	 32	 359	 146	 4	 45	 66	 553	 24	 11	 16	 32	 367	 24	 115	 11	 134	 1053	 363	 8	 4	 32	 3389	 243	 4	 34	 949	 93	 11	 34	 1578	
40	 30	 77	 46	 48	 1521	 12	 1751	 9	 15	 12	 80	 189	 1	 25	 353	 64	 28	 724	 110	 435	 396	 194	 570	 626	 7	 16	 32	 876	 15	 17	 249	 343	 1893	 469	 68	 1799	 20	 30	 9	 11	 536	 9	 20	 67	 119	 37	 1166	 4	 12	
72	 58	 372	 285	 444	 9	 7	 444	 678	 0	 0	 0	 0	 0	 0	 0	 0	 0	 0	 0	 0	 0	 0	 0	 0	 0	 0	 0	 0	 0	 0	 0	 0	 0	 0	 0	 0	 0	 0	 0	 0	 0	 0	 0	 0	 0	 0	 0	 0	 0	
1	 431	 154	 303	 1906	 459	 56	 33	 1399	 2018	 18	 23	 33	 44	 7	 142	 48	 303	 1329	 24	 459	 19	 534	 20	 459	 56	 346	 543	 75	 1815	 1	 1861	 7	 520	 166	 6	 159	 7	 21	 10	 12	 31	 9	 29	 75	 12	 31	 9	 27	 146	
14	 535	 16	 32	 1061	 33	 142	 15	 16	 32	 243	 4	 34	 18	 13	 16	 132	 42	 9	 15	 1520	 20	 12	 31	 9	 29	 42	 26	 147	 163	 11	 1387	 163	 9	 11	 742	 81	 9	 27	 11	 253	 9	 16	 32	 425	 4	 45	 66	 1	 15	
28	 587	 4	 4584	 93	 12	 743	 31	 9	 8	 953	 585	 26	 204	 15	 23	 223	 1	 14	 33	 223	 7	 6	 87	 8	 132	 5	 0	 0	 0	 0	 0	 0	 0	 0	 0	 0	 0	 0	 0	 0	 0	 0	 0	 0	 0	 0	 0	 0	 0	
1	 3559	 393	 531	 1003	 1216	 1549	 15	 101	 4	 305	 384	 45	 76	 297	 11	 30	 9	 8	 16	 48	 598	 82	 12	 129	 11	 364	 11	 162	 63	 29	 940	 27	 305	 8	 38	 11	 72	 661	 154	 148	 103	 962	 1	 11	 4	 305	 384	 68	 4	
68	 4	 12	 9	 0	 0	 0	 0	 0	 0	 0	 0	 0	 0	 0	 0	 0	 0	 0	 0	 0	 0	 0	 0	 0	 0	 0	 0	 0	 0	 0	 0	 0	 0	 0	 0	 0	 0	 0	 0	 0	 0	 0	 0	 0	 0	 0	 0	 0	 0	
879	 1039	 1	 891	 4174	 60	 0	 0	 0	 0	 0	 0	 0	 0	 0	 0	 0	 0	 0	 0	 0	 0	 0	 0	 0	 0	 0	 0	 0	 0	 0	 0	 0	 0	 0	 0	 0	 0	 0	 0	 0	 0	 0	 0	 0	 0	 0	 0	 0	 0	
189	 2417	 7	 12	 3327	 163	 81	 81	 9	 29	 356	 1	 8	 36	 32	 158	 4	 415	 70	 65	 59	 15	 12	 98	 11	 311	 102	 27	 0	 0	 0	 0	 0	 0	 0	 0	 0	 0	 0	 0	 0	 0	 0	 0	 0	 0	 0	 0	 0	 0	
40	 8	 316	 200	 4	 210	 1092	 10	 253	 4913	 29	 71	 444	 632	 666	 149	 11	 137	 15	 1	 12	 31	 9	 36	 32	 1438	 523	 1938	 22	 12	 320	 8	 58	 406	 39	 4	 963	 12	 929	 73	 12	 895	 20	 30	 31	 9	 158	 24	 1840	 11	
13	 16	 415	 411	 9	 42	 26	 12	 1284	 98	 11	 790	 379	 11	 15	 17	 95	 2878	 257	 29	 40	 2062	 154	 303	 536	 11	 12	 114	 27	 51	 18	 13	 48	 3307	 537	 1050	 20	 12	 161	 59	 11	 45	 76	 46	 40	 8	 963	 12	 172	 22	
79	 32	 365	 18	 95	 2026	 396	 2806	 15	 424	 1147	 10	 6	 822	 56	 1767	 36	 32	 992	 238	 15	 12	 114	 26	 355	 30	 78	 16	 690	 70	 242	 19	 8	 396	 32	 801	 4	 6	 280	 1381	 77	 11	 19	 17	 95	 10	 14	 92	 11	 35	
71	 386	 49	 69	 29	 399	 27	 3216	 10	 254	 50	 155	 171	 37	 29	 17	 27	 9	 15	 12	 161	 11	 91	 8	 21	 4	 277	 652	 364	 38	 14	 35	 11	 92	 11	 1	 19	 127	 1	 54	 8	 922	 20	 185	 441	 11	 240	 20	 11	 29	
8	 16	 32	 3264	 4	 287	 11	 844	 46	 40	 13	 58	 389	 9	 43	 12	 92	 7	 35	 29	 19	 1624	 9	 11	 274	 12	 296	 22	 12	 114	 11	 50	 274	 369	 75	 12	 161	 59	 27	 4	 273	 12	 161	 59	 333	 403	 14	 78	 7	 82	
2680	 940	 279	 2926	 3020	 1	 734	 0	 0	 0	 0	 0	 0	 0	 0	 0	 0	 0	 0	 0	 0	 0	 0	 0	 0	 0	 0	 0	 0	 0	 0	 0	 0	 0	 0	 0	 0	 0	 0	 0	 0	 0	 0	 0	 0	 0	 0	 0	 0	 0	
494	 7	 383	 98	 0	 0	 0	 0	 0	 0	 0	 0	 0	 0	 0	 0	 0	 0	 0	 0	 0	 0	 0	 0	 0	 0	 0	 0	 0	 0	 0	 0	 0	 0	 0	 0	 0	 0	 0	 0	 0	 0	 0	 0	 0	 0	 0	 0	 0	 0	
158	 24	 115	 11	 15	 34	 2924	 11	 996	 11	 571	 101	 0	 0	 0	 0	 0	 0	 0	 0	 0	 0	 0	 0	 0	 0	 0	 0	 0	 0	 0	 0	 0	 0	 0	 0	 0	 0	 0	 0	 0	 0	 0	 0	 0	 0	 0	 0	 0	 0	
110	 2829	 92	 16	 391	 187	 4	 45	 76	 50	 53	 11	 4	 1259	 9	 166	 92	 1130	 11	 15	 292	 80	 605	 166	 30	 11	 490	 88	 9	 43	 12	 1299	 7	 30	 1272	 45	 66	 16	 32	 1050	 4	 302	 177	 26	 204	 15	 125	 9	 145	 2204	
256	 397	 13	 47	 97	 1580	 2093	 280	 87	 304	 22	 12	 1707	 654	 172	 82	 12	 922	 20	 62	 187	 37	 849	 4	 763	 93	 78	 763	 6	 118	 1	 17	 122	 20	 67	 2137	 182	 11	 92	 11	 30	 78	 48	 17	 87	 222	 8	 58	 283	 22	
176	 1	 578	 46	 48	 303	 191	 15	 17	 2173	 3241	 15	 17	 122	 1	 140	 13	 36	 25	 551	 156	 12	 161	 59	 11	 844	 17	 421	 675	 38	 8	 18	 37	 25	 248	 10	 70	 823	 2878	 1586	 10	 12	 114	 11	 34	 307	 11	 25	 8	 287	
2938	 16	 47	 70	 434	 9	 4	 95	 45	 76	 476	 22	 1047	 220	 12	 1434	 370	 29	 2236	 12	 1049	 4	 6	 33	 44	 27	 11	 4	 12	 480	 9	 15	 229	 20	 12	 761	 73	 67	 8	 48	 1049	 4	 104	 434	 9	 43	 12	 761	 84	 11	
4	 550	 534	 20	 1084	 543	 7	 666	 543	 1	 75	 1815	 1	 31	 2720	 10	 280	 666	 142	 7	 253	 674	 253	 9	 15	 6	 1918	 15	 67	 13	 247	 19	 70	 65	 59	 11	 65	 59	 11	 17	 108	 19	 92	 11	 35	 11	 30	 241	 17	 141	
1	 933	 0	 0	 0	 0	 0	 0	 0	 0	 0	 0	 0	 0	 0	 0	 0	 0	 0	 0	 0	 0	 0	 0	 0	 0	 0	 0	 0	 0	 0	 0	 0	 0	 0	 0	 0	 0	 0	 0	 0	 0	 0	 0	 0	 0	 0	 0	 0	 0	
40	 8	 57	 25	 339	 4	 827	 837	 56	 46	 11	 50	 215	 11	 4	 143	 12	 31	 9	 25	 436	 116	 79	 32	 283	 7	 86	 4	 68	 95	 31	 9	 8	 47	 4	 39	 24	 573	 9	 34	 87	 43	 8	 324	 74	 1	 79	 57	 25	 21	
1048	 154	 2035	 15	 70	 1040	 212	 4	 111	 49	 159	 38	 70	 118	 229	 84	 7	 82	 6	 118	 1339	 1046	 364	 67	 1723	 6	 9	 94	 106	 6	 667	 38	 67	 8	 48	 303	 0	 0	 0	 0	 0	 0	 0	 0	 0	 0	 0	 0	 0	 0	
3181	 154	 111	 84	 97	 1032	 20	 6	 249	 193	 45	 76	 56	 318	 147	 163	 49	 20	 70	 2504	 1300	 5	 0	 0	 0	 0	 0	 0	 0	 0	 0	 0	 0	 0	 0	 0	 0	 0	 0	 0	 0	 0	 0	 0	 0	 0	 0	 0	 0	 0	
361	 19	 95	 2842	 10	 629	 100	 23	 1137	 1	 12	 2844	 65	 678	 37	 70	 1928	 248	 10	 18	 81	 4	 823	 70	 81	 4	 47	 8	 20	 2173	 662	 884	 15	 101	 4	 1567	 12	 216	 2419	 12	 81	 38	 1470	 678	 220	 355	 30	 678	 18	 13	
6	 2085	 112	 25	 48	 34	 11	 47	 34	 31	 9	 11	 34	 90	 536	 9	 43	 249	 496	 11	 658	 121	 48	 1049	 4	 6	 249	 906	 75	 6	 2911	 11	 1235	 775	 11	 30	 1904	 1509	 38	 6	 49	 1365	 11	 68	 4	 6	 118	 1	 75	 140	
967	 27	 597	 17	 80	 56	 101	 11	 108	 60	 0	 0	 0	 0	 0	 0	 0	 0	 0	 0	 0	 0	 0	 0	 0	 0	 0	 0	 0	 0	 0	 0	 0	 0	 0	 0	 0	 0	 0	 0	 0	 0	 0	 0	 0	 0	 0	 0	 0	 0	
1699	 2295	 1081	 139	 0	 0	 0	 0	 0	 0	 0	 0	 0	 0	 0	 0	 0	 0	 0	 0	 0	 0	 0	 0	 0	 0	 0	 0	 0	 0	 0	 0	 0	 0	 0	 0	 0	 0	 0	 0	 0	 0	 0	 0	 0	 0	 0	 0	 0	 0	
1682	 16	 51	 90	 88	 9	 43	 8	 18	 13	 48	 94	 11	 16	 143	 4	 206	 8	 43	 12	 114	 11	 30	 129	 11	 129	 9	 1	 16	 32	 1128	 11	 15	 34	 629	 11	 384	 45	 3974	 58	 32	 1079	 235	 5	 0	 0	 0	 0	 0	 0	
40	 8	 316	 200	 4	 344	 12	 320	 43	 25	 881	 23	 9	 43	 2635	 11	 34	 248	 10	 6	 453	 11	 97	 316	 90	 29	 11	 70	 242	 11	 254	 90	 88	 9	 8	 316	 316	 32	 254	 1272	 316	 200	 4	 186	 242	 11	 242	 377	 58	 25	
0	 0	 0	 0	 0	 0	 0	 0	 0	 0	 0	 0	 0	 0	 0	 0	 0	 0	 0	 0	 0	 0	 0	 0	 0	 0	 0	 0	 0	 0	 0	 0	 0	 0	 0	 0	 0	 0	 0	 0	 0	 0	 0	 0	 0	 0	 0	 0	 0	 0	
46	 58	 439	 32	 2764	 11	 32	 349	 4	 17	 366	 129	 11	 50	 91	 237	 74	 119	 58	 32	 283	 1	 11	 887	 4	 283	 6	 280	 97	 15	 34	 357	 11	 58	 32	 1051	 15	 17	 366	 91	 11	 17	 537	 4	 1662	 11	 4	 389	 70	 300	
13	 16	 65	 2337	 2074	 153	 93	 342	 7	 30	 1432	 441	 82	 14	 758	 29	 11	 849	 4	 26	 248	 10	 14	 297	 10	 9	 11	 1405	 1806	 4	 1713	 27	 1	 172	 11	 656	 1055	 11	 47	 8	 20	 97	 1	 9	 43	 14	 92	 11	 35	 11	
13	 16	 132	 9	 11	 292	 9	 4	 45	 66	 121	 463	 95	 2335	 1	 7	 16	 985	 20	 34	 364	 253	 4	 6	 400	 50	 53	 11	 15	 101	 4	 47	 157	 43	 92	 11	 35	 8	 48	 621	 20	 17	 45	 76	 154	 4488	 20	 11	 196	 22	
12	 188	 324	 12	 31	 9	 16	 32	 3401	 24	 34	 351	 121	 108	 39	 316	 32	 4	 2435	 8	 24	 3873	 11	 30	 752	 29	 71	 34	 351	 11	 45	 76	 69	 27	 4	 32	 267	 4	 206	 11	 206	 511	 351	 11	 4	 32	 801	 4	 1162	 11	
986	 105	 16	 482	 12	 31	 9	 15	 12	 91	 1112	 11	 30	 302	 353	 122	 9	 29	 71	 12	 161	 59	 69	 27	 16	 32	 280	 4	 7	 130	 9	 16	 32	 511	 4	 32	 249	 4	 8	 304	 15	 12	 1633	 2713	 4	 78	 11	 30	 35	 396	
62	 45	 66	 36	 1500	 4	 2109	 56	 282	 26	 191	 138	 15	 6	 1023	 10	 1578	 1932	 2227	 1	 85	 6	 31	 49	 22	 62	 735	 20	 6	 351	 56	 473	 11	 170	 771	 333	 236	 34	 9	 11	 516	 22	 3132	 11	 556	 19	 634	 21	 5	 0	
797	 153	 291	 596	 149	 67	 16	 32	 95	 157	 54	 280	 4	 14	 97	 7	 58	 153	 17	 212	 4	 343	 1893	 296	 29	 843	 5	 451	 947	 1	 11	 3604	 145	 27	 5	 27	 0	 0	 0	 0	 0	 0	 0	 0	 0	 0	 0	 0	 0	 0	
