23	 44	 16	 32	 1532	 38	 74	 4	 74	 160	 508	 175	 5	 3	 3	 2509	 1	 29	 1294	 27	 683	 10	 5	 3	 3	 346	 5	 3	 3	 634	 5	 3	 3	 1180	 5	 3	 3	 3	 5	 3	 3	 3	 5	 3	 3	 5	 3	 3	 5	 3	
42	 428	 9	 58	 32	 94	 43	 70	 88	 623	 5	 3	 3	 253	 1100	 255	 5	 3	 3	 102	 10	 1624	 173	 1624	 601	 126	 397	 5	 3	 126	 3	 299	 2698	 1	 509	 5	 3	 245	 58	 32	 86	 4	 113	 6	 261	 4	 17	 351	 54	 181	
40	 8	 48	 1056	 1588	 6	 45	 76	 150	 9	 1	 75	 411	 49	 1	 20	 442	 4	 6	 251	 10	 12	 9	 67	 13	 48	 43	 6	 990	 28	 86	 19	 6	 432	 207	 19	 67	 64	 462	 438	 5	 3	 3	 227	 2491	 52	 5	 3	 3	 2360	
14	 33	 44	 16	 180	 14	 117	 10	 52	 73	 34	 74	 5	 3	 3	 1016	 28	 146	 22	 23	 55	 7	 18	 28	 726	 6	 76	 1234	 6	 2556	 7	 16	 194	 6	 97	 7	 126	 117	 10	 23	 33	 44	 5	 3	 3	 3	 3	 3	 3	 2636	
8	 37	 221	 19	 1639	 6	 117	 10	 21	 10	 6	 1537	 117	 8	 262	 5	 3	 3	 3	 333	 868	 34	 31	 9	 5	 3	 3	 290	 1027	 3	 1027	 3	 5	 3	 3	 3	 5	 3	 3	 3	 3	 173	 5	 3	 3	 3	 3	 3	 3	 3	
12	 546	 145	 21	 10	 6	 52	 1727	 4	 18	 56	 291	 33	 223	 28	 12	 1884	 1760	 7	 1295	 56	 1760	 10	 23	 9	 7	 22	 1356	 56	 52	 5	 3	 3	 995	 1	 340	 19	 2594	 1411	 1	 2334	 1	 652	 29	 75	 3184	 7	 192	 1015	 27	
575	 1	 6	 1655	 1026	 16	 143	 4	 47	 110	 11	 93	 10	 6	 77	 145	 65	 250	 30	 77	 16	 47	 4	 124	 34	 656	 11	 195	 131	 5	 3	 59	 10	 23	 524	 5	 3	 234	 10	 982	 683	 5	 3	 58	 3	 5	 3	 5	 3	 1692	
4	 321	 4	 12	 101	 11	 1323	 92	 7	 35	 18	 13	 47	 8	 36	 152	 60	 3	 3	 1107	 60	 3	 60	 3	 803	 60	 7	 319	 4	 30	 92	 11	 35	 60	 11	 3	 147	 775	 5	 3	 3	 3	 1641	 27	 3	 668	 5	 3	 3	 3	
79	 107	 23	 55	 779	 4	 224	 83	 33	 151	 7	 117	 10	 21	 7	 142	 5	 3	 33	 1023	 5	 3	 3	 33	 44	 5	 3	 3	 151	 19	 293	 1	 67	 3315	 232	 3995	 1	 7	 398	 34	 31	 9	 8	 132	 5	 3	 3	 3	 1012	 5	
200	 2425	 46	 1	 420	 46	 37	 4461	 26	 426	 390	 22	 12	 114	 5	 3	 3	 4692	 495	 71	 69	 5	 3	 329	 3	 227	 71	 46	 69	 5	 3	 74	 52	 29	 71	 69	 27	 5	 3	 3	 3	 173	 515	 5	 3	 3	 645	 5	 3	 2132	
2811	 56	 33	 44	 58	 415	 7	 314	 18	 9	 18	 13	 501	 82	 6	 41	 16	 32	 566	 24	 39	 11	 878	 5	 3	 24	 78	 566	 24	 39	 878	 5	 3	 220	 14	 616	 123	 5	 3	 3	 878	 5	 3	 3	 123	 3300	 60	 3	 26	 313	
404	 202	 11	 40	 13	 124	 17	 416	 137	 4	 8	 698	 452	 26	 511	 1	 8	 16	 415	 70	 81	 7	 327	 12	 89	 9	 5	 3	 26	 98	 1	 65	 59	 7	 931	 59	 5	 3	 525	 52	 59	 5	 3	 192	 59	 5	 3	 3	 150	 52	
254	 10	 62	 187	 7	 157	 37	 116	 24	 111	 258	 5	 3	 3	 1076	 169	 78	 5	 3	 2543	 3	 5	 3	 3	 2249	 173	 50	 203	 268	 5	 3	 72	 8	 57	 23	 5	 3	 3	 3	 3	 669	 50	 135	 5	 3	 3	 50	 3	 3	 3	
119	 16	 32	 830	 15	 14	 1912	 612	 482	 203	 1	 7	 119	 16	 2178	 1642	 23	 9	 20	 30	 49	 7	 49	 20	 49	 38	 45	 66	 5	 3	 3	 3300	 102	 5	 3	 3	 3632	 10	 111	 77	 37	 3371	 7	 106	 130	 188	 6	 33	 172	 77	
148	 563	 774	 49	 404	 34	 1342	 152	 3	 3	 2563	 1	 1180	 1	 947	 10	 7	 260	 1210	 82	 34	 10	 6	 97	 28	 5	 3	 3	 1870	 3	 3	 3	 5	 3	 3	 1	 4781	 17	 126	 261	 125	 1058	 4	 6	 97	 165	 408	 5	 3	 3	
8	 16	 549	 6	 1523	 52	 38	 14	 1523	 52	 135	 5	 3	 63	 3	 443	 6	 178	 122	 5	 3	 264	 3	 198	 60	 7	 443	 6	 46	 5	 3	 654	 22	 14	 78	 82	 12	 21	 10	 6	 35	 5	 3	 2132	 443	 242	 717	 5	 3	 3	
6	 2114	 1528	 35	 16	 394	 6	 50	 155	 8	 500	 337	 100	 6	 41	 1	 67	 155	 37	 703	 24	 7	 6	 187	 8	 217	 1	 7	 647	 471	 6	 618	 10	 14	 157	 5	 3	 3	 3	 3	 357	 196	 7	 299	 165	 5	 3	 3	 122	 3	
72	 8	 58	 68	 11	 560	 12	 9	 3	 24	 3	 3	 1057	 1776	 169	 3	 3	 227	 3	 5	 3	 3	 1692	 185	 10	 14	 84	 733	 5	 3	 3	 227	 3	 3	 3	 3	 3	 3	 3	 3	 3	 3	 3	 5	 3	 3	 4373	 3	 71	 369	
1198	 20	 185	 10	 6	 178	 370	 63	 3	 2212	 1	 611	 3	 63	 3	 17	 1986	 1	 63	 1	 3	 1	 279	 71	 372	 1146	 69	 63	 3	 71	 17	 5	 1	 29	 71	 372	 5	 69	 3	 3	 3	 669	 3	 3	 3	 3	 3	 3	 44	 227	
1232	 63	 863	 10	 33	 3	 3	 192	 1123	 3	 33	 44	 3	 2698	 3	 3	 33	 44	 3	 3	 3	 3	 3	 3	 3	 3	 3	 3	 3	 3	 346	 3	 41	 3	 3	 3	 691	 53	 3	 3	 3	 3	 3	 3	 1586	 5	 3	 3	 3	 3	
337	 1001	 22	 254	 78	 145	 7	 21	 10	 62	 457	 177	 28	 90	 88	 7	 28	 90	 88	 24	 110	 10	 23	 28	 436	 86	 24	 6	 331	 168	 22	 6	 41	 4	 32	 5	 3	 3	 3	 3	 5	 3	 3	 3	 3	 495	 5	 3	 3	 3	
23	 33	 223	 751	 72	 2550	 4342	 9	 94	 54	 8	 21	 6	 2550	 524	 5	 3	 3	 3	 3	 3	 3	 3	 1180	 5	 3	 3	 3	 3	 3	 1180	 5	 3	 3	 3	 3	 1180	 5	 3	 3	 3	 3	 268	 5	 3	 3	 3	 3	 5	 3	
4	 186	 1034	 776	 1	 717	 5	 3	 3	 3	 3	 3	 3	 3710	 29	 71	 242	 69	 27	 5	 3	 3	 3	 3	 3	 3	 3	 1034	 4368	 5	 3	 3	 3	 3	 3	 3	 55	 5	 3	 3	 3	 3	 3	 3	 3	 5	 3	 3	 3	 3	
8	 16	 191	 12	 50	 91	 4	 2537	 8	 43	 1561	 4	 607	 11	 287	 46	 18	 16	 699	 12	 11	 46	 106	 30	 448	 1	 40	 986	 105	 16	 61	 305	 8	 38	 42	 17	 114	 38	 6	 539	 46	 15	 12	 513	 5	 3	 3	 3	 268	 5	
371	 12	 836	 623	 20	 6	 1849	 10	 12	 1586	 1	 28	 300	 20	 16	 32	 1607	 4	 12	 91	 230	 5	 3	 3	 122	 42	 26	 12	 91	 230	 5	 3	 1307	 1739	 5	 3	 49	 3	 5	 3	 411	 49	 5	 3	 234	 10	 49	 18	 12	 91	
9	 8	 3357	 15	 125	 43	 62	 1263	 16	 32	 24	 30	 189	 9	 1186	 47	 4	 39	 1	 42	 26	 12	 98	 1	 89	 172	 7	 52	 172	 54	 8	 217	 22	 14	 78	 5	 3	 3	 3	 3	 3	 3	 5	 3	 3	 3	 3	 3	 3	 3	
79	 32	 365	 18	 95	 368	 7	 149	 10	 589	 53	 16	 363	 110	 11	 110	 30	 519	 8	 16	 728	 72	 58	 549	 23	 9	 159	 11	 924	 24	 855	 12	 172	 230	 22	 6	 52	 5	 3	 33	 230	 5	 69	 3	 5	 3	 3	 911	 2132	 5	
135	 545	 514	 1	 2010	 1	 1110	 1	 7	 34	 30	 78	 3	 3	 3	 3	 3	 3	 3	 3	 3	 3	 3	 3	 3	 3	 3	 3	 3	 3	 4253	 1	 691	 29	 901	 27	 5	 3	 3	 52	 289	 29	 71	 647	 71	 3	 69	 27	 3	 3	
71	 182	 69	 28	 17	 919	 18	 112	 25	 25	 32	 376	 12	 266	 24	 12	 50	 91	 5	 3	 3	 3373	 99	 3	 24	 116	 24	 8	 5	 3	 3	 274	 50	 135	 5	 3	 3	 3	 253	 50	 379	 5	 3	 3	 3	 3	 3	 3	 3	 3	
134	 99	 18	 985	 15	 6	 447	 1	 42	 26	 517	 11	 113	 8	 95	 35	 5	 3	 3	 80	 35	 60	 3	 3	 2541	 60	 7	 60	 491	 293	 60	 2052	 7	 97	 172	 60	 3	 1450	 149	 27	 7	 47	 150	 52	 60	 3	 374	 2445	 860	 60	
13	 16	 61	 21	 420	 1269	 29	 61	 849	 4	 26	 71	 530	 69	 71	 46	 69	 27	 7	 253	 4	 6	 108	 7	 95	 31	 9	 7	 302	 9	 38	 74	 4	 74	 5	 3	 192	 19	 150	 52	 5	 69	 3	 3	 957	 52	 5	 3	 302	 3	
40	 6	 564	 2686	 81	 49	 28	 1000	 1	 479	 128	 2279	 1	 410	 306	 4	 39	 26	 70	 1134	 11	 1134	 5	 3	 3	 3	 3	 3	 1981	 2020	 106	 6	 259	 10	 5	 3	 3	 5	 3	 3	 3	 3	 3	 207	 3	 3	 5	 3	 3	 3	
62	 46	 37	 231	 220	 12	 91	 5	 3	 3	 3	 24	 6	 407	 3298	 3298	 4	 273	 23	 41	 5	 3	 0	 0	 0	 0	 0	 0	 0	 0	 0	 0	 0	 0	 0	 0	 0	 0	 0	 0	 0	 0	 0	 0	 0	 0	 0	 0	 0	 0	
64	 465	 4	 93	 10	 6	 498	 78	 7	 10	 17	 31	 7	 3735	 567	 5	 3	 3	 75	 1	 726	 111	 216	 1	 431	 29	 71	 174	 69	 27	 5	 3	 3	 173	 566	 7	 1439	 1554	 69	 1499	 69	 39	 41	 5	 69	 3	 135	 3	 5	 3	
689	 1	 13	 36	 25	 387	 1	 1325	 11	 2687	 12	 49	 1	 85	 64	 1	 835	 897	 1	 11	 2134	 31	 9	 5	 3	 106	 34	 3	 5	 3	 3	 3	 5	 3	 3	 5	 3	 3	 5	 3	 3	 5	 3	 3	 5	 3	 3	 5	 3	 0	
19	 12	 444	 189	 719	 1	 6	 2174	 56	 863	 16	 124	 662	 68	 4	 6	 9	 18	 28	 181	 19	 6	 2417	 7	 857	 10	 6	 286	 3382	 5	 3	 2698	 158	 106	 6	 244	 27	 5	 3	 3	 5	 3	 3	 3	 2698	 1349	 29	 237	 662	 27	
4	 740	 7	 174	 434	 21	 14	 7	 124	 64	 2003	 253	 4	 12	 81	 1	 42	 26	 9	 253	 4	 80	 447	 1	 79	 1144	 446	 224	 1	 22	 6	 35	 5	 3	 3	 3	 3	 3	 1577	 5	 3	 3	 3	 3	 227	 3	 41	 5	 3	 3	
6	 90	 88	 9	 8	 47	 11	 398	 15	 229	 20	 6	 623	 29	 647	 1	 71	 635	 453	 1	 69	 623	 9	 1	 26	 313	 26	 6	 358	 19	 67	 20	 8	 27	 5	 3	 3	 640	 29	 647	 1	 71	 1674	 69	 27	 5	 3	 3	 3	 3	
13	 47	 148	 9	 43	 3858	 7	 560	 9	 220	 982	 683	 5	 3	 3	 15	 185	 11	 125	 10	 14	 84	 925	 447	 1	 323	 1416	 1	 1594	 1416	 1	 11	 30	 179	 192	 5	 3	 5	 3	 3	 3	 5	 3	 2016	 3	 3	 3	 3	 3	 135	
40	 8	 48	 265	 43	 62	 923	 73	 6	 946	 10	 23	 44	 1	 79	 89	 39	 5	 3	 3	 1865	 3	 565	 565	 29	 237	 446	 565	 27	 65	 52	 1	 2787	 5	 3	 3	 2363	 5	 3	 28	 267	 4	 63	 3	 2374	 5	 3	 5	 3	 3	
3	 3978	 154	 148	 68	 4	 31	 9	 11	 171	 13	 2242	 4	 251	 64	 4	 17	 45	 76	 15	 229	 20	 42	 17	 516	 11	 111	 52	 5	 3	 3	 3	 1	 140	 25	 268	 4	 17	 512	 11	 302	 282	 10	 6	 3	 173	 5	 3	 3	 3	
13	 57	 51	 90	 88	 49	 7	 201	 14	 55	 1973	 7	 167	 5	 3	 198	 50	 215	 15	 563	 605	 4	 51	 563	 9	 43	 255	 19	 78	 10	 14	 169	 5	 3	 109	 1012	 3	 2370	 19	 258	 60	 119	 16	 391	 30	 1238	 9	 253	 4	 576	
161	 250	 37	 741	 477	 4	 90	 88	 9	 5	 3	 3	 102	 5	 3	 3	 3	 5	 3	 135	 38	 878	 166	 6	 2087	 436	 686	 5	 3	 3	 3	 3	 3	 5	 3	 0	 0	 0	 0	 0	 0	 0	 0	 0	 0	 0	 0	 0	 0	 0	
420	 46	 63	 13	 21	 420	 46	 4	 184	 6	 9	 13	 51	 22	 156	 15	 101	 4	 2131	 6	 78	 7	 4	 389	 1504	 9	 5	 3	 35	 52	 5	 3	 748	 59	 5	 3	 3	 55	 38	 67	 6	 35	 28	 86	 5	 3	 3	 947	 3	 5	
2385	 402	 110	 9	 82	 1187	 18	 437	 14	 1117	 346	 22	 6	 1303	 10	 2118	 92	 7	 13	 247	 8	 19	 71	 12	 69	 65	 59	 28	 438	 73	 6	 74	 981	 73	 6	 74	 6	 9	 28	 94	 5	 3	 3	 3	 3	 3	 69	 3	 5	 3	
15	 245	 1	 6	 168	 7	 16	 638	 15	 6	 205	 18	 8	 16	 48	 73	 3354	 5	 3	 3	 5	 3	 234	 10	 434	 297	 60	 164	 655	 191	 650	 15	 83	 189	 1005	 5	 3	 3	 982	 5	 3	 135	 5	 3	 3	 259	 3	 5	 3	 3	
6	 608	 52	 144	 16	 741	 32	 86	 19	 92	 11	 35	 8	 354	 16	 32	 10	 232	 4	 2602	 1	 19	 127	 95	 2392	 2602	 638	 22	 12	 205	 22	 62	 155	 5	 3	 3	 3	 3	 3	 3	 3	 3	 3	 719	 5	 3	 3	 3	 3	 3	
58	 372	 107	 2296	 56	 55	 227	 3	 71	 46	 5	 3	 69	 253	 35	 60	 7	 3	 923	 172	 3	 499	 541	 5	 3	 0	 0	 0	 0	 0	 0	 0	 0	 0	 0	 0	 0	 0	 0	 0	 0	 0	 0	 0	 0	 0	 0	 0	 0	 0	
361	 19	 553	 115	 484	 1685	 11	 1685	 5	 3	 26	 313	 26	 80	 919	 15	 1982	 559	 7	 37	 25	 1186	 4	 408	 22	 83	 272	 4	 132	 125	 31	 9	 4	 62	 53	 5	 3	 3	 3	 543	 4	 120	 6	 33	 10	 208	 5	 3	 3	 35	
30	 1424	 3109	 3	 5	 3	 569	 2437	 5	 3	 2424	 33	 175	 29	 33	 27	 353	 1602	 279	 1025	 1122	 1560	 5	 3	 28	 70	 1479	 4	 111	 1256	 38	 236	 111	 97	 1708	 5	 3	 3	 1046	 1	 166	 67	 28	 6	 2674	 350	 1406	 6	 346	 5	
6	 49	 94	 16	 32	 86	 24	 39	 4	 1240	 12	 2180	 19	 17	 350	 343	 7	 482	 70	 1299	 1	 201	 14	 414	 1	 452	 7	 30	 588	 503	 172	 4	 201	 14	 52	 5	 3	 3	 3	 775	 3	 3	 3	 3	 3	 486	 3	 1927	 39	 4	
185	 10	 14	 84	 440	 28	 621	 4	 72	 13	 184	 7	 21	 9	 43	 8	 1	 67	 825	 14	 616	 2450	 7	 147	 35	 22	 12	 272	 1	 277	 7	 668	 5	 3	 3	 3	 150	 52	 5	 3	 241	 26	 821	 24	 14	 150	 5	 3	 3	 3	
29	 71	 1689	 5	 69	 27	 33	 44	 5	 3	 17	 33	 223	 465	 4	 83	 340	 1174	 1799	 29	 15	 245	 1	 1391	 27	 1	 457	 503	 67	 92	 7	 35	 29	 647	 6	 55	 1	 75	 6	 65	 173	 27	 5	 3	 3	 3	 52	 1152	 5	 3	
13	 68	 6	 9	 8	 47	 15	 17	 547	 11	 472	 13	 21	 4	 133	 305	 1279	 10	 12	 7	 208	 121	 13	 48	 116	 450	 83	 5	 3	 2458	 1965	 6	 65	 59	 10	 12	 581	 5	 3	 3	 3	 3	 989	 70	 1693	 619	 18	 464	 8	 4	
4	 224	 6	 31	 9	 8	 48	 116	 4	 39	 43	 8	 24	 701	 39	 24	 1773	 12	 172	 1	 8	 58	 285	 12	 81	 230	 82	 12	 81	 279	 263	 11	 1277	 5	 3	 133	 1497	 92	 1	 35	 11	 369	 5	 3	 3	 192	 1024	 5	 3	 3	
19	 110	 2895	 11	 2173	 720	 119	 339	 4	 104	 12	 914	 1	 79	 217	 222	 3	 2861	 89	 20	 30	 451	 12	 59	 227	 1007	 565	 1012	 198	 7	 65	 6	 71	 113	 897	 1202	 146	 69	 7	 29	 1846	 27	 6	 383	 3110	 59	 191	 650	 15	 14	
495	 46	 58	 32	 1018	 24	 178	 12	 71	 193	 69	 5	 3	 3	 3	 1497	 1	 24	 178	 1983	 5	 3	 1983	 1983	 197	 5	 3	 3	 123	 279	 5	 3	 191	 5	 3	 3	 122	 5	 3	 3	 3	 3	 3	 5	 3	 3	 3	 379	 1066	 3	
13	 51	 23	 9	 19	 685	 21	 5	 3	 3	 3	 2360	 27	 5	 3	 192	 81	 5	 3	 60	 7	 775	 19	 237	 30	 55	 2181	 19	 6	 96	 10	 100	 42	 9	 5	 3	 2329	 5	 3	 3	 3	 150	 52	 5	 3	 3	 3	 1023	 5	 3	
2079	 931	 4133	 3	 3	 3	 3	 3	 1966	 2079	 446	 792	 3	 279	 3	 1	 69	 3	 3	 691	 3	 187	 3	 3	 3	 3	 3	 565	 3	 3	 3	 654	 223	 3	 3	 3	 50	 53	 3	 5	 3	 173	 3	 3	 50	 53	 5	 3	 3	 3	
19	 127	 1	 13	 16	 68	 110	 30	 38	 12	 161	 59	 38	 67	 8	 68	 14	 41	 1	 54	 8	 341	 15	 1	 6	 46	 1866	 14	 412	 114	 29	 70	 747	 38	 27	 5	 3	 3	 3	 3	 41	 5	 3	 3	 3	 3	 3	 3	 3	 3	
72	 13	 21	 446	 85	 6	 9	 94	 3	 3	 3	 3	 3	 3	 3	 3	 3	 227	 3	 837	 3	 3	 2119	 3	 3	 3	 3	 3	 3	 3	 3	 3	 3	 3	 3	 3	 3	 3	 3	 3	 3	 3	 1146	 3	 3	 3	 539	 1	 837	 56	
1013	 1	 14	 55	 58	 25	 7	 47	 8	 20	 17	 393	 84	 211	 19	 93	 258	 5	 3	 1	 103	 2743	 19	 123	 224	 5	 3	 3	 4174	 5	 3	 3	 5	 3	 3	 3	 3	 3	 5	 3	 3	 4691	 5	 3	 3	 3	 3	 5	 3	 2722	
404	 202	 8	 16	 32	 158	 4	 47	 95	 1112	 90	 88	 9	 29	 356	 1	 98	 1	 131	 59	 1	 7	 790	 379	 27	 1	 7	 12	 90	 88	 90	 88	 9	 145	 172	 15	 18	 189	 1	 2093	 8	 65	 250	 5	 3	 3	 3	 3	 5	 3	
72	 13	 85	 12	 31	 9	 16	 153	 9	 18	 16	 32	 94	 43	 8	 63	 3	 952	 1	 50	 545	 514	 1	 476	 3163	 1	 952	 1	 479	 899	 952	 1	 642	 39	 20	 777	 10	 157	 5	 3	 3	 295	 3	 1219	 3	 642	 8	 15	 1483	 7	
13	 238	 51	 95	 428	 9	 38	 12	 114	 20	 18	 129	 1	 161	 59	 1	 118	 52	 332	 1	 12	 136	 129	 7	 6	 118	 42	 26	 17	 55	 1946	 8	 1	 200	 110	 38	 6	 118	 1	 118	 748	 59	 5	 3	 503	 172	 7	 6	 50	 1046	
970	 56	 420	 1352	 63	 110	 149	 10	 6	 589	 53	 16	 51	 110	 347	 10	 31	 49	 5	 3	 234	 73	 6	 589	 53	 145	 77	 145	 657	 5	 3	 234	 54	 590	 6	 41	 5	 3	 234	 3	 3	 191	 650	 197	 5	 3	 3	 3300	 59	 15	
3104	 28	 17	 263	 10	 3734	 112	 481	 113	 6	 9	 5	 3	 3	 290	 17	 125	 2281	 179	 169	 97	 1188	 276	 6	 524	 28	 1695	 24	 6	 280	 1023	 10	 7	 283	 6	 49	 5	 3	 3	 1137	 3	 3	 1137	 146	 5	 3	 3	 5	 3	 135	
713	 6	 1021	 10	 12	 172	 37	 204	 15	 72	 3756	 36	 152	 31	 49	 38	 8	 60	 3	 38	 12	 107	 5	 3	 3	 3	 3	 3	 50	 41	 27	 60	 3	 3	 102	 3	 322	 7	 124	 401	 22	 6	 41	 5	 3	 3	 3	 3	 3	 3	
110	 513	 57	 25	 273	 110	 205	 22	 12	 114	 1	 11	 16	 32	 1097	 19	 8	 5	 3	 295	 2182	 1	 110	 10	 14	 78	 16	 47	 8	 20	 95	 947	 10	 35	 5	 3	 3	 692	 947	 19	 21	 5	 3	 3	 289	 5	 3	 3	 3	 3	
2264	 33	 44	 1022	 6	 159	 1	 21	 7	 199	 10	 190	 84	 7	 1678	 205	 22	 1	 7	 339	 392	 3	 78	 279	 124	 761	 73	 125	 1678	 395	 5	 3	 2249	 10	 14	 1575	 10	 274	 7	 30	 654	 14	 35	 5	 3	 3	 33	 183	 3	 295	
19	 12	 1202	 10	 6	 55	 1	 8	 16	 212	 4	 70	 242	 169	 56	 33	 59	 135	 38	 329	 4	 12	 216	 55	 309	 5	 3	 3	 3	 3	 3	 1	 412	 20	 742	 56	 55	 15	 1119	 20	 12	 21	 10	 6	 55	 5	 3	 3	 3	 122	
575	 1	 13	 58	 25	 314	 42	 694	 11	 327	 8	 20	 68	 4	 12	 31	 9	 5	 3	 3	 3	 3	 3	 3	 3	 3	 3	 3	 665	 11	 49	 1005	 947	 5	 3	 3	 5	 3	 3	 3	 3	 2263	 5	 3	 3	 3	 3	 3	 207	 5	
186	 8	 4	 348	 15	 3980	 11	 30	 652	 908	 566	 24	 6	 52	 144	 5	 3	 3	 3	 1	 1478	 20	 8	 70	 1211	 1	 28	 49	 158	 24	 156	 5	 3	 3	 3	 3	 3	 5	 3	 3	 3	 5	 3	 3	 3	 5	 3	 3	 5	 3	
79	 32	 365	 18	 62	 187	 58	 32	 703	 82	 33	 1141	 5	 3	 3	 33	 44	 5	 3	 3	 3	 3300	 10	 1009	 856	 7	 566	 24	 6	 658	 5	 3	 787	 22	 55	 38	 6	 271	 298	 5	 3	 5	 3	 3	 24	 3	 5	 3	 3	 10	
6	 149	 37	 555	 770	 7	 803	 4	 201	 6	 55	 777	 707	 5	 3	 3	 84	 3	 3	 3	 3	 3	 5	 3	 3	 3	 3	 3	 3	 3	 3	 2079	 446	 498	 50	 41	 5	 3	 3	 5	 3	 168	 5	 3	 3	 632	 5	 3	 3	 3	
