23	 353	 9	 16	 32	 1050	 20	 30	 9	 8	 47	 5	 3	 3	 3	 33	 175	 5	 69	 3	 3	 611	 27	 63	 3	 10	 637	 46	 7	 28	 25	 2224	 4	 6	 31	 9	 8	 194	 5	 3	 3	 4477	 5	 3	 290	 1027	 3	 863	 5	 3	
40	 8	 57	 25	 269	 4	 104	 299	 312	 38	 39	 1	 8	 4007	 71	 793	 69	 82	 6	 2819	 2336	 1	 691	 1	 6	 136	 78	 184	 13	 36	 184	 12	 136	 129	 22	 12	 136	 129	 5	 3	 3	 3	 5	 3	 3	 78	 3	 5	 3	 3	
13	 16	 363	 11	 132	 1192	 10	 34	 45	 76	 9	 67	 58	 32	 477	 4	 6	 41	 38	 77	 4	 6	 55	 11	 83	 205	 5	 3	 3	 2132	 7	 268	 5	 3	 3	 3	 3	 3	 3	 3	 3	 3	 2016	 279	 6	 659	 19	 306	 4	 560	
13	 483	 93	 77	 4	 32	 365	 10	 77	 10	 14	 53	 195	 6	 50	 341	 1956	 109	 26	 9	 67	 155	 6	 149	 37	 254	 5	 3	 52	 320	 5	 3	 35	 27	 5	 3	 3	 1928	 2329	 5	 3	 3	 133	 39	 5	 3	 3	 3	 3	 3	
8	 16	 607	 1	 11	 285	 110	 9	 8	 16	 48	 38	 34	 253	 41	 60	 7	 3	 503	 172	 60	 3	 3	 656	 60	 176	 1	 110	 195	 14	 78	 16	 32	 801	 4	 963	 8	 58	 285	 110	 167	 38	 12	 114	 11	 136	 129	 5	 3	 947	
13	 7	 14	 1435	 29	 647	 1	 6	 71	 55	 69	 27	 1374	 21	 10	 23	 71	 328	 69	 9	 22	 14	 55	 5	 3	 169	 112	 687	 93	 37	 1085	 4	 283	 6	 9	 38	 6	 55	 5	 3	 135	 3	 1012	 3	 3	 41	 803	 6	 41	 5	
15	 245	 1	 26	 8	 21	 6	 52	 1	 8	 16	 32	 267	 4	 415	 12	 216	 286	 1098	 1	 21	 1	 599	 1	 1	 11	 896	 167	 1	 7	 1165	 1	 875	 22	 12	 257	 5	 3	 3	 52	 172	 5	 3	 3	 27	 3	 5	 3	 3	 35	
8	 16	 61	 143	 25	 4	 104	 612	 38	 254	 927	 10	 980	 15	 12	 189	 82	 65	 11	 24	 573	 22	 145	 145	 145	 68	 145	 1666	 5	 3	 3	 5	 3	 3	 3	 5	 3	 3	 3	 50	 135	 5	 3	 3	 3	 721	 5	 3	 3	 3	
182	 11	 157	 38	 310	 6	 271	 298	 3	 36	 25	 21	 6	 52	 5	 3	 3	 3	 19	 652	 97	 96	 60	 7	 106	 6	 358	 10	 21	 5	 3	 3	 192	 1137	 5	 3	 3	 3	 3	 5	 3	 3	 3	 5	 3	 3	 3	 3	 5	 3	
130	 31	 9	 58	 372	 68	 7	 231	 43	 8	 3	 3	 3	 3	 227	 3	 3	 3	 3	 3	 3	 5	 3	 3	 227	 3	 3	 5	 3	 3	 1	 75	 22	 291	 3544	 5	 3	 3	 3	 3	 3	 3	 3	 5	 3	 3	 3	 3	 3	 3	
46	 57	 25	 1298	 12	 266	 5	 3	 402	 9	 1	 217	 22	 62	 1020	 10	 9	 1	 130	 64	 56	 71	 1	 1	 933	 3	 1	 1	 1925	 3	 933	 3	 3	 198	 64	 5	 3	 3	 3	 3	 2575	 5	 3	 74	 10	 49	 1472	 5	 3	 3	
30	 50	 53	 7	 35	 75	 50	 215	 60	 7	 3	 674	 78	 4	 51	 1307	 4	 17	 323	 56	 323	 60	 7	 3	 6	 178	 6	 2499	 10	 74	 70	 50	 323	 28	 349	 309	 5	 3	 3	 135	 3	 56	 3	 135	 5	 3	 5	 3	 135	 3	
9	 8	 47	 54	 8	 107	 4749	 3	 16	 32	 231	 26	 313	 26	 20	 6	 178	 894	 63	 3	 840	 572	 60	 74	 29	 611	 27	 12	 673	 1	 68	 257	 1	 234	 10	 796	 1	 673	 1	 1472	 7	 205	 220	 6	 55	 1	 140	 79	 186	 6	
40	 8	 48	 265	 166	 12	 31	 49	 1	 8	 58	 449	 19	 380	 65	 167	 24	 451	 5	 3	 3	 527	 59	 24	 39	 5	 3	 29	 1294	 27	 1294	 5	 3	 3	 683	 5	 3	 3	 102	 5	 3	 3	 59	 5	 3	 931	 3	 1294	 173	 2402	
73	 202	 1	 8	 37	 158	 4	 47	 95	 90	 88	 84	 608	 9	 1	 7	 1184	 293	 145	 234	 54	 12	 608	 3356	 1	 1558	 2493	 11	 311	 608	 572	 5	 3	 3	 3	 5	 3	 3	 5	 3	 2034	 27	 6	 133	 39	 133	 664	 5	 3	 3	
72	 13	 16	 21	 9	 18	 119	 3	 3	 3	 3	 3	 3	 3	 3	 3	 3	 75	 3	 3	 15	 6	 357	 18	 3	 28	 86	 4	 900	 279	 106	 6	 448	 204	 197	 1	 352	 32	 268	 4	 49	 282	 7	 631	 2559	 4921	 5	 3	 817	 3	
13	 57	 25	 609	 51	 9	 38	 190	 106	 6	 213	 10	 233	 5	 3	 3	 3	 33	 44	 5	 3	 3	 3300	 10	 248	 1392	 5	 3	 678	 198	 15	 317	 20	 23	 33	 44	 5	 3	 3	 3	 268	 207	 5	 3	 3	 3	 3	 3	 3	 3	
13	 483	 718	 4	 1394	 20	 83	 190	 7	 4	 21	 83	 190	 56	 98	 7	 244	 7	 4	 68	 6	 3559	 847	 7	 83	 98	 7	 643	 521	 5	 3	 3	 3	 5	 3	 1525	 59	 24	 307	 10	 17	 4846	 5	 3	 3	 3	 5	 3	 3	 3	
15	 245	 4	 6	 498	 31	 678	 7	 31	 49	 8	 262	 26	 98	 7	 65	 59	 16	 32	 1474	 1	 11	 8	 164	 32	 267	 4	 68	 18	 1047	 29	 65	 59	 1	 11	 30	 31	 581	 27	 5	 3	 3300	 102	 5	 3	 3	 1094	 297	 205	 5	
6	 4873	 16	 391	 187	 18	 37	 45	 76	 157	 11	 162	 22	 14	 41	 21	 1765	 5	 3	 3	 4829	 135	 3	 55	 187	 5	 3	 33	 44	 3	 135	 3	 3	 3	 3	 3	 3	 3	 44	 5	 3	 3	 135	 3	 3	 3	 3	 242	 44	 5	
110	 10	 62	 167	 37	 299	 7	 25	 4	 6	 766	 7	 30	 496	 310	 6	 3638	 526	 10	 62	 196	 16	 391	 306	 19	 6	 1133	 8	 47	 1	 6	 109	 31	 9	 16	 32	 876	 15	 83	 167	 5	 3	 3	 5	 3	 3	 656	 3	 5	 3	
371	 868	 12	 494	 98	 1	 12	 1201	 16	 32	 243	 4	 17	 1286	 105	 779	 1	 243	 4	 284	 1	 218	 115	 5	 3	 3	 102	 5	 3	 3	 3	 5	 3	 3	 5	 3	 3	 2896	 182	 346	 5	 3	 3	 3	 541	 15	 17	 334	 5	 3	
13	 4415	 161	 250	 4	 14	 377	 907	 49	 536	 161	 250	 4	 14	 377	 7	 377	 907	 5	 3	 103	 102	 5	 3	 3	 24	 1801	 45	 66	 5	 3	 6	 870	 5	 3	 3	 3	 3	 10	 6	 102	 10	 1320	 10	 6	 55	 5	 3	 296	 3	
265	 166	 6	 9	 58	 32	 283	 11	 877	 64	 73	 93	 514	 5	 3	 3	 3	 3	 3	 259	 279	 1807	 1	 1860	 20	 39	 63	 3	 154	 148	 406	 1472	 300	 346	 5	 3	 3	 33	 5	 3	 3	 1388	 55	 5	 3	 5	 3	 3	 3	 5	
72	 4	 68	 11	 560	 31	 49	 3	 3	 3	 3	 3	 3	 3	 3	 3	 3	 3	 33	 3	 3	 3	 3	 754	 2723	 5	 3	 3	 657	 3	 3	 1	 3	 1	 3	 5	 3	 3	 5	 3	 3	 3	 3	 5	 3	 3	 1497	 3	 1497	 5	
8	 61	 58	 305	 95	 503	 38	 6	 320	 10	 14	 281	 5	 3	 3	 33	 346	 346	 5	 3	 1431	 541	 5	 3	 3	 3	 4351	 5	 3	 611	 5	 3	 3	 3	 3	 3	 3	 3	 192	 173	 3	 3	 1525	 5	 3	 3	 3199	 3	 569	 270	
4	 124	 829	 12	 2190	 1	 42	 26	 12	 98	 7	 189	 1204	 8	 37	 944	 5	 3	 3	 3	 3	 1914	 7	 10	 1838	 60	 3	 611	 2396	 611	 1	 200	 662	 850	 22	 12	 2698	 5	 3	 775	 3	 102	 5	 3	 3	 234	 5	 3	 3	 234	
40	 8	 143	 4	 319	 19	 17	 2743	 20	 336	 173	 18	 12	 1211	 48	 359	 4	 6	 564	 56	 742	 36	 32	 267	 4	 68	 6	 52	 56	 1542	 897	 1167	 2445	 64	 1026	 7	 40	 8	 124	 70	 554	 20	 18	 44	 28	 300	 5	 3	 3	 5	
49	 1005	 44	 19	 6	 9	 3	 3	 3	 3	 3	 3	 3	 3	 3	 3	 3	 3	 3	 3	 3	 3	 3	 3	 3	 3	 1472	 3	 55	 3	 3	 3	 55	 3	 3	 3	 3	 55	 3	 3	 3	 55	 3	 3	 3	 1302	 1718	 41	 5	 3	
13	 21	 141	 97	 99	 4	 328	 182	 54	 8	 107	 30	 55	 5	 3	 3	 3368	 295	 5	 3	 3	 3488	 5	 3	 3	 2360	 5	 3	 3	 3	 3	 3	 27	 211	 5	 3	 3	 3	 3	 3	 123	 5	 3	 3	 1930	 5	 3	 3	 3	 55	
1800	 136	 203	 16	 1127	 71	 46	 69	 20	 426	 1485	 10	 9	 38	 17	 451	 22	 184	 18	 9	 22	 17	 135	 11	 135	 11	 50	 135	 5	 3	 3	 0	 0	 0	 0	 0	 0	 0	 0	 0	 0	 0	 0	 0	 0	 0	 0	 0	 0	 0	
187	 4	 30	 53	 3	 157	 3	 3	 3	 3	 87	 5	 3	 3	 3	 3	 1046	 1657	 18	 58	 61	 32	 966	 4	 336	 422	 1	 2311	 82	 46	 11	 6	 80	 58	 25	 32	 910	 82	 95	 45	 76	 46	 5	 3	 3	 434	 3	 5	 3	 3	
23	 33	 44	 112	 25	 415	 34	 90	 88	 9	 43	 6	 53	 18	 37	 477	 4	 34	 31	 9	 8	 262	 4	 34	 42	 1543	 18	 8	 57	 25	 344	 5	 3	 878	 5	 3	 1870	 1543	 60	 7	 18	 16	 32	 821	 4	 519	 19	 111	 216	 151	
4300	 20	 12	 139	 3	 11	 106	 6	 448	 191	 650	 15	 14	 126	 486	 60	 8	 58	 89	 39	 73	 6	 1035	 10	 4821	 39	 60	 11	 321	 4	 34	 1185	 60	 3	 3	 3	 3	 5	 3	 3	 5	 3	 3	 5	 3	 3	 3	 5	 3	 3	
40	 8	 143	 4	 212	 12	 1929	 81	 4	 17	 179	 640	 52	 1	 12	 9	 36	 32	 228	 15	 317	 20	 23	 33	 44	 5	 3	 33	 44	 1	 7	 711	 4	 12	 7	 189	 1141	 5	 3	 3	 5	 3	 74	 52	 5	 3	 3	 3	 3	 1084	
62	 46	 37	 494	 696	 26	 46	 1	 7	 58	 124	 6	 125	 426	 191	 95	 9	 29	 42	 26	 14	 55	 56	 33	 172	 27	 1	 7	 875	 22	 6	 452	 172	 10	 42	 77	 63	 3	 49	 231	 5	 3	 383	 2590	 1012	 3	 5	 3	 482	 5	
13	 57	 481	 247	 19	 185	 147	 163	 102	 54	 8	 16	 21	 95	 801	 257	 5	 3	 3	 878	 40	 13	 58	 47	 95	 31	 9	 8	 48	 621	 38	 39	 5	 3	 3	 3	 3	 102	 5	 3	 3	 3	 3	 3	 3	 721	 3	 721	 3	 198	
1360	 10	 6	 1360	 145	 3	 293	 145	 3	 227	 3	 278	 63	 3	 1	 102	 1	 74	 10	 884	 37	 1166	 4	 1353	 227	 3	 70	 118	 52	 332	 1	 6	 1211	 6	 110	 634	 118	 155	 5	 3	 3	 2491	 3	 33	 346	 3	 55	 11	 6	 118	
1468	 1394	 691	 167	 3910	 1468	 1394	 691	 1667	 18	 28	 253	 4	 3021	 960	 648	 1118	 1	 58	 827	 2797	 608	 608	 35	 24	 45	 66	 5	 3	 525	 681	 19	 84	 174	 5	 3	 3	 3	 3	 3	 3	 147	 3	 3	 3	 3	 3	 3	 3	 3	
130	 43	 137	 4	 6	 33	 44	 227	 3	 3	 3	 227	 3	 3	 1012	 3	 41	 3	 297	 63	 3	 3	 3	 3	 1	 3	 1	 7	 5	 3	 3	 3	 1	 431	 1	 5	 3	 3	 3	 3	 3	 3	 3	 3	 1	 29	 71	 2109	 69	 27	
20	 68	 4	 62	 167	 779	 780	 6	 159	 11	 1720	 35	 3	 1659	 12	 1760	 218	 1	 42	 1857	 766	 10	 52	 144	 7	 208	 47	 4	 8	 24	 2022	 62	 659	 645	 18	 15	 317	 20	 23	 33	 44	 5	 3	 3	 3	 33	 44	 5	 3	 3	
4	 1780	 138	 70	 84	 334	 1	 833	 38	 17	 1218	 11	 17	 812	 60	 3	 3	 2028	 1	 288	 572	 1	 89	 9	 1	 11	 189	 135	 5	 3	 3	 3	 1185	 1137	 5	 3	 3	 3	 1870	 1137	 60	 3	 3	 3	 3	 3	 3	 135	 3	 5	
110	 10	 62	 37	 116	 16	 32	 419	 26	 1265	 63	 3	 419	 379	 268	 60	 3	 3	 1131	 22	 6	 50	 135	 10	 60	 7	 760	 162	 586	 20	 6	 291	 596	 5	 3	 3	 33	 44	 5	 3	 3	 3	 3	 3	 3	 33	 44	 5	 3	 3	
40	 8	 316	 200	 4	 344	 125	 43	 23	 1060	 7	 4	 226	 79	 283	 14	 331	 33	 44	 5	 3	 227	 33	 44	 227	 3	 227	 3	 55	 33	 259	 5	 3	 223	 3	 3	 3	 3	 3	 1369	 55	 5	 3	 3	 3	 3	 33	 44	 5	 3	
13	 483	 8	 4	 107	 6	 33	 151	 10	 34	 45	 76	 55	 333	 8	 21	 6	 41	 5	 3	 3	 33	 44	 3	 3	 29	 1025	 194	 27	 5	 3	 3	 29	 17	 27	 27	 5	 3	 3	 3	 5	 3	 5	 3	 3	 3	 5	 3	 3	 3	
42	 219	 16	 32	 555	 15	 6	 633	 813	 11	 1140	 15	 2661	 1304	 6	 899	 171	 6	 899	 352	 32	 1085	 15	 7	 425	 26	 17	 31	 7	 2546	 582	 1	 7	 29	 40	 3728	 5	 27	 3	 28	 243	 4	 17	 424	 1663	 5	 3	 3	 3	 5	
50	 41	 3482	 154	 993	 2063	 155	 10	 6	 1903	 10	 17	 41	 5	 3	 565	 1012	 5	 3	 41	 1150	 5	 3	 3	 3	 1180	 5	 3	 3	 3	 1	 5	 3	 3	 4595	 5	 3	 5	 3	 5	 3	 5	 3	 5	 3	 33	 44	 5	 3	 3	
95	 2026	 10	 14	 625	 21	 1	 87	 575	 1	 416	 16	 1465	 975	 10	 6	 80	 56	 915	 33	 44	 7	 34	 253	 52	 1	 11	 6	 52	 316	 32	 1755	 600	 5	 3	 3	 5	 3	 3	 3	 3	 135	 5	 3	 3	 3	 3	 3	 691	 5	
72	 6	 9	 16	 32	 86	 3	 3	 3	 3	 3	 29	 19	 127	 1	 825	 39	 63	 279	 72	 834	 77	 17	 135	 18	 58	 191	 306	 1716	 227	 3	 3	 52	 1450	 279	 7	 124	 723	 1105	 4	 314	 18	 45	 76	 52	 58	 32	 5	 3	 5	
466	 12	 108	 1	 13	 36	 47	 374	 783	 4	 468	 6	 31	 9	 8	 124	 146	 4	 93	 750	 11	 750	 2091	 24	 1001	 15	 11	 20	 6	 35	 116	 24	 134	 45	 66	 5	 3	 3	 665	 5	 3	 3	 3	 3	 3	 3	 3	 5	 3	 3	
110	 149	 10	 6	 78	 16	 32	 3785	 4	 8	 5	 3	 3	 3	 274	 19	 72	 8	 6	 41	 58	 68	 95	 87	 38	 6	 78	 5	 3	 122	 1	 71	 320	 69	 6	 823	 7	 95	 202	 172	 5	 3	 3	 3	 3	 135	 19	 6	 254	 204	
13	 36	 504	 23	 9	 26	 181	 4	 325	 20	 14	 170	 848	 1	 879	 1039	 1	 7	 550	 14	 730	 5	 3	 3	 55	 2647	 1	 26	 6	 278	 258	 4	 1807	 7	 443	 6	 656	 5	 3	 3	 5	 3	 3	 2374	 5	 3	 5	 3	 3	 3	
2982	 733	 6	 80	 56	 296	 22	 6	 77	 3	 2121	 29	 140	 36	 109	 32	 146	 4	 6	 168	 1	 140	 119	 58	 283	 6	 9	 38	 12	 230	 20	 83	 390	 27	 5	 3	 3	 379	 5	 3	 3	 2034	 52	 5	 3	 3	 3	 850	 2034	 5	
6	 9	 13	 51	 3223	 875	 466	 72	 8	 68	 14	 55	 5	 3	 3	 33	 1642	 19	 8	 1	 12	 107	 1	 12	 55	 7	 608	 82	 6	 41	 5	 3	 3	 3	 3	 3	 41	 27	 5	 3	 3	 41	 5	 3	 3	 811	 5	 3	 3	 3	
26	 16	 32	 100	 1	 13	 16	 61	 363	 42	 99	 4	 47	 2433	 35	 22	 14	 55	 1	 38	 34	 812	 1	 80	 812	 11	 532	 58	 32	 300	 19	 1694	 5	 3	 3	 33	 379	 5	 3	 3	 0	 0	 0	 0	 0	 0	 0	 0	 0	 0	
79	 283	 34	 265	 166	 23	 55	 5	 3	 33	 175	 5	 3	 374	 33	 175	 5	 3	 1349	 370	 3	 369	 106	 6	 33	 44	 5	 3	 3	 33	 44	 5	 3	 3	 33	 44	 5	 3	 3	 44	 5	 3	 3	 35	 5	 3	 3	 691	 3	 3	
13	 21	 386	 46	 4	 373	 8	 4	 1283	 14	 55	 5	 3	 3	 3	 5	 3	 3	 1155	 29	 42	 26	 70	 1729	 3264	 4	 17	 80	 211	 27	 60	 26	 1868	 15	 986	 23	 1	 386	 202	 102	 7	 244	 125	 5	 3	 27	 5	 3	 3	 55	
13	 36	 326	 8	 73	 6	 74	 10	 1206	 6	 84	 9	 128	 6	 1206	 21	 10	 6	 9	 64	 402	 5	 3	 3	 399	 1100	 1100	 293	 63	 3	 3	 1100	 3	 1100	 5	 3	 3	 3	 2440	 792	 5	 3	 3	 3	 792	 3	 3	 3	 3	 5	
45	 66	 979	 187	 8	 48	 320	 43	 72	 13	 21	 6	 9	 13	 47	 4	 12	 107	 4	 14	 53	 11	 1	 6	 320	 8	 48	 485	 4	 6	 400	 50	 53	 4	 3	 3	 3	 5	 3	 3	 229	 29	 356	 1	 17	 635	 1550	 1	 7	 17	
95	 31	 840	 572	 830	 15	 6	 254	 576	 461	 171	 6	 49	 462	 94	 16	 32	 686	 15	 101	 4	 47	 6	 235	 857	 52	 5	 3	 3	 5	 3	 3	 3	 3	 5	 3	 3	 5	 3	 3	 5	 3	 3	 3	 3	 3	 3	 3	 3	 5	
13	 21	 23	 9	 4	 557	 11	 285	 6	 50	 41	 7	 201	 6	 87	 7	 2854	 149	 26	 313	 26	 4	 463	 30	 2370	 26	 511	 11	 4	 757	 773	 7	 184	 5	 3	 3	 268	 3	 1624	 80	 97	 5	 3	 3	 3	 656	 3	 3	 3	 3	
3209	 56	 643	 154	 6	 558	 4	 180	 14	 773	 15	 88	 1678	 516	 20	 45	 66	 5	 3	 3	 3	 3	 50	 3	 369	 5	 3	 3	 5	 3	 3	 3	 5	 3	 3	 1	 40	 8	 48	 303	 1219	 5	 3	 3	 3	 733	 5	 3	 3	 3	
19	 988	 10	 1	 57	 372	 1413	 4	 42	 17	 212	 38	 6	 41	 113	 89	 9	 43	 17	 45	 76	 4	 194	 17	 392	 10	 134	 187	 18	 16	 32	 94	 15	 6	 392	 10	 62	 45	 66	 18	 924	 15	 65	 38	 62	 45	 76	 97	 165	 5	
34	 49	 8	 47	 22	 14	 55	 28	 1172	 17	 801	 7	 16	 32	 243	 4	 1412	 306	 192	 5	 3	 1	 1361	 5	 3	 3	 3	 5	 3	 3	 5	 3	 3	 3	 3	 33	 44	 5	 3	 3	 1012	 3	 3	 5	 3	 3	 3	 5	 3	 3	
19	 127	 1	 13	 1127	 364	 369	 42	 26	 2824	 748	 20	 17	 512	 329	 7	 37	 1619	 38	 2923	 266	 9	 38	 6	 1750	 38	 67	 6	 118	 5	 3	 103	 664	 250	 5	 3	 3	 0	 0	 0	 0	 0	 0	 0	 0	 0	 0	 0	 0	 0	
77	 16	 1630	 667	 98	 1	 161	 59	 1	 6	 59	 10	 6	 50	 135	 1	 140	 741	 3214	 36	 32	 86	 24	 2004	 121	 194	 134	 253	 4	 6	 141	 56	 161	 59	 26	 28	 7	 978	 376	 23	 33	 44	 5	 3	 3	 3	 1012	 3	 3	 3	
113	 8	 95	 167	 43	 257	 304	 22	 12	 129	 56	 229	 38	 14	 136	 311	 7	 3577	 1442	 17	 601	 129	 128	 652	 52	 38	 12	 118	 91	 1	 8	 16	 104	 17	 122	 2458	 38	 6	 12	 169	 1	 11	 40	 8	 16	 143	 4	 104	 42	 17	
13	 238	 501	 12	 161	 59	 54	 8	 107	 185	 10	 14	 78	 5	 3	 3	 392	 3	 3	 67	 1020	 10	 46	 807	 82	 14	 49	 35	 5	 3	 295	 3	 5	 3	 234	 10	 74	 5	 3	 3	 135	 3	 135	 5	 3	 3	 135	 28	 1372	 24	
540	 13	 383	 1222	 8	 415	 12	 1066	 15	 30	 904	 7	 143	 12	 244	 1	 410	 8	 36	 32	 267	 4	 1132	 18	 9	 5	 3	 3	 3	 98	 1	 7	 13	 36	 57	 105	 24	 65	 19	 70	 65	 1580	 5	 3	 3	 59	 5	 3	 3	 2107	
23	 55	 16	 61	 238	 482	 9	 42	 26	 6	 234	 7	 74	 10	 12	 107	 7	 6	 155	 18	 16	 32	 626	 24	 14	 97	 377	 5	 3	 3	 5	 3	 3	 1117	 10	 5	 3	 3	 1117	 5	 3	 3	 3	 135	 5	 3	 3	 135	 5	 3	
42	 9	 16	 32	 86	 1649	 1	 19	 127	 24	 429	 11	 103	 1024	 1	 4	 542	 23	 1	 19	 95	 30	 96	 1	 7	 300	 21	 5	 3	 3	 3	 103	 126	 364	 5	 3	 2775	 14	 1107	 10	 1214	 14	 593	 5	 3	 3	 3	 3300	 5	 3	
21	 10	 62	 177	 1	 215	 1	 7	 630	 610	 4	 206	 157	 19	 39	 60	 7	 3	 3813	 4	 6	 157	 7	 157	 28	 807	 22	 14	 41	 73	 6	 432	 74	 26	 3515	 38	 11	 22	 6	 118	 60	 11	 3	 1814	 452	 26	 134	 204	 278	 5	
394	 676	 1054	 1161	 146	 45	 66	 19	 21	 10	 824	 92	 7	 35	 82	 6	 118	 369	 5	 3	 3	 825	 19	 84	 7	 35	 5	 3	 3	 1504	 3	 147	 163	 173	 5	 3	 3	 1100	 5	 3	 3	 3	 3	 3	 3	 3	 754	 5	 3	 3	
13	 36	 326	 8	 10	 34	 1625	 137	 15	 14	 33	 142	 1	 24	 100	 6	 89	 9	 981	 278	 1	 44	 137	 1	 11	 300	 448	 4	 21	 6	 9	 13	 47	 5	 3	 3	 3	 33	 44	 73	 223	 5	 3	 3	 33	 5	 3	 3	 33	 44	
662	 117	 7	 358	 3	 645	 1451	 49	 282	 3	 3	 122	 3	 29	 565	 27	 5	 3	 6	 383	 1424	 63	 742	 28	 1158	 4	 2165	 49	 38	 12	 861	 482	 22	 6	 1031	 18	 64	 352	 32	 221	 309	 24	 100	 451	 22	 451	 390	 5	 3	 486	
