13	 16	 1642	 12	 31	 9	 128	 189	 49	 20	 30	 1801	 45	 66	 18	 16	 32	 419	 4	 727	 11	 679	 14	 35	 1	 9	 94	 38	 156	 5	 3	 3	 52	 5	 3	 3	 3	 695	 289	 24	 67	 8	 194	 6	 182	 5	 3	 27	 3	 5	
8	 375	 61	 1458	 14	 3019	 11	 601	 65	 59	 24	 538	 19	 39	 4	 538	 12	 311	 5	 3	 541	 5	 3	 3	 3	 1	 14	 452	 234	 10	 34	 10	 6	 5	 3	 5	 3	 3	 3	 1012	 3	 3	 5	 3	 3	 3	 5	 3	 3	 3	
72	 58	 372	 68	 11	 180	 12	 31	 9	 227	 3	 33	 172	 227	 3	 3	 3	 3	 3	 227	 3	 3	 3	 3	 3	 3	 3	 3	 3	 3	 3	 227	 52	 84	 227	 3	 560	 444	 28	 444	 189	 444	 1586	 369	 63	 3	 3	 399	 1001	 376	
23	 33	 44	 465	 4	 93	 10	 6	 53	 1	 7	 112	 319	 4	 34	 192	 52	 1	 14	 117	 10	 21	 5	 3	 33	 84	 3	 878	 142	 5	 3	 3	 173	 3	 3	 3	 3	 3	 5	 3	 3	 3	 5	 3	 3	 3	 3	 5	 3	 3	
24	 1212	 39	 4	 491	 20	 8	 82	 62	 137	 1	 13	 36	 326	 8	 24	 65	 11	 285	 8	 22	 6	 2028	 11	 24	 178	 6	 137	 204	 1140	 15	 23	 33	 44	 5	 3	 3	 234	 5	 3	 3	 5	 3	 931	 3	 931	 3	 931	 3	 1011	
3811	 7	 2184	 10	 945	 809	 2184	 6	 809	 2619	 375	 6	 2251	 10	 6	 817	 568	 22	 23	 55	 24	 178	 6	 451	 11	 449	 4	 6	 1207	 71	 44	 148	 5	 3	 234	 352	 32	 1695	 24	 6	 656	 5	 3	 59	 5	 3	 683	 5	 3	 234	
13	 16	 262	 31	 9	 4	 95	 10	 14	 202	 7	 147	 163	 9	 7	 4	 713	 18	 6	 300	 147	 163	 9	 28	 300	 4	 120	 12	 530	 5	 3	 3	 103	 614	 5	 3	 0	 0	 0	 0	 0	 0	 0	 0	 0	 0	 0	 0	 0	 0	
15	 110	 461	 8	 16	 25	 32	 267	 4	 68	 11	 21	 95	 167	 22	 6	 1936	 707	 780	 82	 6	 35	 5	 3	 3	 3	 5	 3	 3	 198	 10	 14	 592	 5	 3	 3	 3	 3	 5	 3	 3	 81	 3	 5	 3	 3	 5	 3	 3	 259	
578	 62	 46	 16	 32	 181	 19	 39	 4	 378	 95	 90	 536	 9	 905	 191	 29	 95	 1192	 10	 6	 52	 27	 5	 3	 35	 52	 907	 16	 153	 17	 212	 11	 110	 30	 87	 26	 248	 10	 6	 1672	 5	 3	 169	 255	 5	 3	 399	 5	 3	
15	 148	 330	 36	 13	 1817	 698	 1139	 19	 6	 9	 11	 34	 158	 45	 76	 56	 68	 4	 12	 9	 1	 176	 8	 36	 32	 243	 4	 23	 33	 44	 5	 3	 3793	 41	 5	 3	 3	 5	 3	 3	 3	 1033	 5	 3	 3	 5	 3	 3	 5	
40	 8	 58	 2159	 306	 87	 82	 12	 136	 91	 847	 1	 13	 816	 18	 8	 57	 481	 48	 4	 32	 1588	 19	 2630	 1402	 52	 7	 253	 155	 5	 3	 3	 524	 27	 3	 1024	 253	 4	 249	 1363	 5	 3	 3	 3	 3	 3	 55	 5	 3	 3	
4	 47	 150	 441	 7	 4	 124	 760	 1105	 5	 3	 3	 3	 3	 3	 27	 1	 19	 127	 1	 4	 273	 72	 77	 21	 6	 78	 1	 6	 80	 28	 1186	 106	 3647	 697	 10	 667	 58	 865	 5	 3	 3	 306	 5	 3	 3	 3	 3	 896	 5	
140	 6	 1537	 56	 148	 798	 36	 32	 359	 15	 962	 10	 34	 117	 7	 358	 1	 693	 40	 13	 37	 1226	 158	 4	 277	 70	 1830	 1	 11	 6	 31	 9	 158	 15	 2170	 11	 1495	 296	 5	 3	 3	 1185	 5	 3	 3	 5	 3	 1185	 33	 408	
1998	 486	 63	 1583	 137	 1	 2865	 494	 198	 1536	 1	 2097	 2582	 38	 17	 150	 52	 4	 17	 1200	 212	 29	 15	 6	 214	 886	 514	 27	 5	 3	 3	 3	 3	 3	 1349	 5	 3	 3	 3	 5	 3	 3	 5	 3	 5	 3	 3	 5	 3	 3	
13	 48	 4686	 185	 2128	 7	 4297	 49	 4	 560	 2135	 5	 3	 2575	 81	 5	 3	 135	 33	 5	 3	 3	 55	 2374	 26	 981	 73	 5	 3	 3	 3	 534	 223	 5	 3	 3	 3	 3	 3	 5	 3	 3	 3	 3	 3	 5	 3	 3	 3	 3	
159	 10	 31	 9	 3	 3	 3	 3	 3	 250	 3	 250	 1	 250	 7	 288	 572	 10	 493	 3	 572	 4	 14	 294	 5	 3	 3	 52	 3	 59	 5	 3	 103	 102	 38	 1034	 1380	 5	 3	 3	 2698	 3	 60	 3	 26	 1265	 3	 5	 3	 3	
13	 16	 21	 12	 31	 9	 19	 414	 11	 411	 9	 1	 42	 26	 12	 213	 1	 673	 1	 7	 295	 5	 3	 3	 1573	 947	 7	 947	 19	 8	 280	 87	 7	 35	 5	 3	 87	 5	 3	 3	 211	 5	 3	 3	 3	 3	 52	 3	 5	 3	
13	 16	 247	 8	 19	 9	 43	 12	 205	 22	 14	 78	 1	 42	 26	 6	 50	 187	 7	 187	 4	 12	 50	 91	 1	 7	 54	 8	 68	 155	 10	 14	 53	 5	 3	 169	 9	 5	 3	 172	 43	 12	 395	 5	 3	 3	 102	 3	 3	 3	
13	 21	 362	 2973	 29	 27	 362	 163	 29	 11	 136	 311	 312	 27	 1	 20	 8	 1	 4	 373	 8	 4	 1771	 184	 147	 163	 441	 54	 8	 21	 14	 78	 11	 152	 12	 1286	 5	 3	 3	 3	 3	 3	 3	 3	 3	 3	 3	 3	 1643	 5	
1027	 3162	 16	 21	 95	 71	 292	 69	 49	 22	 62	 78	 7	 4	 21	 23	 353	 49	 4	 542	 72	 77	 928	 1866	 18	 78	 16	 84	 296	 17	 41	 15	 111	 4484	 77	 5	 3	 3	 754	 33	 44	 5	 3	 3	 1012	 2329	 5	 3	 151	 5	
16	 25	 193	 10	 34	 477	 41	 5	 3	 3	 5	 3	 3	 3	 3	 3	 3	 76	 135	 5	 3	 3	 3	 3	 3	 3	 3	 452	 3	 3	 3	 173	 194	 1167	 5	 3	 3	 3	 3	 55	 3	 5	 3	 3	 3	 3	 3	 3	 3	 5	
855	 12	 1258	 43	 12	 632	 172	 60	 3	 3	 81	 60	 3	 3	 3	 81	 246	 60	 3771	 8	 48	 303	 60	 7	 3	 2445	 177	 18	 47	 35	 15	 12	 108	 60	 3	 775	 3	 3	 55	 3	 241	 60	 3	 3	 3	 707	 1	 52	 342	 60	
6	 9	 28	 61	 86	 4	 321	 4	 93	 971	 11	 4	 47	 62	 35	 5	 3	 3	 3	 5	 3	 3	 3	 3	 1	 7	 5	 3	 1	 1533	 4262	 7	 214	 1094	 5	 3	 3	 3	 3	 3	 5	 3	 3	 3	 3	 3	 3	 3	 27	 5	
701	 897	 3	 3	 3	 3	 3	 3	 1	 3	 1	 1478	 73	 3	 407	 7	 2016	 1	 430	 1	 7	 430	 22	 14	 41	 918	 430	 1	 106	 14	 217	 1	 918	 430	 8	 1062	 1	 918	 1	 7	 468	 49	 5	 3	 234	 5	 3	 3	 3	 1185	
32	 703	 15	 1119	 20	 1047	 281	 36	 104	 1075	 11	 973	 323	 2002	 2163	 4	 6	 168	 5	 3	 3	 3	 19	 98	 1	 59	 1	 7	 30	 536	 9	 38	 299	 653	 5	 3	 3	 102	 5	 3	 3	 3	 3	 5	 3	 3	 5	 3	 3	 3	
34	 419	 660	 220	 6	 452	 1856	 2231	 1	 278	 352	 32	 220	 1294	 683	 7	 15	 34	 448	 4	 305	 1539	 10	 1	 11	 15	 6	 552	 10	 62	 137	 1	 79	 217	 6	 452	 234	 10	 6	 2357	 41	 5	 3	 3	 5	 3	 3	 55	 5	 3	
23	 16	 153	 9	 94	 166	 6	 55	 1	 42	 26	 6	 246	 10	 357	 1	 9	 18	 8	 16	 107	 16	 698	 17	 1050	 261	 1	 331	 123	 1	 7	 3672	 10	 12	 3	 2674	 5	 3	 3	 3	 5	 3	 3	 3	 543	 5	 3	 3	 41	 5	
13	 61	 21	 6	 9	 18	 13	 51	 4	 389	 46	 4	 6	 280	 2125	 50	 41	 1	 72	 174	 21	 6	 41	 7	 6	 155	 10	 14	 53	 5	 3	 3	 147	 2374	 5	 3	 232	 125	 7	 3371	 74	 10	 14	 41	 328	 6	 55	 7	 80	 295	
13	 483	 174	 4	 111	 652	 908	 7	 1252	 827	 68	 4	 31	 9	 1	 42	 26	 80	 1970	 1	 2844	 648	 5	 3	 470	 5	 3	 169	 3	 1	 2034	 1	 1	 814	 1	 1547	 7	 1200	 52	 5	 3	 71	 69	 5	 3	 3	 52	 5	 3	 3	
24	 100	 23	 619	 1	 8	 37	 2706	 39	 18	 8	 48	 1056	 232	 39	 5	 3	 198	 145	 65	 392	 5	 3	 3	 122	 19	 919	 304	 97	 7	 9	 22	 12	 172	 19	 126	 5	 3	 3	 52	 211	 5	 3	 27	 3	 3	 3	 3	 268	 3	
40	 8	 57	 25	 339	 4	 48	 367	 137	 11	 84	 92	 11	 35	 63	 3	 28	 17	 357	 160	 6	 497	 2143	 29	 1025	 2666	 2143	 27	 38	 6	 169	 60	 7	 29	 611	 27	 406	 406	 288	 639	 5	 3	 3	 16	 406	 111	 97	 290	 406	 156	
38	 74	 4	 74	 1	 13	 16	 285	 11	 1642	 284	 11	 424	 519	 13	 396	 47	 8	 20	 175	 10	 6	 519	 15	 67	 13	 16	 21	 12	 9	 5	 3	 3	 3	 268	 19	 2633	 96	 2037	 4	 3288	 180	 5	 3	 3	 1012	 3	 3	 452	 5	
29	 27	 112	 25	 47	 34	 9	 94	 82	 6	 41	 11	 15	 34	 487	 15	 6	 487	 204	 73	 6	 1153	 10	 159	 1	 6	 9	 116	 24	 6	 53	 11	 82	 6	 52	 5	 3	 3	 1	 173	 11	 29	 19	 39	 27	 1	 7	 28	 25	 86	
19	 306	 4	 682	 126	 172	 3	 16	 1	 11	 20	 30	 736	 11	 3150	 4	 47	 17	 1204	 1497	 1	 6	 1035	 10	 380	 17	 366	 308	 1286	 60	 131	 59	 1	 59	 246	 1	 50	 1204	 1	 673	 1	 147	 163	 7	 526	 5	 3	 239	 5	 3	
130	 37	 71	 46	 69	 279	 72	 355	 77	 21	 83	 78	 5	 3	 227	 399	 27	 17	 1349	 7	 1330	 10	 14	 33	 223	 38	 74	 4	 74	 23	 58	 133	 314	 18	 190	 56	 107	 5	 3	 3	 33	 346	 5	 3	 3	 69	 3	 3	 3	 5	
72	 4	 89	 39	 3	 3	 3	 3	 3	 3	 3	 3	 3	 22	 45	 76	 52	 332	 4	 642	 39	 12	 870	 7	 350	 865	 14	 123	 7	 47	 14	 241	 5	 3	 3	 3	 3	 3	 3	 3	 3	 3	 3	 3	 3	 3	 3	 3	 3	 3	
119	 1331	 104	 9	 43	 72	 435	 56	 340	 281	 1167	 217	 22	 83	 960	 5	 3	 172	 3	 172	 27	 5	 3	 3	 1302	 123	 165	 145	 1248	 5	 3	 3	 3	 3	 3	 3	 5	 3	 3	 289	 5	 3	 3	 3	 3	 3	 3	 5	 3	 3	
121	 8	 16	 507	 306	 11	 180	 12	 65	 59	 1	 71	 875	 22	 72	 8	 16	 1	 277	 35	 20	 39	 1	 130	 8	 48	 17	 244	 227	 3	 1	 1	 1	 814	 1	 1	 933	 5	 3	 931	 59	 5	 3	 3	 3	 3	 3	 3	 3	 3	
4906	 203	 1	 26	 444	 1137	 8	 37	 20	 517	 1	 13	 58	 113	 8	 322	 19	 1401	 657	 5	 3	 3	 3	 902	 135	 5	 3	 3	 3	 52	 52	 52	 24	 3167	 612	 1	 612	 7	 612	 1049	 4	 8	 1	 24	 2444	 6	 218	 1735	 660	 1	
119	 37	 86	 4	 604	 95	 9	 67	 58	 133	 8	 15	 457	 307	 6	 432	 347	 10	 386	 46	 5	 3	 3	 135	 10	 14	 58	 273	 7	 542	 255	 7	 995	 15	 6	 292	 5	 3	 135	 1026	 65	 59	 1439	 15	 6	 423	 10	 6	 55	 4	
46	 16	 32	 439	 51	 4	 17	 114	 24	 12	 91	 5	 3	 3	 3	 667	 9	 60	 176	 1	 6	 133	 86	 4	 47	 6	 35	 5	 3	 840	 3	 102	 5	 3	 3	 49	 3	 5	 3	 35	 5	 3	 3	 1012	 50	 1046	 5	 3	 3	 2263	
40	 8	 354	 18	 12	 31	 9	 154	 303	 1933	 1	 8	 164	 61	 180	 6	 218	 869	 11	 218	 44	 10	 1043	 138	 5	 3	 3	 3	 81	 5	 3	 5	 3	 3591	 5	 3	 5	 3	 3	 5	 3	 135	 3	 863	 5	 3	 3	 169	 5	 3	
13	 483	 8	 4	 810	 224	 6	 594	 446	 399	 285	 12	 108	 5	 3	 3	 3	 55	 1	 68	 6	 178	 1574	 10	 14	 77	 145	 33	 223	 333	 898	 12	 31	 9	 5	 3	 3	 931	 3	 3	 3	 192	 660	 29	 71	 8	 73	 1012	 68	 5	
17	 45	 76	 1	 154	 1102	 49	 109	 259	 802	 63	 3	 1545	 151	 166	 6	 9	 191	 138	 15	 23	 33	 44	 5	 3	 3	 33	 223	 3	 44	 5	 3	 3	 3	 5	 3	 3	 3	 3	 173	 3	 5	 3	 5	 3	 5	 3	 3	 3	 5	
3732	 263	 2260	 1	 42	 26	 1243	 397	 99	 1	 16	 61	 217	 70	 161	 59	 412	 20	 83	 91	 4	 711	 4	 83	 182	 4	 30	 50	 53	 121	 107	 14	 41	 5	 3	 3	 3	 3	 41	 3	 74	 7	 55	 80	 5	 3	 205	 5	 3	 3	
13	 57	 25	 48	 68	 4	 34	 90	 88	 9	 1	 176	 1	 276	 413	 37	 17	 108	 18	 13	 58	 57	 105	 1	 13	 363	 6	 2153	 158	 4	 319	 253	 4	 6	 297	 10	 9	 8	 47	 195	 23	 33	 44	 29	 71	 189	 69	 27	 5	 69	
24	 100	 6	 35	 1	 8	 252	 4	 6	 117	 10	 23	 33	 175	 7	 8	 689	 48	 12	 1614	 857	 183	 10	 6	 117	 1	 261	 7	 117	 10	 6	 766	 10	 7	 1578	 22	 5	 3	 3	 2363	 22	 380	 5	 3	 3	 4586	 1320	 10	 6	 234	
40	 8	 316	 200	 125	 9	 43	 23	 1060	 7	 316	 200	 4	 344	 12	 657	 7	 316	 200	 4	 344	 72	 355	 136	 524	 28	 86	 4	 89	 1497	 1	 79	 107	 6	 169	 97	 1188	 5	 3	 135	 63	 3	 721	 10	 5	 3	 5	 3	 55	 566	
12	 1073	 297	 178	 6	 1109	 145	 230	 36	 32	 146	 4	 6	 811	 10	 6	 55	 56	 1031	 5	 3	 3	 1245	 56	 133	 49	 1	 7	 130	 55	 21	 71	 263	 58	 664	 5	 69	 3	 6	 135	 8	 48	 367	 1	 361	 40	 8	 113	 39	 9	
6	 150	 36	 32	 2805	 20	 1235	 11	 387	 93	 10	 12	 31	 9	 36	 32	 228	 82	 6	 52	 5	 3	 3	 1100	 3	 742	 18	 28	 15	 461	 24	 218	 115	 5	 3	 147	 163	 544	 28	 25	 621	 4	 70	 97	 708	 5	 3	 3	 173	 3	
120	 7	 941	 6	 183	 11	 388	 10	 3204	 60	 11	 3	 1	 10	 651	 1	 14	 636	 7	 208	 5	 3	 3	 183	 7	 295	 3	 3	 5	 3	 3	 3	 3	 3	 3	 3	 3	 3	 691	 5	 3	 3	 3	 3	 3	 3	 3	 3	 3	 3	
6	 178	 653	 18	 391	 6	 1729	 118	 212	 29	 19	 127	 494	 1	 1012	 3	 11	 707	 178	 12	 2516	 52	 1	 7	 124	 394	 253	 4	 6	 1236	 1205	 126	 35	 5	 3	 3	 2636	 3	 3	 3	 3	 719	 3	 1182	 364	 5	 3	 3	 173	 3	
64	 16	 61	 32	 238	 739	 38	 6	 266	 8	 48	 11	 699	 6	 21	 10	 495	 46	 29	 42	 26	 6	 1544	 122	 27	 5	 3	 3	 3	 3	 3	 3	 3	 3	 315	 5	 3	 3	 3	 3	 5	 3	 3	 1496	 1318	 5	 3	 3	 1769	 5	
95	 136	 129	 1	 136	 3374	 7	 2418	 3	 3	 16	 32	 3690	 10	 436	 3113	 19	 4034	 11	 95	 96	 5	 3	 3	 3	 5	 3	 5	 3	 3	 3	 3	 5	 3	 3	 5	 3	 3	 3	 3	 5	 3	 3	 3	 3	 198	 495	 5	 3	 5	
12	 91	 16	 273	 95	 205	 763	 78	 5	 3	 3	 495	 29	 71	 69	 27	 71	 122	 69	 4	 12	 91	 172	 7	 217	 4	 414	 157	 43	 25	 566	 24	 1554	 69	 1499	 69	 39	 30	 67	 119	 414	 67	 37	 29	 1074	 27	 5	 3	 3	 102	
6	 347	 10	 90	 88	 9	 18	 16	 32	 838	 38	 460	 57	 36	 32	 1166	 4	 1909	 430	 359	 24	 77	 10	 62	 1600	 24	 2318	 1094	 7	 1820	 77	 5	 3	 3	 3	 572	 3	 709	 16	 32	 2029	 4	 401	 29	 7	 1344	 22	 1131	 1750	 27	
72	 58	 372	 68	 7	 180	 12	 31	 49	 3	 151	 227	 3	 3	 3	 3	 227	 3	 227	 3	 3	 3	 3	 3	 3	 3	 3	 3	 1	 3	 1	 3	 1	 3	 63	 3	 227	 3	 3271	 3	 227	 3	 3	 393	 531	 29	 27	 227	 3	 5	
13	 51	 23	 9	 4	 133	 39	 2428	 201	 6	 795	 10	 14	 52	 7	 615	 6	 618	 10	 14	 97	 7	 72	 834	 174	 21	 6	 41	 5	 3	 3	 296	 7	 30	 1094	 5	 3	 3	 133	 81	 5	 3	 3	 3	 3	 3	 3	 3	 3	 3	
4479	 901	 29	 27	 927	 63	 279	 2016	 927	 28	 221	 19	 6	 1869	 10	 12	 308	 654	 15	 6	 118	 5	 3	 3	 3	 3	 3	 3	 3	 2092	 3	 5	 3	 3	 1869	 10	 496	 5	 3	 3	 2329	 1012	 60	 7	 3	 3042	 5	 3	 697	 5	
38	 74	 4	 74	 1	 13	 16	 61	 225	 12	 98	 1	 2373	 128	 3134	 15	 95	 87	 412	 20	 6	 52	 5	 3	 3	 3	 3	 3	 146	 5	 3	 41	 52	 5	 3	 3	 3	 3	 3	 3	 3	 1598	 253	 41	 5	 3	 3	 1216	 3	 3	
115	 484	 7	 49	 282	 52	 5	 3	 1040	 52	 332	 3	 3	 3	 863	 3	 33	 1480	 3	 1180	 5	 3	 1769	 3	 2787	 5	 3	 3	 3	 5	 3	 3	 3	 5	 3	 3	 3	 3	 3	 5	 3	 3	 5	 3	 3	 3	 3	 3	 5	 3	
1665	 1328	 279	 279	 1949	 48	 1437	 1665	 1328	 3	 4	 1886	 422	 729	 5	 3	 33	 3	 49	 3	 217	 5	 3	 3	 3	 33	 223	 5	 3	 3	 3	 5	 3	 3	 5	 3	 893	 5	 3	 3	 2329	 28	 845	 71	 52	 1818	 446	 5	 3	 69	
8	 16	 113	 39	 31	 49	 195	 14	 266	 73	 202	 5	 3	 3	 1	 15	 14	 986	 105	 5	 3	 1137	 86	 4	 695	 64	 600	 12	 395	 5	 3	 1027	 3	 185	 102	 5	 3	 3	 3	 3	 3	 3	 691	 3	 3	 5	 3	 5	 3	 3	
61	 757	 23	 84	 1	 84	 2095	 7	 542	 9	 820	 38	 900	 310	 404	 6	 152	 10	 380	 3	 7	 682	 167	 82	 6	 78	 11	 162	 5	 3	 3	 353	 150	 3300	 367	 4	 70	 353	 1	 721	 1	 11	 873	 1300	 653	 5	 3	 3	 5	 3	
13	 57	 481	 387	 11	 47	 23	 9	 4	 62	 196	 11	 242	 294	 5	 3	 3	 2112	 60	 140	 538	 59	 19	 125	 293	 22	 9	 43	 12	 21	 10	 14	 92	 5	 3	 3	 3	 3	 3	 1624	 3	 3	 3	 3	 192	 5	 3	 3	 3	 78	
89	 8	 617	 82	 12	 81	 100	 14	 89	 39	 135	 36	 32	 86	 160	 2093	 12	 257	 5	 3	 3	 102	 73	 95	 1161	 146	 561	 5	 3	 3	 394	 3	 5	 3	 3	 207	 29	 71	 1425	 1	 7	 71	 57	 13	 85	 20	 12	 31	 9	 172	
13	 16	 983	 30	 99	 4	 152	 17	 147	 163	 293	 4	 39	 105	 18	 6	 173	 464	 39	 4	 21	 64	 54	 8	 21	 14	 84	 35	 845	 71	 136	 274	 177	 5	 3	 69	 3	 3	 3	 109	 989	 39	 4	 273	 95	 30	 9	 763	 6	 41	
110	 797	 37	 253	 4	 300	 1453	 1	 16	 339	 8	 4	 32	 365	 10	 95	 46	 18	 37	 300	 19	 95	 30	 368	 10	 14	 41	 5	 3	 3	 58	 32	 2401	 58	 25	 212	 95	 46	 22	 12	 114	 5	 3	 3	 289	 28	 2949	 24	 39	 4	
16	 32	 100	 46	 11	 30	 583	 4	 201	 11	 1214	 6	 619	 10	 14	 55	 1	 75	 136	 203	 1	 20	 46	 5	 3	 3	 289	 1187	 5	 3	 568	 307	 40	 6	 52	 28	 1344	 5	 3	 3	 3300	 102	 5	 3	 3	 234	 3	 50	 41	 5	
24	 100	 6	 35	 1	 8	 252	 18	 12	 9	 16	 32	 425	 4	 1823	 1332	 75	 134	 310	 535	 318	 7	 407	 543	 5	 3	 10	 394	 60	 7	 3	 374	 358	 5	 3	 1012	 3	 26	 1651	 15	 23	 44	 5	 3	 3	 3	 1012	 3	 1007	 41	
29	 1846	 27	 3216	 10	 379	 7	 447	 5	 3	 10	 306	 279	 835	 775	 82	 6	 447	 5	 3	 1624	 5	 3	 2132	 2132	 1068	 1	 446	 5	 3	 3	 5	 3	 3	 5	 3	 3	 3	 3	 5	 3	 3	 5	 3	 3	 3	 5	 3	 3	 3	
1649	 1	 64	 16	 32	 86	 22	 14	 272	 4	 47	 6	 331	 1722	 20	 8	 7	 12	 173	 1	 19	 318	 7	 26	 1077	 278	 18	 16	 32	 280	 4	 8	 5	 3	 3	 543	 5	 3	 3	 293	 5	 3	 3	 3	 3	 3	 173	 5	 3	 3	
93	 430	 585	 24	 1	 992	 15	 17	 1525	 5	 3	 28	 803	 4	 32	 1607	 5	 3	 680	 5	 3	 102	 3	 5	 3	 3	 3	 80	 2329	 5	 3	 3	 3	 3	 3	 535	 5	 3	 3	 71	 234	 29	 1444	 27	 5	 3	 3	 3	 3	 3	
14	 141	 242	 294	 1927	 39	 344	 82	 6	 21	 10	 6	 630	 1514	 128	 17	 539	 1627	 5	 3	 3	 3	 5	 3	 3	 289	 22	 17	 1814	 5	 3	 69	 5	 3	 3	 289	 5	 3	 71	 33	 69	 5	 3	 69	 3	 5	 3	 3	 3	 3	
13	 816	 18	 174	 48	 83	 46	 22	 83	 1031	 164	 191	 83	 216	 83	 46	 7	 4	 373	 156	 4	 603	 8	 54	 8	 836	 4	 6	 41	 5	 3	 3	 33	 346	 29	 71	 217	 22	 27	 5	 3	 3	 145	 33	 44	 954	 4	 350	 275	 12	
