72	 1554	 1	 70	 1	 145	 667	 1	 1	 1	 7	 1	 1	 1012	 7	 1	 1	 7	 109	 7	 1012	 4	 14	 268	 145	 5	 1138	 5	 5	 132	 1	 5	 1	 1	 5	 5	 65	 1	 1012	 5	 84	 7	 652	 886	 5	 5	 50	 4138	 1344	 65	
53	 236	 65	 1	 7	 1	 7	 61	 145	 1	 7	 1	 1	 5	 7	 5	 1	 7	 55	 5	 5	 5	 5	 7	 1	 5	 1	 5	 7	 284	 5	 5	 7	 41	 1	 5	 5	 5	 65	 7	 5	 5	 41	 5	 5	 7	 41	 1	 5	 5	
40	 8	 1120	 25	 4	 4	 4253	 1160	 4515	 1	 61	 2010	 6	 132	 11	 5	 7	 5	 5	 5	 5	 5	 5	 5	 5	 5	 5	 5	 5	 5	 5	 5	 5	 5	 5	 5	 5	 7	 5	 5	 5	 5	 5	 5	 5	 5	 5	 5	 5	 5	
24	 100	 10	 2884	 884	 4	 8	 1311	 4	 2748	 64	 2659	 5	 22	 145	 11	 1134	 5	 1	 5	 5	 1	 5	 1	 7	 5	 5	 5	 5	 1	 7	 5	 5	 5	 5	 5	 1	 5	 5	 5	 1	 1	 1	 1	 5	 5	 5	 5	 1	 5	
13	 16	 61	 16	 61	 65	 1	 7	 1	 5	 4	 1	 1	 7	 1	 5	 5	 1	 7	 1	 5	 65	 1	 5	 5	 1	 1012	 5	 1	 5	 5	 65	 1	 7	 5	 5	 7	 5	 5	 5	 7	 5	 5	 5	 1	 5	 5	 7	 7	 5	
40	 181	 1	 11	 30	 11	 16	 180	 5	 9	 1	 7	 5	 5	 7	 5	 5	 5	 5	 5	 5	 5	 5	 5	 5	 5	 5	 5	 5	 5	 5	 7	 1	 5	 1	 7	 5	 5	 5	 5	 7	 5	 5	 5	 5	 5	 5	 5	 5	 5	
23	 112	 25	 86	 9	 21	 42	 164	 5	 9	 5	 5	 65	 5	 5	 5	 70	 5	 5	 5	 5	 5	 5	 18	 5	 5	 42	 5	 5	 5	 5	 11	 5	 1	 5	 5	 5	 1	 1	 5	 1	 1	 5	 831	 5	 70	 5	 5	 5	 5	
2753	 361	 21	 7	 1	 1	 1269	 1	 5	 1012	 7	 137	 41	 5	 978	 1	 7	 50	 365	 5	 4	 1	 7	 5	 5	 522	 5	 5	 5	 5	 5	 5	 5	 1578	 5	 5	 5	 5	 5	 5	 5	 5	 5	 5	 5	 1	 1	 5	 5	 5	
23	 551	 2798	 34	 251	 7	 895	 11	 7	 5	 5	 1	 7	 1	 1	 1	 5	 1	 128	 5	 1	 1	 5	 5	 5	 1	 5	 1	 1	 7	 5	 5	 1	 1	 1	 1	 5	 5	 1	 1	 1	 1	 1	 5	 5	 1	 7	 5	 5	 5	
40	 8	 11	 11	 25	 4	 271	 4	 1235	 17	 1218	 1	 1	 5	 65	 1	 1	 1	 1	 1	 1	 1	 1	 1	 1	 1	 5	 1	 1	 1	 1	 1	 1	 5	 1	 5	 1	 5	 1	 1	 5	 1	 1	 1	 7	 1	 5	 5	 5	 5	
