102	 109	 74	 394	 3565	 1728	 459	 2930	 4467	 1424	 340	 340	 1515	 572	 166	 1515	 4134	 1657	 28	 376	 4395	 148	 2328	 376	 1888	 1348	 4116	 41	 1648	 617	 4551	 4965	 1036	 2484	 326	 326	 510	 3670	 4244	 749	 1904	 2008	 3538	 1097	 1976	 2765	 2765	 56	 2130	 160	
452	 139	 1172	 2646	 108	 252	 2860	 68	 3031	 1728	 1447	 241	 2629	 3799	 4385	 4965	 4998	 821	 1416	 450	 2675	 852	 2524	 400	 608	 400	 3565	 400	 4864	 3565	 4996	 1744	 1564	 1133	 2333	 1811	 562	 883	 340	 2748	 1845	 2141	 3454	 3995	 2292	 4126	 2246	 4089	 3995	 3297	
942	 208	 2385	 686	 3514	 513	 3221	 1127	 3701	 1866	 730	 514	 4235	 568	 355	 1320	 750	 1993	 2970	 3853	 1195	 4259	 655	 4092	 4220	 2022	 2456	 1178	 324	 2559	 4015	 694	 3728	 2413	 1795	 174	 1726	 718	 983	 2160	 983	 1450	 2860	 2860	 1795	 3069	 467	 3035	 1161	 467	
11	 3101	 2825	 2160	 3121	 2982	 3268	 19	 1918	 928	 444	 4515	 691	 3359	 2432	 2999	 4109	 1644	 3106	 4716	 4016	 3589	 3086	 3589	 2065	 3589	 3589	 4016	 2245	 3589	 4773	 1968	 2451	 1163	 2947	 1067	 1270	 4793	 3856	 2968	 1525	 4096	 923	 3665	 1292	 4793	 4725	 1480	 1601	 3967	
2952	 541	 2408	 1201	 3613	 2026	 4220	 2325	 3098	 1647	 2008	 202	 1556	 3930	 2597	 3603	 63	 336	 1998	 1423	 2751	 4107	 497	 1468	 1546	 2612	 3132	 2229	 3145	 3097	 4304	 1257	 1521	 977	 54	 2614	 2278	 2949	 3405	 3035	 3405	 604	 3098	 2904	 2904	 3074	 595	 1380	 4375	 8	
2906	 2807	 3687	 2891	 1572	 1441	 648	 654	 1024	 2432	 2355	 3580	 1999	 4515	 1067	 500	 1493	 2637	 2402	 114	 4515	 2961	 1635	 1857	 2028	 574	 1225	 3285	 1990	 1163	 4716	 1144	 2263	 1993	 400	 856	 2594	 3763	 4078	 4483	 1402	 1144	 1990	 4385	 1523	 660	 2187	 3549	 656	 174	
480	 3204	 2038	 3008	 4316	 1257	 1799	 1512	 1565	 2008	 2760	 989	 3266	 1756	 4092	 261	 1851	 2290	 1533	 601	 1444	 2246	 2235	 2274	 372	 2845	 1436	 4410	 972	 659	 3085	 3497	 1835	 2830	 1922	 953	 589	 1380	 2789	 1667	 2179	 3070	 1356	 2365	 4385	 4616	 3476	 343	 4716	 1250	
2328	 1640	 2038	 2850	 750	 528	 4252	 255	 135	 2842	 22	 8	 8	 295	 1904	 3992	 1273	 1881	 2075	 977	 2127	 400	 2886	 2075	 3372	 1676	 1280	 2799	 4212	 4212	 595	 2592	 2828	 3642	 2569	 4560	 3889	 3685	 1599	 708	 4259	 2529	 947	 3845	 2569	 1115	 2895	 1705	 2189	 4704	
1552	 198	 3464	 1445	 3301	 4611	 2138	 3968	 2049	 3157	 3005	 862	 3298	 3298	 3298	 1516	 1516	 2390	 924	 2390	 664	 1135	 2855	 2361	 3845	 838	 964	 1659	 154	 3324	 3110	 326	 326	 2411	 56	 1455	 957	 219	 3153	 2622	 3229	 1595	 2600	 2108	 297	 232	 2312	 1551	 2001	 249	
4918	 1692	 3346	 355	 1809	 1524	 3098	 333	 333	 439	 561	 333	 2355	 2355	 2355	 372	 2182	 2548	 3044	 359	 1201	 4092	 4981	 2850	 2850	 2710	 943	 849	 2376	 1750	 528	 528	 961	 3845	 2622	 2189	 3035	 600	 4632	 2057	 2954	 2057	 2486	 2483	 2448	 2285	 2285	 2285	 2622	 2014	
3326	 1239	 3221	 2076	 325	 51	 4341	 1271	 1823	 700	 1484	 892	 2930	 2930	 4897	 3509	 450	 2777	 450	 719	 290	 969	 20	 728	 686	 1369	 1281	 1622	 2713	 1466	 1572	 1580	 1459	 1888	 1721	 556	 1053	 510	 219	 219	 253	 219	 2138	 907	 1716	 1857	 2518	 2518	 2152	 914	
1314	 4898	 2038	 2471	 1257	 1325	 1990	 2038	 4134	 4375	 1990	 2008	 1292	 2081	 4554	 2866	 3826	 3098	 4927	 3230	 1524	 977	 3195	 2355	 2355	 3195	 439	 2215	 1883	 2650	 4012	 4092	 1808	 1057	 400	 2866	 3268	 675	 1203	 2885	 3307	 3268	 1557	 3577	 4155	 2289	 2289	 2845	 1875	 74	
226	 34	 1330	 290	 109	 212	 254	 585	 4	 3910	 2986	 942	 942	 132	 1360	 1250	 2569	 3471	 4847	 2462	 306	 3459	 1521	 4886	 632	 2382	 580	 238	 1521	 791	 244	 244	 2999	 2321	 443	 3525	 1087	 2865	 3952	 2410	 1081	 934	 1311	 1311	 2641	 3160	 1094	 1221	 2517	 2162	
2065	 1451	 1379	 4003	 2968	 1256	 3195	 12	 1575	 3603	 1673	 860	 1494	 295	 4170	 995	 1188	 1920	 3868	 2485	 2943	 1835	 3405	 2229	 4821	 2137	 2483	 2751	 2437	 1711	 4244	 3872	 3147	 3091	 3001	 4786	 4786	 862	 4631	 1774	 624	 624	 3516	 1375	 3957	 1170	 2304	 3378	 1489	 2435	
1807	 590	 1661	 1661	 394	 1509	 522	 349	 2526	 1476	 877	 894	 3132	 1118	 510	 1203	 1759	 2471	 333	 2999	 2999	 3591	 2285	 2285	 4786	 4653	 2271	 1047	 2734	 2271	 4090	 1837	 2744	 2234	 1154	 973	 1635	 1904	 706	 935	 735	 821	 3826	 3720	 1489	 156	 3826	 2253	 2130	 997	
1552	 978	 2809	 2485	 2485	 2023	 2463	 1547	 1415	 403	 2450	 3115	 3297	 3890	 3839	 1635	 2623	 4950	 707	 1187	 3316	 3316	 3316	 2957	 1023	 1059	 721	 748	 1481	 2230	 1293	 3168	 1835	 3507	 1411	 4451	 3438	 3106	 3398	 4535	 3409	 3355	 2267	 3679	 2855	 4604	 4436	 477	 5	 1543	
4536	 363	 3724	 1364	 1965	 2464	 3856	 2228	 623	 3298	 3398	 4959	 555	 555	 3210	 1041	 3464	 2789	 3500	 2532	 2562	 2562	 2562	 1904	 655	 655	 1226	 3160	 3160	 1079	 914	 1084	 2587	 2456	 871	 241	 4953	 2226	 1136	 2210	 2154	 2227	 900	 3889	 1585	 299	 4240	 1124	 988	 422	
1232	 3398	 2179	 2744	 2137	 4071	 2359	 3008	 1711	 1962	 2565	 1717	 463	 2558	 2558	 2428	 1507	 2880	 1679	 27	 1693	 1203	 2437	 2073	 1246	 2845	 788	 790	 2845	 140	 3528	 1585	 27	 3717	 3517	 27	 635	 3184	 1990	 136	 1525	 1097	 2394	 1097	 1525	 1525	 1661	 2553	 1995	 1286	
6	 9	 12	 33	 26	 26	 925	 1328	 3862	 36	 12	 2190	 12	 72	 828	 1239	 3537	 508	 508	 1190	 357	 393	 10	 3218	 72	 1369	 1369	 10	 187	 4	 444	 31	 667	 2422	 12	 93	 168	 312	 24	 281	 2845	 24	 24	 281	 713	 1580	 1480	 1580	 3334	 3513	
3956	 1042	 1174	 728	 732	 1327	 3635	 3356	 4493	 852	 2082	 3324	 2659	 756	 2659	 550	 411	 3306	 1737	 290	 373	 718	 3790	 3324	 1010	 1010	 2463	 3527	 2298	 2318	 3998	 205	 622	 334	 2181	 1701	 297	 2082	 969	 1456	 3948	 2161	 558	 329	 329	 1573	 1288	 879	 2032	 2032	
54	 297	 2484	 237	 649	 1353	 4361	 1402	 1763	 1990	 2462	 943	 3344	 3118	 2519	 2569	 3035	 379	 2398	 583	 193	 3142	 193	 2593	 2943	 2136	 2622	 707	 4809	 3693	 3090	 3090	 2760	 2622	 583	 1888	 2760	 1888	 1456	 3113	 2160	 2437	 1536	 1536	 4200	 2842	 2182	 857	 2182	 1360	
62	 137	 125	 8	 578	 12	 3788	 2006	 667	 847	 1490	 2763	 791	 200	 131	 1406	 1020	 200	 3103	 2355	 4084	 1953	 12	 849	 3371	 1861	 69	 2182	 3008	 3891	 1929	 3710	 3097	 1158	 3467	 582	 4094	 973	 1047	 3018	 717	 2471	 1322	 20	 970	 925	 3228	 2734	 4212	 1321	
23	 9	 12	 585	 12	 326	 17	 1024	 72	 705	 208	 496	 556	 371	 12	 2845	 4385	 1702	 1243	 140	 334	 802	 5	 3833	 1792	 138	 2452	 1739	 802	 2684	 2192	 2079	 369	 583	 2265	 2452	 1908	 1242	 3276	 2247	 62	 506	 1096	 506	 506	 506	 3917	 1108	 1108	 358	
14	 44	 14	 3021	 17	 1624	 1722	 1722	 1052	 2865	 4113	 4113	 1260	 2459	 383	 2342	 2409	 848	 15	 2110	 27	 1429	 26	 371	 292	 234	 529	 441	 2091	 279	 3268	 15	 93	 759	 27	 2845	 2845	 2845	 2845	 2845	 2845	 952	 791	 34	 27	 522	 195	 18	 95	 1151	
15	 2038	 1679	 4797	 3344	 3344	 4515	 3396	 3107	 2673	 730	 3390	 2529	 3390	 229	 3600	 1081	 3298	 3298	 3257	 730	 1921	 2082	 1921	 2845	 612	 2845	 3524	 2272	 3588	 3701	 2140	 2951	 2326	 1423	 623	 2612	 3124	 2325	 3453	 4244	 2612	 1968	 4244	 1565	 2431	 1565	 2489	 1719	 3397	
34	 446	 3	 137	 1965	 34	 2970	 766	 1021	 1225	 4477	 841	 841	 282	 3242	 3300	 3685	 3808	 3685	 905	 1378	 565	 1005	 1371	 574	 472	 4367	 1722	 67	 905	 905	 3570	 3371	 1076	 1381	 1381	 271	 2160	 26	 200	 1611	 2555	 1881	 875	 1408	 1817	 218	 869	 306	 306	
110	 2211	 359	 4849	 286	 296	 473	 1968	 868	 1201	 561	 1201	 4759	 2623	 1783	 2751	 751	 1572	 2824	 4593	 1572	 4683	 1326	 1075	 1198	 2850	 718	 429	 1521	 608	 3359	 109	 497	 497	 4379	 2176	 2355	 3585	 3016	 3233	 2075	 1596	 1249	 2127	 1290	 3889	 1253	 2050	 3640	 2182	
942	 2757	 1013	 1013	 2979	 1439	 743	 403	 4401	 275	 740	 2921	 924	 204	 1415	 3344	 1422	 2022	 2390	 1726	 2918	 4903	 4379	 2229	 2430	 3035	 4316	 1505	 2790	 1750	 4316	 3160	 2230	 2760	 1787	 1024	 2022	 2022	 655	 4092	 96	 4092	 4092	 1539	 2376	 1953	 1953	 1120	 3152	 2542	
894	 2038	 1640	 1032	 2127	 1676	 1188	 2408	 905	 53	 1873	 1108	 1957	 2888	 4337	 997	 2845	 2841	 1163	 1163	 660	 2845	 2845	 4259	 896	 4495	 807	 807	 871	 3390	 2415	 2127	 2127	 1393	 3430	 1128	 958	 2886	 3966	 2725	 770	 2669	 2521	 4099	 3471	 3086	 3089	 3100	 4244	 3471	
62	 292	 1060	 42	 523	 1300	 672	 3552	 897	 3360	 2184	 612	 1254	 3688	 110	 1451	 62	 1469	 3837	 1846	 56	 3837	 1572	 2143	 1369	 730	 881	 352	 655	 119	 413	 510	 3850	 446	 952	 2760	 655	 3839	 3589	 3589	 1193	 1036	 54	 1050	 142	 1411	 54	 2022	 904	 645	
1853	 2807	 4003	 2509	 742	 134	 1201	 2137	 4553	 4316	 742	 4048	 3300	 2008	 1883	 2025	 4948	 1262	 721	 4515	 1533	 1533	 1826	 1740	 3920	 2485	 4515	 2485	 3868	 2944	 3471	 1416	 4838	 1757	 2794	 4437	 1543	 655	 655	 655	 1565	 4998	 3453	 3453	 2622	 3324	 1606	 2123	 683	 2149	
100	 2038	 2038	 3406	 2038	 1489	 1290	 4927	 1050	 1640	 3570	 678	 2689	 2677	 1451	 2039	 1451	 1510	 914	 2288	 2149	 2986	 664	 992	 400	 400	 1700	 3770	 3837	 2245	 1999	 1156	 1799	 4244	 2039	 3830	 1563	 1451	 400	 512	 4071	 1990	 400	 4304	 2355	 3086	 2830	 663	 1801	 2959	
2439	 2784	 4613	 2751	 2880	 2850	 2188	 1201	 589	 1891	 3868	 3100	 3100	 3268	 1662	 3889	 2728	 958	 781	 4346	 3035	 1163	 1163	 1163	 2623	 2080	 2947	 4524	 1891	 3262	 3848	 3262	 1448	 3516	 2839	 1685	 2160	 2075	 2065	 1482	 2083	 1061	 1595	 1595	 1565	 4244	 897	 2608	 1603	 4244	
38	 813	 971	 164	 653	 2850	 3040	 1203	 1350	 1415	 1130	 3098	 2662	 1292	 100	 4452	 4495	 1201	 1512	 1266	 3893	 3766	 3068	 1413	 4452	 2401	 2622	 2050	 400	 2312	 3552	 3268	 1846	 1203	 589	 3129	 400	 400	 400	 192	 400	 2880	 1775	 3116	 3603	 3153	 3453	 372	 3319	 400	
26	 58	 879	 968	 145	 2140	 2025	 617	 1825	 642	 729	 990	 1888	 1888	 657	 1152	 2355	 3639	 2862	 3716	 1453	 4137	 3845	 2541	 398	 2909	 2583	 1138	 4472	 2961	 154	 625	 861	 1138	 617	 1917	 102	 849	 677	 3502	 3543	 3438	 3285	 4848	 2437	 2521	 3122	 2522	 2318	 3153	
2003	 1	 3836	 1954	 1954	 3257	 2727	 1389	 1384	 1532	 3989	 3856	 4705	 3326	 2677	 647	 981	 2130	 2103	 1995	 1362	 2065	 2521	 3622	 466	 2257	 514	 1563	 1556	 333	 1929	 2888	 716	 368	 408	 1746	 2658	 4337	 3853	 4200	 957	 3009	 4043	 1550	 976	 593	 35	 3937	 1263	 2119	
2077	 2784	 2160	 3031	 3697	 8	 8	 1565	 1340	 691	 2358	 1990	 1413	 4510	 1007	 1280	 1201	 1201	 1201	 2471	 400	 1990	 577	 3001	 1188	 3051	 3236	 3599	 2355	 2751	 2237	 1225	 3620	 1188	 717	 3502	 4347	 2850	 2483	 4919	 1117	 3889	 1565	 2990	 2050	 2086	 2050	 2662	 1494	 2662	
34	 9	 15	 125	 718	 1503	 254	 2615	 612	 3528	 4671	 848	 1490	 1211	 3868	 3868	 1444	 1903	 1371	 369	 1315	 3145	 3248	 369	 1722	 1722	 1118	 2389	 220	 2130	 545	 2189	 2198	 752	 2265	 3519	 2961	 20	 3447	 1269	 271	 3300	 2176	 342	 60	 336	 2198	 3034	 1270	 2224	
1725	 2058	 338	 395	 238	 2352	 2181	 2748	 2748	 268	 199	 1391	 4813	 4134	 3712	 4134	 4134	 3356	 1258	 3839	 1196	 3356	 2436	 4814	 2899	 677	 3502	 1233	 1729	 1525	 1463	 1884	 2597	 217	 919	 1945	 2541	 1010	 1898	 2494	 1378	 1010	 3980	 3476	 3476	 2837	 928	 1228	 2641	 2150	
1418	 1656	 1279	 1115	 8	 2414	 827	 1813	 1328	 477	 589	 1326	 897	 1415	 2537	 2614	 2391	 3378	 468	 2356	 2593	 3640	 2450	 1746	 2274	 2839	 2596	 2884	 2013	 2493	 971	 1196	 398	 818	 971	 932	 2145	 2145	 280	 861	 743	 280	 429	 1355	 2909	 3940	 3856	 3976	 1529	 2463	
1201	 1451	 1725	 4248	 3021	 411	 1472	 4352	 2896	 2967	 3613	 2057	 2036	 2036	 460	 2162	 3068	 3925	 1571	 3925	 1524	 4244	 1182	 3035	 3132	 1768	 1750	 2615	 2850	 2622	 967	 1750	 1451	 2557	 849	 849	 3405	 849	 2622	 3132	 3558	 1204	 4864	 3132	 4000	 4953	 4953	 3153	 1558	 4737	
67	 2019	 2119	 1711	 609	 1201	 2760	 2842	 3516	 3790	 2622	 3459	 3053	 4927	 1282	 1282	 4548	 2620	 1811	 4548	 2945	 4252	 3404	 3478	 2255	 2895	 2881	 1763	 2220	 3268	 2355	 1286	 1050	 2075	 608	 1925	 3663	 3222	 12	 1909	 1282	 3295	 1093	 1925	 2246	 2797	 3728	 1251	 2382	 2230	
1382	 1702	 1318	 1755	 570	 897	 4707	 1737	 3035	 3035	 3170	 3035	 2280	 2096	 3123	 2526	 233	 3848	 724	 1350	 1929	 478	 898	 3099	 2623	 4022	 290	 236	 3613	 987	 492	 3989	 8	 247	 2795	 2025	 2025	 3830	 3889	 2976	 4767	 3066	 1887	 2587	 3066	 1543	 708	 708	 4244	 399	
1145	 347	 105	 844	 354	 357	 3591	 2410	 524	 138	 506	 2505	 246	 3979	 3747	 2804	 3524	 2868	 3840	 1763	 3591	 3255	 409	 1728	 1844	 1391	 4026	 1348	 971	 1047	 1391	 1452	 238	 423	 4089	 3983	 522	 1138	 839	 2821	 1222	 943	 1810	 2223	 2847	 1429	 3579	 645	 3479	 4827	
34	 1846	 662	 125	 2383	 188	 424	 1220	 2175	 1186	 779	 841	 166	 2070	 4385	 3281	 1170	 1170	 4655	 574	 1371	 1005	 3838	 2763	 1005	 3589	 1005	 1005	 2615	 4883	 1060	 3589	 2287	 945	 3778	 2263	 260	 72	 1715	 1014	 2510	 644	 2510	 662	 2834	 2510	 250	 4298	 1713	 2154	
4938	 1451	 1577	 735	 1243	 3268	 368	 342	 1348	 977	 1909	 977	 4019	 1282	 2229	 4443	 1569	 4385	 2815	 3258	 1141	 1973	 4085	 3602	 1130	 635	 2300	 2229	 4314	 1201	 1380	 1380	 2790	 2991	 1716	 4302	 2244	 4059	 2050	 1716	 359	 1201	 2326	 3346	 4859	 2229	 1716	 1716	 2229	 1223	
20	 199	 137	 1965	 54	 62	 23	 13	 1371	 1371	 666	 71	 337	 95	 26	 2931	 1060	 3358	 22	 466	 1356	 1993	 22	 1060	 34	 1248	 1005	 1005	 93	 381	 3130	 775	 2845	 1282	 2845	 441	 2287	 2258	 1225	 1270	 27	 18	 18	 1357	 337	 119	 4137	 67	 13	 2095	
34	 2262	 74	 131	 3081	 1224	 3800	 4835	 11	 3081	 3951	 3951	 1378	 459	 1388	 1371	 521	 810	 399	 1329	 2988	 1224	 54	 964	 918	 172	 452	 358	 175	 150	 1004	 1430	 149	 1243	 976	 4385	 3626	 1888	 1888	 1888	 101	 1806	 1806	 4615	 3366	 3655	 3471	 1092	 93	 1028	
93	 1792	 15	 411	 496	 496	 21	 769	 2803	 710	 140	 42	 725	 12	 456	 24	 1578	 612	 1	 1005	 220	 1207	 715	 1710	 1475	 2961	 361	 134	 45	 807	 1032	 1158	 130	 726	 192	 3	 3877	 3152	 540	 1108	 2845	 1050	 2845	 510	 1451	 1005	 612	 612	 612	 612	
62	 808	 2717	 1509	 864	 27	 42	 26	 655	 2999	 725	 725	 18	 945	 2626	 2626	 2626	 3195	 4602	 828	 496	 316	 331	 41	 331	 1792	 1792	 27	 759	 872	 1425	 2873	 1580	 1580	 1580	 1580	 2872	 67	 589	 1739	 675	 18	 18	 1032	 15	 2210	 1371	 1600	 1442	 1943	
34	 510	 125	 8	 125	 1409	 534	 19	 110	 2667	 2850	 227	 1126	 2007	 2007	 46	 18	 2179	 334	 1058	 1990	 213	 213	 3802	 2987	 3615	 735	 1936	 150	 1504	 3372	 2382	 1936	 2473	 3924	 3286	 561	 614	 2720	 297	 278	 995	 455	 1521	 2528	 3026	 947	 220	 1599	 896	
2948	 1853	 4035	 164	 778	 1429	 990	 2328	 3293	 1299	 1761	 4999	 1409	 1178	 1067	 1067	 1067	 1726	 2404	 3372	 2087	 3411	 1326	 400	 2404	 2178	 2316	 3268	 27	 2992	 2198	 2198	 2617	 2230	 1059	 200	 3168	 509	 1391	 509	 4107	 1360	 1195	 1426	 1391	 1360	 3136	 2491	 4808	 1290	
952	 978	 4880	 3170	 2272	 4574	 966	 3226	 1056	 2129	 96	 1203	 1509	 2099	 2849	 1669	 3301	 818	 8	 718	 1178	 3080	 322	 1031	 1904	 3639	 363	 2128	 2839	 2210	 281	 2183	 988	 2839	 1295	 2183	 1295	 4530	 1887	 500	 2853	 1177	 2284	 1543	 3600	 2879	 3249	 1261	 4847	 1475	
497	 1279	 2936	 2766	 2662	 2751	 4385	 2751	 4677	 2751	 2075	 1441	 135	 2945	 1254	 2539	 1557	 3268	 1543	 2535	 1050	 2535	 1711	 1203	 2235	 3268	 4826	 4515	 1520	 4927	 3980	 761	 4948	 1835	 953	 4016	 961	 1835	 1835	 497	 4677	 1835	 1733	 4244	 1768	 2065	 3195	 439	 439	 3072	
951	 778	 655	 1338	 682	 1983	 2930	 414	 2140	 1935	 1831	 1648	 375	 1363	 375	 1219	 106	 1979	 266	 445	 142	 847	 3842	 655	 2140	 1661	 166	 655	 973	 1418	 29	 1542	 1480	 973	 1935	 655	 907	 655	 907	 1442	 2273	 2074	 1839	 3706	 3865	 725	 1935	 1839	 1262	 3565	
3125	 36	 2313	 550	 3185	 90	 4299	 1916	 109	 850	 3451	 1849	 2990	 1648	 2074	 306	 24	 2287	 545	 1708	 1195	 4260	 3593	 4814	 1865	 593	 510	 1111	 847	 97	 219	 219	 3670	 2061	 1899	 1529	 1357	 3866	 4293	 506	 506	 1173	 4732	 769	 142	 1421	 3826	 486	 2079	 1722	
1451	 1802	 460	 2850	 1444	 229	 1029	 533	 3830	 96	 164	 2355	 1249	 1075	 1783	 2090	 1182	 1164	 3300	 98	 3976	 2834	 3976	 4496	 811	 2789	 3241	 1251	 4793	 1788	 4313	 3241	 745	 456	 1360	 2439	 53	 3564	 166	 368	 281	 400	 400	 400	 2751	 2040	 3901	 400	 950	 4316	
891	 1398	 1978	 2060	 4849	 3584	 4316	 4316	 2376	 2587	 2758	 3229	 1907	 2760	 3790	 2008	 1357	 1997	 4888	 3677	 3575	 2057	 3735	 2057	 2057	 255	 2510	 3525	 540	 1254	 3626	 659	 1512	 1489	 1201	 2842	 190	 1788	 3763	 1851	 497	 497	 2675	 3558	 1904	 1904	 1904	 2622	 663	 1541	
9	 36	 243	 1501	 1231	 1231	 224	 2431	 2777	 929	 3323	 468	 929	 2464	 1648	 1056	 4452	 3123	 1502	 619	 396	 340	 20	 400	 595	 1454	 2070	 293	 43	 20	 1454	 1454	 347	 1454	 156	 253	 2330	 657	 187	 422	 1792	 138	 187	 192	 775	 775	 2750	 2256	 593	 775	
855	 2057	 3098	 333	 2326	 2392	 3845	 190	 2569	 3019	 1469	 1360	 2529	 1360	 2529	 182	 1722	 8	 1917	 1163	 2355	 2355	 2901	 3808	 2614	 156	 3808	 2737	 1918	 849	 1195	 619	 2662	 3187	 3589	 2298	 3221	 1411	 3059	 4786	 3589	 3589	 4385	 4403	 2535	 2249	 691	 1843	 3989	 2437	
34	 137	 5	 42	 18	 1490	 3098	 894	 293	 3389	 3180	 3389	 3029	 3567	 598	 1809	 1809	 5	 441	 160	 678	 1373	 2764	 22	 22	 1484	 4320	 1484	 1484	 279	 2220	 3298	 3298	 95	 1934	 3298	 3119	 940	 2481	 2482	 2352	 2450	 1908	 1095	 1340	 4043	 3808	 565	 454	 237	
1780	 861	 2404	 664	 2219	 2632	 3134	 3134	 565	 1395	 1395	 3374	 3170	 2621	 3168	 2773	 2968	 3170	 4740	 1181	 4311	 3692	 887	 1291	 852	 1291	 1291	 549	 230	 1914	 1815	 942	 1815	 19	 2256	 284	 1657	 198	 309	 1024	 3950	 4410	 3392	 905	 905	 971	 166	 1469	 166	 1515	
882	 2385	 3724	 1055	 1115	 1904	 1223	 1589	 1589	 2140	 1493	 1524	 924	 924	 2979	 924	 2005	 1729	 1997	 3025	 1925	 2762	 4514	 2596	 2953	 2437	 1663	 1861	 1541	 824	 741	 2382	 233	 233	 438	 233	 707	 2433	 766	 1726	 144	 741	 337	 4894	 1212	 2442	 1269	 3025	 2436	 645	
4379	 2908	 2391	 3268	 1436	 2713	 971	 1688	 971	 1201	 2587	 214	 1990	 1740	 214	 1380	 3195	 3735	 961	 717	 1254	 1990	 1159	 1254	 1254	 1254	 4284	 756	 119	 3734	 4281	 4429	 2288	 3950	 2503	 3430	 2594	 3300	 3132	 2057	 3912	 3372	 352	 1826	 1700	 3336	 1360	 2323	 333	 921	
3936	 3804	 1110	 3225	 1676	 3387	 3351	 318	 2131	 1481	 3714	 3356	 3025	 2130	 3415	 2894	 924	 924	 555	 3025	 1744	 602	 897	 2837	 2659	 3150	 3297	 1654	 4066	 3980	 2904	 2045	 1096	 4537	 763	 2590	 943	 1830	 439	 3745	 3270	 3270	 3270	 3270	 700	 1838	 3714	 1369	 1135	 2444	
131	 2026	 595	 4244	 497	 508	 1339	 3956	 1473	 1201	 1201	 1262	 3335	 3145	 139	 139	 139	 4014	 1061	 1061	 4014	 884	 2187	 4863	 4935	 2593	 1522	 1522	 2230	 1201	 3328	 1201	 4014	 4014	 3889	 3153	 2496	 2895	 4137	 4041	 4014	 2895	 999	 2569	 3808	 3487	 2263	 1595	 1269	 2263	
62	 247	 488	 125	 523	 1012	 523	 929	 2713	 138	 292	 292	 536	 72	 72	 72	 355	 3083	 1373	 1353	 1243	 1861	 134	 134	 1312	 735	 735	 2905	 2717	 130	 578	 3290	 140	 276	 279	 4	 1802	 1203	 253	 884	 2383	 279	 4653	 1713	 2012	 2930	 1454	 208	 3255	 369	
540	 234	 1838	 773	 1897	 445	 3965	 2626	 667	 667	 3144	 1026	 219	 1081	 1026	 779	 2883	 1583	 1956	 2140	 861	 2549	 1886	 1563	 562	 3755	 268	 1454	 48	 3863	 1332	 154	 570	 570	 1332	 570	 2271	 3863	 1510	 1106	 1085	 4111	 450	 4385	 381	 574	 396	 230	 549	 1362	
159	 38	 1758	 124	 2464	 3383	 2841	 1654	 2748	 303	 1835	 2834	 895	 2464	 2634	 3968	 3655	 3655	 4285	 3796	 3539	 3048	 3089	 2150	 1607	 4465	 1363	 1295	 1122	 4031	 2406	 561	 436	 1516	 3968	 2637	 4042	 821	 1363	 3471	 4167	 1599	 1380	 2464	 709	 1338	 824	 198	 1652	 1914	
2161	 423	 2729	 822	 1087	 3500	 966	 2300	 3795	 3170	 2579	 4259	 157	 1181	 1005	 735	 4212	 2025	 4264	 4782	 725	 725	 725	 725	 4387	 1036	 3170	 3098	 1195	 27	 2541	 1291	 1181	 613	 2353	 1181	 3811	 2559	 3639	 1168	 905	 611	 3515	 2625	 391	 2590	 718	 3459	 4354	 469	
1944	 2049	 933	 2988	 2414	 2351	 1058	 4616	 3842	 859	 696	 344	 3600	 962	 3430	 358	 2605	 3408	 3118	 897	 4003	 3207	 1322	 1925	 895	 1925	 1293	 3356	 3180	 1582	 3266	 1203	 4901	 2356	 1874	 885	 2351	 3170	 1605	 1624	 1836	 1836	 723	 374	 1148	 90	 4367	 737	 3374	 589	
6	 137	 72	 161	 17	 1721	 2164	 1294	 2581	 974	 1945	 142	 56	 855	 561	 561	 4385	 253	 667	 2764	 2135	 1255	 2748	 1111	 237	 3589	 2510	 2911	 171	 171	 171	 171	 171	 12	 3670	 3670	 297	 12	 495	 543	 655	 655	 2510	 1145	 3740	 2646	 3720	 3447	 1075	 3061	
62	 137	 1050	 837	 726	 182	 208	 940	 27	 2281	 522	 2070	 2950	 4935	 3307	 111	 259	 69	 2909	 2265	 369	 2265	 105	 2040	 1278	 473	 3064	 175	 1619	 3814	 333	 2134	 333	 2071	 3170	 333	 333	 12	 508	 2006	 333	 34	 1826	 1085	 18	 3537	 171	 374	 1429	 282	
79	 1487	 223	 3587	 28	 268	 1218	 775	 459	 175	 2356	 2061	 175	 568	 175	 306	 459	 1053	 145	 545	 248	 1039	 1888	 2462	 2060	 3036	 156	 3036	 22	 1157	 3465	 965	 1118	 1108	 1369	 4942	 1563	 1563	 1369	 1600	 567	 1338	 1851	 2398	 1731	 1888	 4030	 2541	 1467	 4875	
1106	 2038	 2576	 4744	 2842	 911	 1635	 1410	 3132	 849	 3709	 4060	 4539	 4539	 3609	 2610	 1061	 1061	 2160	 719	 1170	 2355	 3575	 518	 3060	 1874	 1047	 3868	 4605	 4398	 1097	 1799	 2623	 1568	 561	 845	 849	 849	 2984	 2824	 2824	 2137	 2446	 2355	 1999	 1557	 3116	 4022	 1164	 2539	
