77	 16	 180	 11	 285	 12	 9	 24	 1001	 376	 6	 81	 22	 6	 41	 5	 3	 33	 44	 7	 894	 300	 56	 33	 850	 26	 6	 55	 59	 621	 15	 1106	 4	 6	 1431	 65	 35	 10	 12	 129	 5	 3	 3	 593	 3	 3	 5	 3	 3	 2143	
110	 16	 32	 38	 74	 4	 74	 73	 514	 32	 86	 1	 875	 22	 6	 151	 10	 12	 90	 88	 9	 5	 3	 3	 775	 775	 19	 84	 441	 5	 3	 3	 3	 3	 1497	 55	 488	 1450	 16	 32	 86	 4	 206	 8	 15	 1381	 11	 299	 96	 5	
23	 398	 2326	 87	 22	 6	 35	 145	 155	 7	 1	 40	 34	 1	 6	 351	 154	 256	 56	 795	 10	 6	 583	 7	 583	 5	 3	 3	 2181	 19	 6	 5	 3	 3	 2020	 5	 3	 3	 2743	 5	 3	 3	 5	 3	 5	 3	 3	 5	 3	 3	
15	 245	 4	 6	 278	 1	 13	 16	 21	 12	 31	 9	 15	 292	 4	 275	 490	 88	 904	 10	 14	 55	 1400	 14	 41	 7	 591	 14	 35	 64	 19	 84	 414	 97	 11	 205	 5	 3	 3	 3	 3	 19	 97	 5	 3	 2698	 29	 19	 67	 13	
8	 164	 1268	 6	 1095	 33	 151	 10	 62	 141	 242	 294	 11	 242	 612	 38	 8	 54	 8	 217	 6	 212	 1010	 222	 5	 3	 234	 10	 242	 332	 7	 6	 263	 5	 3	 3	 5	 3	 3	 5	 3	 3	 52	 691	 3	 3	 55	 3	 3	 3	
13	 57	 25	 212	 161	 250	 4	 1305	 90	 88	 1	 28	 25	 31	 9	 5	 3	 3	 33	 44	 7	 1	 26	 248	 10	 17	 95	 189	 22	 12	 114	 5	 3	 3	 880	 775	 5	 3	 3	 50	 41	 68	 74	 5	 3	 3	 1012	 3	 3	 3	
413	 16	 32	 514	 19	 3432	 40	 8	 37	 555	 310	 121	 16	 48	 6	 558	 4	 104	 95	 92	 11	 35	 15	 18	 312	 5	 3	 3	 862	 5	 3	 3	 172	 3	 3	 5	 3	 3	 135	 3	 5	 3	 3	 5	 3	 3	 5	 3	 74	 717	
13	 2338	 23	 223	 4	 14	 281	 195	 233	 43	 72	 13	 51	 1	 21	 7	 132	 9	 43	 8	 63	 3	 1	 857	 1	 7	 12	 21	 10	 6	 35	 5	 3	 234	 3	 3	 3	 3	 3	 3	 3	 3	 1378	 33	 44	 5	 3	 3	 3	 3	
578	 95	 1028	 10	 14	 50	 53	 16	 32	 110	 1498	 3932	 4	 6	 564	 56	 7	 1487	 10	 6	 1981	 36	 32	 22	 292	 29	 11	 3784	 27	 20	 17	 682	 304	 3441	 5	 3	 3	 537	 1692	 69	 10	 5	 3	 0	 0	 0	 0	 0	 0	 0	
255	 7	 255	 10	 6	 45	 76	 56	 90	 88	 9	 28	 86	 4	 1517	 9	 18	 28	 1142	 24	 45	 66	 7	 16	 21	 18	 9	 4	 542	 6	 102	 10	 174	 4	 14	 41	 1	 7	 4	 201	 6	 52	 3	 3	 192	 5	 3	 3	 618	 10	
3	 3492	 1	 717	 5	 3	 3	 3	 3	 1180	 3	 5	 3	 5	 3	 3	 173	 3	 3	 173	 3	 3	 4368	 3954	 704	 29	 2236	 849	 4	 26	 28	 780	 197	 27	 3	 3	 3	 704	 29	 71	 1435	 69	 27	 5	 3	 3	 92	 3	 3	 3	
2494	 56	 510	 4	 111	 196	 951	 4258	 36	 834	 32	 1	 1325	 7	 225	 599	 38	 7	 43	 156	 5	 3	 3	 279	 4351	 1	 6	 168	 1	 7	 6	 243	 10	 42	 87	 29	 75	 6	 297	 10	 16	 25	 32	 86	 24	 259	 27	 5	 3	 3	
52	 144	 16	 504	 95	 9	 29	 42	 26	 6	 341	 390	 27	 22	 12	 114	 56	 421	 29	 399	 27	 16	 32	 158	 4	 206	 12	 546	 11	 526	 5	 3	 3	 27	 5	 3	 3	 3300	 5	 3	 3	 192	 5	 3	 3	 5	 3	 3	 123	 2263	
367	 92	 29	 75	 6	 178	 63	 27	 98	 1	 59	 1	 288	 102	 29	 260	 195	 1351	 7	 14	 27	 1	 65	 52	 144	 382	 1332	 42	 26	 63	 3	 1	 1	 240	 70	 1830	 10	 14	 41	 5	 3	 3	 3	 3	 3	 2869	 56	 1015	 398	 147	
72	 1034	 402	 7	 641	 9	 3	 3	 3	 1	 179	 640	 960	 7	 179	 749	 3	 307	 18	 8	 58	 283	 7	 180	 12	 33	 172	 82	 14	 55	 5	 3	 3	 1820	 44	 1927	 52	 144	 5	 3	 3	 3	 3	 520	 5	 3	 3	 3	 3	 3	
72	 112	 750	 4757	 324	 6	 118	 227	 3	 227	 3	 227	 611	 1012	 3	 754	 33	 223	 227	 3	 0	 0	 0	 0	 0	 0	 0	 0	 0	 0	 0	 0	 0	 0	 0	 0	 0	 0	 0	 0	 0	 0	 0	 0	 0	 0	 0	 0	 0	 0	
110	 55	 619	 16	 32	 2271	 24	 30	 78	 174	 29	 71	 343	 1584	 69	 27	 5	 3	 2538	 1624	 5	 3	 3	 3	 5	 3	 3	 515	 5	 3	 3	 234	 3	 135	 10	 234	 10	 6	 2786	 5	 3	 3	 1472	 3	 3	 5	 3	 3	 3300	 3	
3	 1	 2203	 3	 7	 431	 279	 29	 372	 27	 17	 136	 129	 29	 11	 136	 203	 27	 3	 60	 7	 3	 3	 279	 734	 3	 10	 652	 29	 71	 71	 255	 69	 27	 5	 3	 3	 3	 3	 3	 55	 69	 3	 3	 3	 3	 3	 263	 5	 3	
12	 4430	 2192	 6	 55	 28	 6	 254	 371	 8	 287	 12	 293	 7	 410	 283	 22	 6	 103	 7	 867	 12	 81	 5	 3	 1055	 69	 5	 3	 3	 135	 5	 3	 3	 452	 73	 148	 5	 3	 5	 3	 3	 721	 5	 3	 3	 55	 5	 3	 3	
17	 1986	 1153	 16	 638	 15	 67	 6	 97	 8	 37	 100	 5	 3	 3	 102	 33	 626	 24	 837	 56	 50	 41	 70	 422	 129	 5	 3	 3	 3	 3	 3	 3	 3	 3	 3	 3	 3038	 5	 3	 3	 3	 3	 691	 5	 3	 3	 3	 3	 3	
13	 16	 329	 128	 285	 46	 22	 14	 55	 5	 3	 575	 1503	 3	 3	 1418	 15	 23	 84	 33	 223	 452	 575	 6	 452	 234	 191	 6	 254	 452	 6	 2282	 4568	 5	 3	 3	 5	 3	 135	 5	 3	 3	 5	 3	 135	 5	 3	 346	 452	 452	
15	 245	 1	 110	 10	 6	 9	 297	 16	 32	 243	 4	 3274	 1	 306	 1	 160	 4291	 1	 42	 26	 930	 1	 11	 4	 2934	 6	 854	 11	 1605	 4	 64	 5	 3	 3	 531	 5	 3	 3	 135	 5	 3	 5	 3	 3	 656	 5	 3	 3	 1185	
8	 48	 6	 209	 4	 63	 3	 9	 67	 13	 51	 38	 8	 82	 23	 2331	 352	 791	 32	 845	 1194	 5	 3	 3	 5	 3	 669	 853	 5	 3	 3	 293	 5	 3	 3	 1185	 5	 3	 3	 227	 3	 1185	 1289	 5	 3	 931	 3	 5	 3	 1289	
915	 3015	 1	 1871	 3	 3	 3	 33	 863	 3	 665	 3	 3174	 33	 44	 1826	 2974	 1874	 106	 71	 71	 606	 12	 33	 744	 69	 20	 442	 4	 63	 3	 151	 7	 645	 166	 71	 159	 1	 49	 145	 151	 7	 645	 5	 3	 69	 3	 3	 44	 568	
606	 12	 31	 9	 3	 3	 3	 3	 3	 2554	 3	 3	 253	 9	 3	 198	 676	 29	 17	 27	 67	 28	 94	 238	 5	 3	 3	 293	 5	 3	 84	 3	 3	 1	 5	 3	 2227	 2132	 7	 103	 5	 3	 5	 3	 234	 3	 5	 3	 3	 3	
19	 77	 4264	 73	 1	 247	 190	 38	 6	 301	 404	 6	 1641	 301	 1	 13	 389	 6	 300	 213	 7	 139	 4	 5	 3	 3	 29	 17	 27	 84	 268	 334	 279	 26	 17	 340	 102	 7	 28	 86	 4	 321	 4	 8	 5	 3	 3	 611	 697	 5	
1072	 1	 2557	 3	 5	 3	 3	 515	 515	 515	 515	 515	 515	 515	 515	 515	 515	 515	 515	 515	 515	 515	 515	 515	 515	 515	 515	 515	 3	 515	 3	 515	 3	 3	 515	 5	 3	 3	 289	 3	 515	 3	 28	 413	 5	 3	 0	 0	 0	 0	
137	 4	 33	 44	 3	 3	 33	 44	 3	 3	 3	 1811	 3	 93	 3	 151	 425	 3	 352	 210	 929	 73	 6	 74	 10	 34	 929	 5	 3	 234	 10	 33	 7	 6	 1009	 234	 10	 74	 7	 6	 1729	 33	 44	 5	 3	 3	 33	 44	 5	 3	
21	 10	 9	 24	 274	 6	 71	 122	 69	 11	 30	 302	 9	 116	 82	 6	 80	 56	 91	 28	 359	 146	 4	 8	 5	 3	 3	 3	 531	 3	 3	 3	 279	 75	 93	 111	 704	 7	 270	 60	 7	 3	 253	 33	 5	 3	 3	 3	 3	 3	
77	 145	 81	 73	 34	 74	 63	 17	 814	 81	 28	 146	 4	 291	 24	 814	 26	 17	 340	 80	 1	 237	 2677	 18	 36	 32	 359	 4	 237	 308	 5	 3	 2575	 5	 3	 1870	 56	 1026	 80	 56	 71	 21	 775	 69	 26	 16	 180	 80	 160	 434	
2718	 1576	 154	 355	 2012	 4	 51	 759	 9	 38	 355	 561	 5	 3	 3	 3300	 140	 112	 25	 212	 376	 292	 7	 542	 2992	 56	 581	 775	 5	 3	 234	 7	 172	 5	 3	 234	 22	 71	 72	 900	 224	 69	 7	 71	 444	 189	 295	 5	 3	 3	
49	 94	 24	 123	 165	 63	 49	 38	 12	 161	 59	 1	 38	 1367	 514	 14	 41	 16	 328	 174	 4	 6	 608	 1955	 524	 4	 194	 130	 1750	 1010	 7	 10	 130	 9	 119	 94	 38	 14	 41	 5	 3	 3	 0	 0	 0	 0	 0	 0	 0	 0	
406	 8	 4	 39	 3	 1146	 3	 3	 3	 3	 55	 3	 453	 3	 3	 911	 10	 95	 824	 346	 5	 3	 3	 1066	 60	 6	 1034	 1289	 122	 154	 25	 191	 4	 32	 94	 24	 2397	 5	 3	 495	 122	 5	 3	 3	 482	 386	 5	 3	 135	 5	
79	 283	 6	 1729	 33	 44	 19	 125	 1246	 9	 24	 701	 6	 754	 5	 3	 2723	 5	 3	 3	 754	 1007	 19	 2723	 1	 576	 271	 721	 1	 360	 5	 3	 3	 1185	 5	 3	 3	 3	 3591	 5	 3	 3	 3	 3	 3	 721	 3	 173	 5	 3	
12	 360	 33	 183	 5	 3	 3	 33	 44	 465	 4	 93	 10	 6	 78	 7	 17	 52	 5	 3	 3636	 24	 751	 192	 370	 1182	 109	 1293	 7	 297	 10	 12	 31	 9	 3	 15	 4	 6	 1211	 5	 3	 3	 3	 3	 3	 173	 3	 5	 3	 3	
110	 368	 10	 6	 35	 116	 4	 1707	 4	 336	 1820	 28	 2911	 105	 6	 77	 121	 48	 386	 11	 54	 119	 107	 1280	 10	 17	 1156	 22	 83	 182	 4	 6	 964	 160	 156	 5	 3	 5	 3	 3	 5	 3	 3	 5	 3	 3	 5	 3	 3	 3	
159	 10	 21	 24	 141	 596	 144	 3	 53	 3	 3	 3	 3	 3	 3	 3	 16	 51	 530	 7	 415	 17	 421	 675	 5	 3	 3	 3	 81	 9	 5	 3	 3	 234	 3	 5	 3	 1692	 3	 3	 3	 192	 5	 3	 3	 3	 5	 3	 3	 3	
1252	 1	 13	 4180	 34	 798	 19	 6	 87	 5	 3	 3	 1385	 1	 1	 1	 11	 33	 5	 3	 2781	 1	 1	 11	 643	 384	 68	 5	 3	 3	 5	 3	 3	 5	 3	 5	 3	 3	 3	 5	 3	 5	 3	 3	 5	 3	 3	 28	 5	 3	
46	 7	 1779	 16	 61	 32	 86	 4	 51	 530	 54	 8	 107	 1982	 1038	 182	 11	 87	 7	 157	 5	 3	 3	 26	 8	 1071	 14	 78	 5	 3	 3	 3	 3	 3	 3	 3	 3	 73	 6	 946	 10	 17	 50	 135	 5	 3	 3	 3	 3	 3	
429	 1281	 63	 13	 16	 999	 110	 9	 4	 8	 11	 387	 457	 149	 4	 30	 99	 5	 3	 3	 3	 370	 3	 3	 2491	 5	 3	 3	 5	 3	 3	 3	 3	 3	 5	 3	 5	 3	 3	 3	 5	 3	 3	 3	 3	 1100	 5	 3	 3	 3	
2411	 934	 18	 6	 131	 250	 10	 6	 28	 300	 4	 51	 4	 12	 81	 28	 1128	 7	 235	 1638	 2859	 29	 40	 146	 28	 1128	 27	 1	 676	 29	 235	 1638	 991	 27	 676	 29	 235	 1638	 991	 27	 676	 29	 676	 27	 5	 3	 3	 1137	 1113	 152	
13	 37	 587	 4	 606	 12	 33	 7	 6	 103	 10	 12	 31	 9	 18	 13	 51	 1	 72	 13	 120	 18	 9	 3	 7	 198	 374	 645	 1	 1784	 24	 644	 7	 805	 5	 3	 3	 5	 3	 3	 3	 3	 55	 5	 3	 3	 3	 5	 3	 3	
13	 16	 25	 239	 8	 6	 558	 4	 586	 20	 546	 100	 31	 532	 11	 9	 5	 3	 3	 1496	 19	 35	 5	 3	 3	 3	 3	 5	 3	 3	 5	 3	 3	 3	 3	 3	 1535	 27	 5	 3	 3	 3	 3	 511	 5	 3	 3	 192	 3	 3	
119	 58	 61	 133	 1014	 92	 82	 12	 386	 5	 3	 5	 3	 4781	 17	 350	 1097	 10	 944	 24	 84	 97	 5	 3	 214	 2219	 5	 3	 331	 3	 5	 3	 3	 125	 3	 5	 3	 3	 72	 23	 524	 28	 86	 5	 3	 3	 3	 3	 50	 135	
13	 36	 504	 95	 9	 15	 17	 424	 357	 5	 3	 3	 3	 26	 705	 26	 28	 158	 4	 382	 70	 65	 59	 38	 23	 59	 7	 1457	 234	 28	 1199	 181	 4	 382	 6	 457	 81	 5	 3	 3	 5	 3	 3	 3	 3	 452	 5	 3	 5	 3	
353	 9	 112	 25	 1183	 1	 42	 26	 9	 43	 72	 8	 21	 17	 366	 242	 1580	 5	 3	 3	 2743	 3	 74	 1	 11	 511	 97	 52	 5	 3	 3	 3	 3	 3	 379	 5	 3	 3	 3	 3	 135	 5	 3	 3	 3	 3	 3	 135	 5	 3	
6	 196	 169	 28	 17	 331	 896	 41	 1	 118	 97	 173	 1	 140	 110	 95	 54	 17	 80	 16	 17	 212	 11	 17	 135	 18	 16	 32	 1051	 22	 6	 2085	 33	 175	 5	 3	 3	 3	 3	 3	 5	 3	 3	 3	 3	 3	 3	 3	 3	 3	
6	 564	 56	 55	 18	 782	 187	 4	 185	 11	 125	 10	 6	 53	 1	 7	 16	 32	 477	 4	 30	 78	 3893	 4	 6	 822	 7	 13	 483	 6	 1845	 10	 6	 599	 15	 6	 405	 60	 3	 1873	 1	 1189	 1	 7	 30	 4	 6	 370	 1160	 11	
24	 100	 14	 35	 1	 8	 275	 18	 12	 794	 7	 34	 30	 9	 8	 47	 15	 34	 122	 15	 12	 189	 37	 300	 4	 12	 546	 7	 546	 8	 194	 5	 3	 6	 331	 179	 103	 102	 28	 191	 146	 4	 32	 349	 24	 12	 136	 129	 5	 3	
13	 16	 1275	 23	 33	 44	 15	 117	 10	 6	 2056	 2685	 5	 3	 3	 33	 175	 24	 307	 10	 6	 915	 33	 44	 5	 3	 3	 3192	 5	 3	 3	 3	 3	 3	 5	 3	 672	 218	 5	 3	 71	 452	 1871	 5	 69	 3	 253	 5	 3	 3	
9	 42	 26	 12	 2844	 1468	 4652	 515	 1468	 58	 1199	 1	 171	 14	 1431	 1072	 58	 25	 32	 367	 1	 28	 682	 5	 3	 5	 3	 3	 1503	 17	 286	 28	 146	 5	 3	 331	 5	 3	 568	 5	 3	 3	 1185	 5	 3	 3	 3	 5	 3	 5	
413	 28	 1025	 148	 357	 19	 21	 24	 46	 7	 37	 25	 575	 86	 4	 186	 8	 4	 1283	 1140	 11	 24	 70	 747	 67	 58	 32	 626	 439	 6	 432	 242	 11	 634	 295	 304	 22	 12	 654	 864	 5	 3	 3	 55	 5	 3	 3	 3	 3	 3	
3351	 36	 152	 12	 31	 9	 109	 15	 229	 20	 35	 7	 35	 13	 382	 5	 3	 3	 2182	 158	 24	 13	 37	 158	 4	 57	 105	 24	 115	 7	 170	 152	 5	 3	 3	 3	 5	 3	 3	 5	 3	 3	 3	 5	 3	 1012	 3	 3170	 5	 3	
2319	 2016	 1054	 10	 6	 249	 660	 10	 6	 53	 171	 6	 9	 28	 231	 5	 3	 3	 1	 17	 248	 10	 6	 476	 1718	 334	 5	 3	 3	 3	 3	 3	 2636	 3	 3	 28	 146	 5	 3	 3	 1027	 5	 3	 234	 10	 74	 5	 3	 3	 3	
13	 483	 8	 4	 283	 62	 151	 333	 100	 111	 55	 7	 25	 14	 92	 18	 8	 396	 25	 32	 2772	 5	 3	 3	 5	 3	 3	 3	 3	 41	 5	 3	 3	 3	 3	 3	 55	 5	 3	 3	 3	 3	 3	 3	 3	 3	 3	 3	 3	 691	
2459	 10	 23	 9	 36	 32	 86	 24	 39	 4	 6	 1193	 10	 435	 8	 507	 138	 508	 4	 305	 8	 38	 436	 4406	 26	 49	 1	 1539	 11	 1608	 6	 1150	 10	 6	 49	 1057	 24	 39	 396	 61	 32	 2688	 11	 4493	 15	 2863	 10	 12	 2452	 10	
23	 9	 16	 32	 86	 4	 47	 407	 952	 1	 42	 26	 673	 1	 509	 5	 37	 25	 228	 20	 39	 24	 496	 11	 22	 34	 1064	 5	 3	 3	 3	 1012	 3	 3	 5	 3	 3	 3	 207	 5	 3	 3	 3	 5	 3	 3	 3	 3	 946	 3	
46	 16	 32	 181	 19	 1699	 9	 4	 47	 95	 149	 1	 4	 690	 11	 382	 35	 11	 95	 149	 10	 14	 35	 5	 3	 3	 16	 210	 511	 103	 1254	 4	 17	 181	 516	 5	 3	 3	 5	 3	 3	 19	 84	 126	 96	 5	 3	 3	 3300	 5	
13	 21	 95	 2293	 49	 4	 186	 6	 53	 4	 67	 355	 41	 77	 37	 15	 95	 1020	 10	 46	 5	 3	 198	 149	 10	 6	 55	 5	 3	 3	 515	 3	 3	 3	 3	 3	 3	 3	 3	 3	 28	 158	 4	 2141	 95	 9	 5	 3	 3	 0	
23	 33	 44	 29	 6	 44	 2035	 197	 3	 151	 10	 170	 152	 7	 36	 25	 51	 34	 9	 1	 72	 58	 64	 32	 86	 4	 314	 18	 9	 18	 28	 94	 1	 276	 13	 21	 64	 2224	 4	 95	 30	 9	 3	 3	 5	 3	 103	 102	 5	 3	
13	 51	 9	 15	 6	 334	 10	 907	 18	 825	 39	 4	 206	 535	 17	 1185	 11	 1997	 26	 17	 150	 1	 11	 4	 1877	 20	 34	 170	 684	 1755	 39	 4	 1217	 6	 117	 18	 154	 730	 5	 3	 3	 3	 3	 5	 3	 3	 3	 3	 3	 3	
875	 466	 67	 8	 16	 713	 20	 2648	 1	 42	 26	 16	 21	 141	 52	 11	 674	 52	 20	 34	 10	 62	 45	 66	 11	 363	 42	 17	 16	 32	 502	 11	 502	 24	 6	 33	 10	 6	 45	 76	 42	 66	 145	 21	 10	 83	 9	 5	 3	 5	
6	 358	 10	 21	 28	 655	 625	 4	 1034	 776	 111	 1	 5	 3	 3	 3	 5	 3	 268	 1	 3573	 3605	 1265	 5	 3	 3	 3	 3	 3	 3	 3	 5	 3	 3	 5	 3	 60	 3	 3	 5	 3	 3	 5	 3	 3	 5	 3	 1016	 3	 3	
8	 16	 107	 2747	 56	 46	 22	 12	 114	 4	 305	 46	 38	 436	 94	 11	 82	 46	 11	 50	 215	 5	 3	 3	 50	 289	 5	 3	 289	 22	 6	 52	 18	 28	 238	 871	 4	 12	 295	 5	 3	 3	 122	 26	 191	 24	 6	 50	 41	 5	
110	 10	 6	 35	 116	 22	 42	 30	 53	 16	 32	 3307	 856	 24	 39	 4	 6	 271	 298	 5	 3	 3	 5	 3	 3	 28	 70	 2571	 307	 18	 28	 25	 10	 6	 435	 5	 3	 3	 896	 5	 3	 3	 33	 5	 3	 3	 5	 3	 3	 278	
93	 147	 163	 293	 37	 17	 676	 235	 7	 3061	 362	 15	 101	 4	 373	 14	 52	 4	 7	 6	 52	 144	 158	 4	 152	 64	 5	 3	 52	 19	 579	 1300	 5	 3	 3	 5	 3	 3	 1624	 3	 5	 3	 3	 3	 5	 3	 5	 3	 3	 3	
4082	 1758	 15	 33	 44	 3	 223	 26	 625	 24	 6	 3677	 10	 2728	 375	 61	 1949	 78	 344	 4	 698	 1122	 1058	 5	 3	 3	 3286	 19	 3119	 1402	 7	 58	 61	 133	 119	 443	 14	 53	 4	 314	 6	 631	 480	 9	 5	 3	 3	 170	 1472	 165	
2574	 1	 13	 58	 25	 314	 6	 103	 10	 12	 31	 9	 7	 4	 57	 13	 921	 93	 11	 384	 21	 10	 12	 31	 9	 5	 3	 3	 620	 1	 7	 106	 644	 154	 103	 427	 15	 6	 1116	 27	 4	 507	 95	 614	 4	 463	 95	 407	 49	 5	
125	 9	 43	 72	 4	 434	 21	 420	 228	 1269	 11	 1958	 46	 5	 3	 420	 289	 1	 176	 1	 48	 303	 452	 15	 6	 347	 10	 9	 1	 180	 347	 10	 513	 180	 111	 188	 1	 1173	 188	 7	 12	 114	 205	 5	 3	 234	 10	 135	 5	 3	
13	 816	 18	 8	 57	 25	 21	 6	 52	 18	 13	 164	 1267	 132	 4	 8	 11	 191	 10	 12	 11	 2354	 52	 332	 276	 8	 48	 621	 39	 456	 4	 21	 6	 9	 13	 239	 4	 463	 35	 106	 23	 152	 5	 3	 3	 2181	 3	 3	 5	 3	
79	 283	 43	 23	 33	 44	 19	 125	 1246	 9	 181	 5	 3	 393	 531	 19	 831	 50	 294	 5	 3	 3	 33	 1	 5	 3	 0	 0	 0	 0	 0	 0	 0	 0	 0	 0	 0	 0	 0	 0	 0	 0	 0	 0	 0	 0	 0	 0	 0	 0	
110	 1554	 69	 1499	 69	 39	 11	 62	 3400	 57	 363	 6	 2848	 289	 5	 3	 3	 1499	 69	 39	 84	 1	 24	 14	 52	 144	 7	 97	 165	 18	 48	 1049	 4	 6	 289	 18	 48	 303	 696	 4	 12	 480	 1	 1014	 1	 1	 160	 456	 1	 7	
30	 45	 66	 2490	 45	 66	 38	 34	 556	 11	 1344	 205	 1178	 38	 1540	 68	 4	 11	 21	 10	 6	 41	 11	 6	 52	 1178	 38	 6	 21	 10	 62	 177	 15	 317	 20	 6	 117	 10	 6	 52	 128	 6	 33	 44	 10	 6	 26	 181	 11	 181	
13	 36	 951	 285	 1	 285	 7	 180	 12	 31	 9	 7	 81	 172	 5	 3	 3	 4645	 879	 17	 1185	 5	 3	 934	 11	 1807	 30	 35	 5	 3	 3	 3	 3	 3	 681	 5	 3	 3	 150	 681	 5	 3	 3	 3	 59	 5	 3	 234	 29	 5	
3	 26	 705	 26	 511	 6	 234	 11	 1660	 10	 6	 524	 48	 303	 1876	 7	 2107	 19	 12	 107	 4	 6	 52	 5	 3	 3	 135	 2330	 5	 3	 3	 2182	 412	 20	 12	 494	 7	 1633	 5	 3	 775	 293	 5	 3	 3	 0	 0	 0	 0	 0	
