79	 187	 981	 673	 19	 17	 546	 5	 0	 0	 0	 0	 0	 0	 0	 0	 0	 0	 0	 0	 0	 0	 0	 0	 0	 0	 0	 0	 0	 0	 0	 0	 0	 0	 0	 0	 0	 0	 0	 0	 0	 0	 0	 0	 0	 0	 0	 0	 0	 0	
130	 9	 23	 33	 44	 29	 27	 0	 0	 0	 0	 0	 0	 0	 0	 0	 0	 0	 0	 0	 0	 0	 0	 0	 0	 0	 0	 0	 0	 0	 0	 0	 0	 0	 0	 0	 0	 0	 0	 0	 0	 0	 0	 0	 0	 0	 0	 0	 0	 0	
38	 74	 4	 74	 1	 16	 1599	 2268	 365	 11	 2214	 9	 4	 47	 9	 4	 1522	 60	 0	 0	 0	 0	 0	 0	 0	 0	 0	 0	 0	 0	 0	 0	 0	 0	 0	 0	 0	 0	 0	 0	 0	 0	 0	 0	 0	 0	 0	 0	 0	 0	
19	 117	 744	 1	 159	 249	 1	 7	 6	 117	 59	 10	 6	 54	 187	 1	 7	 4	 567	 93	 7	 88	 18	 8	 48	 4	 47	 5	 0	 0	 0	 0	 0	 0	 0	 0	 0	 0	 0	 0	 0	 0	 0	 0	 0	 0	 0	 0	 0	 0	
79	 226	 18	 110	 10	 62	 154	 7	 30	 373	 771	 379	 8	 4	 1263	 552	 11	 953	 62	 46	 7	 4	 674	 42	 26	 2289	 731	 4	 14	 78	 1	 67	 28	 1353	 4	 7	 5	 0	 0	 0	 0	 0	 0	 0	 0	 0	 0	 0	 0	 0	
71	 112	 2790	 119	 9	 18	 64	 400	 227	 0	 0	 0	 0	 0	 0	 0	 0	 0	 0	 0	 0	 0	 0	 0	 0	 0	 0	 0	 0	 0	 0	 0	 0	 0	 0	 0	 0	 0	 0	 0	 0	 0	 0	 0	 0	 0	 0	 0	 0	 0	
12	 1058	 20	 10	 23	 44	 1638	 12	 969	 10	 42	 136	 5	 0	 0	 0	 0	 0	 0	 0	 0	 0	 0	 0	 0	 0	 0	 0	 0	 0	 0	 0	 0	 0	 0	 0	 0	 0	 0	 0	 0	 0	 0	 0	 0	 0	 0	 0	 0	 0	
40	 8	 56	 25	 271	 4	 32	 1591	 24	 62	 54	 1	 8	 58	 2681	 12	 9	 24	 83	 275	 5	 0	 0	 0	 0	 0	 0	 0	 0	 0	 0	 0	 0	 0	 0	 0	 0	 0	 0	 0	 0	 0	 0	 0	 0	 0	 0	 0	 0	 0	
842	 766	 1	 3104	 51	 7	 30	 99	 1	 722	 5	 0	 0	 0	 0	 0	 0	 0	 0	 0	 0	 0	 0	 0	 0	 0	 0	 0	 0	 0	 0	 0	 0	 0	 0	 0	 0	 0	 0	 0	 0	 0	 0	 0	 0	 0	 0	 0	 0	 0	
2404	 16	 61	 340	 378	 6	 159	 674	 26	 246	 1546	 1	 894	 467	 169	 6	 91	 322	 7	 382	 9	 1	 7	 6	 91	 10	 5	 0	 0	 0	 0	 0	 0	 0	 0	 0	 0	 0	 0	 0	 0	 0	 0	 0	 0	 0	 0	 0	 0	 0	
