2479	 695	 16	 951	 113	 8	 440	 1	 75	 532	 1	 579	 7	 1432	 84	 5	 3	 775	 16	 210	 12	 749	 200	 137	 4	 380	 381	 241	 5	 3	 3	 486	 5	 3	 3	 3	 3	 126	 198	 26	 146	 4	 642	 20	 6	 777	 10	 95	 126	 5	
47	 7	 722	 331	 482	 11	 443	 14	 860	 5	 3	 3	 3	 3	 3	 3	 3	 3	 399	 518	 19	 8	 3	 295	 60	 3	 3	 3	 35	 3	 92	 60	 7	 3	 3	 3	 3	 3	 3	 3	 1533	 241	 3	 87	 3	 92	 7	 35	 7	 261	
24	 100	 23	 41	 1	 8	 252	 18	 828	 16	 51	 1	 21	 7	 132	 12	 9	 15	 317	 20	 23	 33	 44	 5	 3	 666	 44	 3	 26	 204	 15	 23	 33	 223	 5	 3	 3	 1012	 3	 3	 33	 44	 3	 223	 5	 3	 3	 1012	 3	 135	
14	 199	 10	 12	 90	 88	 9	 112	 25	 391	 34	 31	 9	 5	 3	 3	 3	 3	 18	 28	 3336	 12	 55	 87	 26	 191	 650	 197	 5	 3	 234	 36	 32	 1152	 22	 14	 55	 19	 6	 1131	 87	 1	 11	 162	 5	 3	 3	 3	 1716	 1026	
148	 2465	 18	 106	 122	 1087	 11	 30	 390	 29	 75	 3162	 27	 36	 698	 308	 87	 116	 24	 156	 5	 3	 878	 289	 3	 27	 60	 7	 3	 5	 3	 46	 1012	 5	 3	 618	 10	 83	 21	 5	 3	 3	 989	 289	 7	 289	 2324	 5	 3	 3	
15	 245	 1	 2085	 36	 326	 8	 24	 357	 10	 6	 9	 18	 13	 51	 1	 72	 705	 64	 36	 32	 739	 1	 254	 280	 5	 3	 7	 3	 1028	 5	 3	 234	 28	 61	 2902	 26	 10	 71	 69	 5	 3	 1012	 3	 3	 71	 357	 69	 180	 5	
38	 74	 4	 74	 13	 16	 437	 2208	 62	 478	 128	 418	 1	 6	 149	 18	 37	 146	 22	 6	 41	 1	 11	 950	 38	 950	 11	 634	 45	 76	 99	 19	 67	 13	 396	 32	 944	 5	 3	 3	 1533	 623	 5	 3	 3	 3	 3	 3	 3	 3	
1397	 36	 643	 132	 12	 31	 9	 54	 8	 240	 22	 23	 52	 5	 3	 11	 52	 1	 361	 26	 191	 650	 15	 6	 33	 175	 5	 3	 3	 3	 3	 3	 3024	 5	 3	 0	 0	 0	 0	 0	 0	 0	 0	 0	 0	 0	 0	 0	 0	 0	
13	 16	 951	 285	 23	 33	 44	 38	 74	 4	 74	 5	 3	 33	 44	 452	 26	 982	 1	 719	 10	 74	 1	 11	 4	 225	 4	 6	 1943	 55	 5	 3	 3	 3	 5	 3	 452	 234	 5	 3	 3	 3	 3	 3	 3	 3	 3	 41	 5	 3	
422	 1822	 29	 7	 27	 208	 5	 3	 3	 515	 279	 2359	 192	 29	 27	 3	 192	 1	 28	 6	 899	 2402	 564	 5	 3	 1818	 279	 302	 52	 29	 2799	 56	 71	 49	 69	 27	 5	 3	 69	 3	 3	 3	 3	 1589	 3	 3	 3	 3	 3	 5	
109	 636	 121	 985	 45	 76	 1634	 4	 460	 23	 9	 58	 32	 86	 4	 152	 12	 147	 163	 441	 5	 3	 3	 3	 5	 3	 3	 3	 5	 3	 149	 5	 3	 3	 3	 3	 1261	 5	 3	 3	 133	 201	 12	 65	 52	 5	 3	 3	 3	 3	
9	 43	 72	 8	 16	 68	 6	 3010	 10	 46	 22	 323	 735	 60	 833	 6	 737	 1728	 24	 536	 9	 43	 6	 524	 60	 510	 7	 261	 172	 8	 507	 477	 4	 14	 41	 38	 12	 50	 3	 2258	 50	 53	 36	 32	 1743	 4	 61	 206	 8	 19	
13	 61	 47	 6	 512	 329	 10	 34	 10	 156	 4	 2758	 5	 3	 1369	 27	 5	 3	 1789	 1100	 3	 3891	 1319	 5	 3	 3	 3	 5	 3	 3	 3	 3	 3	 5	 3	 3	 452	 1034	 5	 3	 3	 5	 3	 5	 3	 5	 3	 1289	 3	 1480	
33	 44	 465	 4	 34	 9	 18	 8	 1062	 4	 39	 82	 12	 55	 11	 1337	 5	 3	 3	 3	 3	 3	 167	 5	 3	 71	 21	 398	 1	 69	 192	 65	 59	 1	 69	 7	 59	 5	 3	 169	 1293	 993	 434	 5	 3	 3	 3	 1026	 364	 431	
14	 50	 41	 398	 179	 192	 149	 1	 200	 1119	 20	 6	 52	 1	 6	 87	 10	 18	 119	 37	 1074	 1	 24	 6	 30	 80	 98	 412	 20	 6	 55	 11	 111	 412	 441	 5	 3	 3	 1818	 3	 3	 3	 3	 50	 135	 619	 5	 3	 3	 3	
23	 33	 44	 465	 109	 4	 9	 18	 8	 47	 4	 39	 729	 71	 69	 7	 28	 1512	 309	 109	 20	 42	 45	 66	 1	 11	 18	 13	 85	 20	 1539	 10	 78	 11	 4	 778	 7	 983	 82	 364	 11	 35	 5	 3	 3	 3	 3	 364	 5	 3	
15	 6	 330	 18	 8	 698	 17	 286	 10	 185	 10	 14	 990	 1	 12	 9	 16	 32	 726	 6	 467	 18	 37	 425	 4	 7	 231	 15	 185	 185	 10	 14	 467	 5	 3	 3	 3	 3	 3	 556	 5	 3	 3	 5	 3	 3	 3	 5	 3	 5	
24	 100	 6	 52	 1	 8	 275	 18	 12	 749	 37	 181	 4	 538	 7	 58	 25	 32	 1228	 4	 95	 149	 10	 6	 52	 8	 37	 1727	 4	 32	 1228	 24	 6	 117	 128	 358	 10	 134	 30	 53	 5	 3	 3	 33	 44	 5	 3	 3	 3	 3	
19	 127	 1	 8	 16	 25	 32	 267	 4	 458	 15	 11	 21	 95	 35	 22	 6	 41	 5	 3	 3	 1870	 1	 75	 93	 5	 3	 49	 279	 6	 92	 1	 35	 1	 1137	 390	 1	 920	 1	 7	 6	 87	 10	 93	 1161	 5	 3	 3	 3	 3	
13	 57	 23	 4	 273	 130	 8	 200	 1	 7	 1	 54	 8	 21	 64	 4	 32	 700	 10	 12	 295	 1	 654	 17	 366	 343	 211	 5	 3	 3	 3	 55	 5	 3	 3	 3	 3	 114	 5	 3	 3	 3	 3	 3	 3	 3	 3	 3	 568	 5	
1	 4705	 1284	 1406	 1	 256	 1	 1395	 20	 17	 50	 377	 1	 86	 4	 273	 6	 33	 10	 174	 38	 945	 5	 3	 3	 135	 5	 3	 3	 135	 135	 5	 3	 135	 3	 5	 3	 3	 3	 33	 135	 5	 3	 3	 5	 3	 3	 734	 5	 3	
8	 352	 25	 32	 1139	 4	 8	 11	 34	 87	 11	 364	 787	 22	 34	 50	 41	 19	 34	 3309	 52	 5	 3	 3	 1	 140	 1	 1686	 24	 1608	 6	 1116	 11	 6	 1686	 10	 1701	 22	 1545	 50	 53	 5	 3	 3	 3	 10	 14	 270	 5	 3	
4938	 1174	 71	 46	 69	 1	 18	 28	 6	 432	 1953	 18	 2331	 10	 46	 37	 86	 4	 604	 760	 1485	 10	 1	 231	 7	 703	 24	 970	 56	 377	 1	 7	 327	 68	 6	 49	 4	 156	 700	 38	 12	 50	 91	 5	 3	 3	 2224	 293	 54	 8	
13	 363	 42	 52	 144	 4	 47	 6	 133	 4	 305	 6	 21	 10	 95	 35	 38	 627	 649	 1	 14	 165	 7	 165	 5	 3	 3	 3	 3	 3	 60	 3	 1	 682	 10	 658	 5	 3	 5	 3	 870	 5	 3	 3	 5	 3	 3	 3	 3	 2360	
226	 18	 24	 2358	 34	 11	 93	 11	 877	 11	 1333	 15	 248	 639	 29	 25	 75	 709	 15	 709	 11	 30	 167	 369	 15	 14	 1726	 36	 363	 3839	 121	 48	 17	 175	 22	 14	 392	 27	 4	 45	 66	 15	 6	 131	 219	 158	 24	 2262	 15	 101	
26	 42	 1	 21	 6	 46	 109	 664	 220	 6	 55	 36	 61	 32	 595	 24	 6	 44	 204	 278	 7	 67	 37	 220	 14	 2632	 1530	 38	 220	 5	 3	 3	 5	 3	 3	 10	 6	 1034	 556	 5	 3	 5	 3	 3	 5	 3	 3	 3	 5	 3	
13	 57	 25	 85	 11	 839	 14	 89	 653	 5	 3	 3	 33	 346	 227	 3	 227	 297	 9	 20	 30	 99	 20	 460	 13	 48	 479	 95	 131	 5	 3	 27	 3	 3	 5	 3	 5	 3	 3	 5	 3	 1012	 3	 241	 5	 3	 3	 3	 3	 3	
2358	 93	 46	 36	 439	 12	 386	 371	 8	 48	 303	 1018	 5	 3	 1	 87	 230	 5	 3	 5	 3	 515	 515	 4044	 10	 6	 80	 56	 50	 91	 5	 3	 3	 234	 5	 3	 3	 5	 3	 3	 568	 15	 5	 3	 3	 3	 5	 3	 3	 3	
106	 95	 310	 3202	 1	 6	 633	 1670	 719	 29	 27	 1	 28	 1228	 24	 111	 1871	 5	 3	 665	 7	 252	 4	 251	 109	 4	 111	 1722	 26	 93	 77	 145	 68	 4	 95	 904	 10	 14	 55	 5	 3	 3	 3	 33	 5	 3	 3	 2861	 5	 3	
13	 16	 21	 46	 1	 50	 215	 1	 7	 4185	 4	 344	 72	 355	 182	 37	 598	 22	 6	 41	 11	 130	 255	 9	 119	 21	 4	 389	 125	 29	 42	 26	 2110	 260	 6	 182	 8	 626	 7	 6	 749	 8	 210	 22	 2137	 54	 6	 524	 27	 37	
54	 13	 57	 14	 84	 297	 774	 9	 13	 47	 4	 196	 20	 196	 22	 6	 52	 1	 13	 57	 25	 47	 134	 20	 6	 9	 4	 134	 78	 5	 3	 3	 33	 142	 1	 67	 10	 83	 292	 21	 1927	 39	 25	 5	 3	 3	 3	 3	 3	 3	
13	 21	 31	 9	 1649	 19	 6	 207	 10	 1897	 12	 68	 1	 11	 4	 1191	 138	 12	 3438	 5	 3	 3	 56	 170	 543	 19	 409	 1037	 5	 3	 3	 3	 1	 151	 1	 25	 1	 19	 840	 1	 97	 96	 5	 3	 3	 3	 3	 3	 3	 3	
1738	 16	 21	 90	 88	 9	 8	 47	 367	 15	 229	 20	 6	 52	 5	 3	 3	 198	 27	 1	 260	 1042	 68	 4	 6	 35	 5	 3	 3	 3	 3	 59	 10	 6	 218	 5	 3	 3	 3	 5	 3	 3	 198	 3	 3	 3	 50	 52	 5	 3	
1129	 27	 54	 100	 9	 8	 47	 39	 11	 54	 22	 6	 1955	 263	 8	 36	 32	 1344	 24	 6	 2977	 330	 36	 833	 15	 17	 1786	 18	 198	 4	 314	 6	 1992	 18	 8	 210	 6	 2512	 212	 1	 67	 36	 47	 7	 36	 3574	 6	 21	 10	 67	
79	 107	 237	 55	 10	 263	 19	 265	 11	 151	 5	 3	 3	 407	 476	 5	 3	 3	 3	 3	 73	 63	 3	 3	 3	 5	 3	 3	 3	 3	 3	 5	 3	 3	 3	 3	 3	 3	 3	 3	 1	 689	 28	 566	 24	 6	 742	 5	 3	 3	
68	 7	 918	 189	 28	 1344	 404	 12	 107	 3	 3	 3	 26	 313	 5	 3	 192	 1	 814	 1	 1	 67	 28	 1344	 22	 6	 538	 1066	 8	 19	 12	 1202	 5	 3	 3	 3	 3	 3	 3	 135	 5	 3	 3	 669	 19	 5	 3	 3	 3	 3	
72	 4	 89	 11	 344	 43	 49	 33	 44	 3	 3	 3	 3	 3	 3	 3	 3	 3	 3	 3	 3	 28	 146	 4	 459	 24	 190	 106	 6	 33	 408	 223	 452	 26	 72	 61	 86	 49	 33	 282	 408	 5	 3	 3	 817	 3	 3	 3	 3	 3	
190	 58	 410	 247	 138	 10	 83	 31	 9	 73	 751	 192	 370	 1182	 92	 1	 1186	 4	 21	 1081	 139	 5	 3	 3	 3	 602	 4	 297	 150	 49	 20	 111	 150	 920	 5	 3	 3	 3	 0	 0	 0	 0	 0	 0	 0	 0	 0	 0	 0	 0	
444	 39	 58	 32	 4	 6	 9	 13	 51	 5	 3	 3	 198	 227	 67	 363	 12	 2435	 17	 249	 928	 227	 1	 40	 986	 105	 143	 4	 113	 156	 24	 12	 1618	 7	 480	 1496	 1	 13	 58	 32	 267	 4	 21	 12	 65	 59	 8	 262	 4	 6	
428	 9	 16	 153	 50	 215	 11	 157	 5	 3	 5	 3	 3	 379	 102	 1	 11	 2454	 2504	 1	 7	 50	 215	 5	 3	 3	 3	 3	 3	 775	 3	 5	 3	 3	 122	 135	 5	 3	 3	 135	 3	 5	 3	 3	 3	 3	 3	 5	 3	 3	
73	 12	 216	 692	 1	 148	 577	 36	 32	 1	 130	 2210	 37	 10	 871	 505	 12	 211	 20	 6	 157	 7	 72	 4	 71	 264	 138	 1	 69	 10	 30	 167	 18	 37	 1477	 4	 8	 5	 3	 3	 775	 7	 30	 193	 1094	 5	 3	 3	 3	 3641	
155	 3791	 77	 4	 816	 17	 141	 4	 1805	 14	 41	 4	 6	 3149	 5	 3	 5	 3	 2329	 1012	 29	 6	 71	 57	 69	 27	 5	 3	 3	 708	 5	 3	 3	 3	 259	 5	 3	 3	 5	 3	 1012	 5	 3	 3	 5	 3	 3	 3	 3	 5	
64	 61	 825	 39	 193	 10	 95	 342	 38	 2950	 67	 13	 247	 8	 4	 883	 39	 344	 5	 3	 3	 3	 3	 526	 29	 27	 5	 27	 5	 3	 3	 241	 350	 19	 6	 3	 77	 10	 1034	 776	 5	 3	 3	 3	 452	 115	 29	 594	 27	 5	
452	 1966	 4568	 1	 2357	 3	 393	 531	 346	 3	 223	 3	 1966	 565	 1	 3530	 3	 7	 224	 227	 197	 5	 3	 3	 364	 1380	 33	 44	 5	 3	 3	 84	 33	 1602	 3	 71	 1708	 5	 69	 3	 3	 665	 3	 29	 27	 3	 173	 50	 135	 3	
79	 57	 481	 194	 187	 22	 23	 33	 44	 1	 7	 57	 25	 47	 34	 49	 5	 3	 290	 6	 864	 238	 5	 3	 154	 303	 626	 24	 17	 50	 135	 5	 3	 0	 0	 0	 0	 0	 0	 0	 0	 0	 0	 0	 0	 0	 0	 0	 0	 0	
260	 186	 8	 315	 4	 344	 72	 9	 28	 686	 7	 72	 13	 338	 23	 9	 7	 130	 49	 13	 51	 1	 921	 64	 20	 30	 9	 42	 26	 428	 9	 5	 3	 3	 3	 3	 3	 3	 5	 3	 3	 5	 3	 3	 3	 5	 3	 5	 3	 3	
14	 52	 144	 16	 21	 289	 4	 273	 7	 542	 255	 296	 22	 14	 53	 11	 19	 30	 96	 26	 204	 197	 5	 3	 3	 274	 379	 11	 2110	 6	 102	 10	 514	 17	 343	 28	 626	 5	 3	 3	 3	 3	 3	 3	 5	 3	 3	 3	 3	 3	
621	 1266	 10	 54	 7	 371	 2173	 1337	 37	 1172	 4	 32	 15	 6	 899	 1	 2654	 1	 375	 1876	 17	 1986	 683	 4	 83	 216	 1	 3	 1	 7	 33	 142	 26	 313	 5	 3	 3	 1037	 5	 3	 1317	 5	 3	 3	 5	 3	 3	 3	 3	 3	
29	 194	 259	 1158	 71	 136	 203	 69	 27	 15	 93	 192	 1	 75	 9	 43	 12	 136	 203	 1	 75	 6	 78	 8	 48	 68	 4	 1	 136	 129	 347	 1	 7	 136	 102	 5	 3	 234	 5	 3	 1450	 259	 29	 1503	 27	 3	 2457	 19	 30	 1557	
383	 285	 234	 63	 1691	 1027	 1	 734	 5	 3	 3	 3	 1185	 3	 3	 515	 515	 515	 515	 515	 515	 515	 515	 515	 515	 515	 3	 1480	 29	 71	 13	 69	 11	 71	 39	 69	 27	 5	 3	 3	 5	 3	 3	 3	 5	 3	 3	 3	 5	 3	
13	 36	 120	 12	 9	 965	 20	 23	 33	 44	 82	 70	 1663	 10	 3572	 11	 17	 370	 10	 17	 192	 67	 28	 248	 10	 6	 990	 4	 12	 31	 11	 526	 5	 3	 3	 2897	 3	 5	 3	 3	 1012	 3	 55	 5	 3	 3	 5	 3	 3	 3	
13	 21	 256	 397	 1	 386	 46	 7	 495	 46	 29	 67	 1905	 540	 8	 867	 12	 50	 91	 27	 7	 495	 3	 29	 194	 1527	 27	 3	 29	 140	 25	 14	 420	 46	 27	 61	 36	 32	 739	 38	 12	 499	 541	 54	 8	 107	 6	 2257	 1528	 53	
119	 210	 614	 4	 314	 18	 64	 1410	 181	 4	 1099	 130	 28	 181	 4	 305	 384	 68	 5	 3	 840	 3	 82	 6	 1751	 451	 5	 3	 3	 133	 664	 5	 3	 3	 244	 5	 3	 7	 383	 98	 5	 3	 244	 3	 5	 3	 3	 3	 3	 135	
6	 78	 16	 21	 46	 1	 426	 390	 231	 22	 12	 1211	 81	 4	 373	 17	 55	 7	 635	 5	 3	 184	 5	 3	 3	 35	 55	 1046	 5	 3	 3	 3	 256	 397	 3	 27	 5	 3	 610	 3	 5	 3	 3	 3	 4781	 70	 97	 537	 350	 5	
20	 460	 112	 1682	 85	 444	 31	 9	 3	 3	 3	 3	 227	 3	 227	 3	 3	 3	 3	 3	 3	 3	 3	 3	 227	 3	 3	 227	 3	 167	 3	 3	 241	 7	 299	 241	 3	 3	 227	 3	 3	 3	 3	 2042	 84	 3310	 4746	 241	 227	 3	
54	 17	 301	 3498	 70	 65	 59	 15	 6	 178	 59	 4	 17	 473	 1	 13	 36	 287	 18	 131	 59	 75	 287	 6	 346	 7	 2355	 6	 2977	 18	 1988	 198	 131	 59	 19	 3432	 96	 5	 3	 3	 213	 11	 234	 5	 3	 5	 3	 3	 5	 3	
77	 16	 193	 10	 405	 312	 24	 4111	 1	 24	 178	 6	 1889	 492	 876	 15	 237	 65	 503	 38	 14	 35	 5	 3	 3	 721	 5	 3	 3	 55	 656	 52	 241	 5	 3	 1007	 1012	 3	 1012	 3	 5	 3	 3	 3	 3	 3	 3	 3	 3	 3	
190	 164	 521	 247	 456	 4	 348	 15	 424	 205	 5	 3	 3	 33	 346	 1	 67	 398	 355	 2750	 4	 83	 37	 595	 24	 151	 5	 3	 870	 44	 5	 3	 5	 3	 33	 5	 3	 568	 33	 5	 3	 3	 3	 645	 5	 3	 3	 3	 5	 3	
710	 13	 36	 210	 374	 614	 4	 287	 12	 31	 9	 1	 18	 1199	 1151	 32	 1181	 24	 39	 5	 3	 24	 701	 39	 279	 468	 434	 9	 73	 14	 1324	 145	 540	 5	 3	 3	 534	 3300	 279	 279	 1294	 947	 5	 3	 5	 3	 3	 1294	 24	 39	
17	 7	 1497	 16	 113	 17	 350	 131	 306	 1	 980	 441	 7	 236	 150	 394	 60	 394	 1	 1860	 7	 2146	 6	 55	 5	 3	 3	 3	 3	 3	 2636	 3	 3	 3	 3	 3	 3	 3	 3	 125	 3	 3	 3	 3	 3	 801	 3	 5	 3	 3	
13	 16	 21	 7	 132	 439	 90	 88	 9	 7	 89	 9	 4	 47	 149	 42	 26	 35	 18	 16	 32	 10	 232	 4	 8	 5	 3	 3	 126	 7	 778	 476	 60	 3	 3144	 11	 299	 96	 60	 3	 3	 445	 7	 299	 486	 5	 3	 3	 261	 1571	
15	 42	 1255	 1	 6	 822	 36	 643	 124	 17	 107	 4	 865	 97	 22	 6	 41	 5	 3	 3	 173	 78	 5	 3	 470	 469	 53	 20	 6	 5	 3	 3391	 198	 6	 196	 350	 5	 3	 1033	 1033	 1033	 1033	 1033	 1033	 1033	 145	 1033	 2799	 1	 75	
279	 419	 33	 44	 5	 3	 3	 3	 3	 3	 5	 3	 3	 133	 253	 78	 3	 3	 63	 3	 1234	 5	 3	 3	 22	 5	 3	 3	 3	 29	 71	 2840	 69	 27	 5	 3	 3	 1302	 1399	 346	 5	 3	 3639	 452	 3639	 29	 2611	 27	 63	 3	
13	 47	 97	 2737	 4	 902	 8	 182	 18	 924	 22	 6	 41	 7	 22	 14	 53	 5	 3	 3	 3	 280	 4	 12	 295	 7	 14	 97	 1023	 5	 3	 3	 1425	 304	 97	 304	 22	 12	 295	 5	 3	 864	 784	 5	 3	 3	 295	 3	 1883	 3	
23	 9	 28	 94	 4	 47	 8	 20	 2433	 35	 67	 36	 32	 350	 871	 4	 12	 295	 5	 3	 3	 350	 5	 3	 3	 857	 5	 3	 3	 102	 27	 7	 143	 72	 8	 443	 14	 35	 5	 3	 3	 353	 2329	 86	 54	 8	 107	 14	 78	 5	
13	 21	 12	 31	 9	 19	 579	 11	 873	 96	 5	 3	 3	 3	 3	 5	 3	 1	 406	 52	 60	 3	 1	 1650	 266	 7	 2430	 56	 369	 75	 422	 369	 7	 1055	 4	 6	 1406	 7	 35	 6	 1161	 146	 35	 5	 3	 1012	 3	 5	 3	 3	
909	 1	 13	 363	 2334	 4	 68	 95	 35	 20	 12	 136	 11	 30	 35	 22	 14	 272	 7	 16	 47	 31	 9	 4	 6	 35	 5	 3	 3	 33	 151	 5	 3	 3	 434	 2897	 5	 3	 831	 87	 5	 3	 3	 5	 3	 3	 5	 3	 3	 3	
13	 1855	 816	 18	 8	 1	 7	 25	 100	 46	 1	 1309	 8	 58	 836	 93	 110	 11	 93	 10	 6	 46	 22	 6	 78	 5	 3	 3	 55	 5	 3	 234	 191	 12	 33	 5	 3	 3	 383	 2590	 2240	 5	 3	 5	 3	 5	 3	 3	 5	 5	
13	 16	 1091	 182	 22	 14	 53	 11	 30	 53	 20	 67	 8	 107	 30	 50	 53	 5	 3	 3	 864	 5	 3	 3	 3	 3	 3	 3	 3	 3	 3	 3	 3	 3	 3	 3	 3	 3	 3	 3	 3	 3	 3	 3	 3	 3	 3	 3	 3	 3	
8	 16	 61	 194	 6	 9	 166	 6	 282	 10	 12	 147	 163	 49	 5	 3	 3	 218	 115	 5	 3	 1040	 33	 346	 5	 3	 3	 3	 1497	 3	 3	 3	 52	 721	 5	 3	 3	 3	 3	 3	 5	 3	 3	 3	 1519	 398	 5	 3	 5	 3	
9	 228	 20	 3649	 3	 77	 3	 3	 72	 28	 625	 4	 32	 86	 19	 6	 408	 10	 570	 514	 18	 154	 1412	 306	 4	 104	 9	 38	 2557	 7	 4	 3296	 331	 168	 678	 18	 119	 48	 359	 168	 5	 3	 3	 5	 3	 3	 2329	 5	 3	 3	
31	 9	 28	 425	 4	 6	 271	 298	 271	 298	 7	 15	 318	 42	 49	 251	 920	 1	 243	 4	 271	 298	 7	 30	 639	 171	 17	 45	 76	 52	 154	 1292	 31	 9	 5	 3	 3	 33	 44	 3	 69	 29	 11	 27	 5	 3	 3	 611	 3	 152	
79	 226	 18	 1242	 112	 25	 188	 130	 62	 167	 21	 156	 58	 32	 267	 4	 194	 6	 331	 49	 8	 104	 5	 3	 3	 3	 3	 3	 3	 3	 3	 3	 3	 3	 1137	 38	 67	 8	 677	 143	 5	 3	 3	 3	 3	 173	 1692	 5	 3	 3	
15	 30	 461	 1	 13	 16	 387	 64	 19	 945	 11	 30	 45	 66	 5	 3	 332	 10	 83	 296	 22	 865	 2128	 50	 53	 5	 3	 0	 0	 0	 0	 0	 0	 0	 0	 0	 0	 0	 0	 0	 0	 0	 0	 0	 0	 0	 0	 0	 0	 0	
6	 94	 118	 748	 250	 376	 14	 55	 18	 37	 238	 1065	 4	 12	 114	 36	 32	 158	 4	 206	 12	 114	 5	 3	 3	 3	 27	 3	 3	 7	 1	 40	 8	 57	 25	 3	 113	 634	 4204	 5	 3	 3	 33	 5	 3	 3	 5	 3	 5	 3	
23	 9	 28	 481	 228	 20	 208	 29	 42	 26	 1924	 11	 906	 658	 67	 398	 42	 435	 121	 143	 4	 57	 105	 27	 5	 3	 3	 3	 3	 3	 3	 452	 1027	 1	 140	 372	 27	 15	 101	 4	 133	 39	 206	 7	 1937	 435	 460	 48	 17	 123	
8	 58	 607	 1	 285	 1	 560	 1	 285	 1	 11	 287	 31	 49	 94	 24	 14	 141	 97	 52	 144	 7	 65	 187	 11	 180	 6	 187	 15	 6	 71	 157	 69	 212	 5	 3	 1012	 55	 3	 55	 3	 5	 3	 3	 3	 3	 55	 5	 3	 3	
4	 47	 8	 20	 774	 9	 166	 14	 173	 1	 42	 26	 429	 1281	 7	 742	 10	 1126	 56	 92	 1	 557	 1	 852	 7	 275	 14	 645	 7	 19	 270	 1	 7	 201	 14	 41	 29	 3	 27	 3	 1	 192	 1	 1	 369	 1	 7	 2433	 7	 208	
23	 49	 28	 25	 86	 24	 6	 377	 4107	 294	 11	 513	 1	 42	 289	 7	 377	 907	 18	 391	 17	 249	 1211	 1	 59	 9	 43	 6	 118	 7	 136	 583	 18	 21	 6	 31	 49	 64	 402	 43	 11	 77	 5	 3	 5	 3	 69	 3	 3	 3	
64	 28	 70	 675	 1065	 24	 39	 15	 914	 4	 32	 1166	 4	 8	 1	 4	 493	 121	 13	 58	 21	 4	 133	 156	 833	 19	 8	 5	 3	 3	 24	 17	 80	 600	 600	 6	 74	 17	 55	 482	 135	 7	 8	 58	 210	 17	 71	 699	 68	 4	
13	 888	 20	 52	 144	 4	 329	 17	 386	 417	 4	 32	 412	 20	 6	 52	 49	 404	 6	 432	 386	 7	 72	 1609	 74	 10	 6	 795	 36	 32	 267	 4	 47	 42	 49	 5	 3	 3	 135	 3	 135	 5	 3	 5	 3	 3	 3	 5	 3	 3	
23	 9	 16	 32	 477	 4	 6	 377	 18	 57	 64	 1	 93	 49	 18	 237	 80	 412	 20	 208	 5	 3	 3	 3	 1012	 540	 64	 4	 21	 10	 46	 19	 919	 680	 5	 3	 3	 2360	 697	 140	 61	 275	 72	 7	 54	 6	 455	 2434	 5	 3	
4	 47	 8	 20	 2433	 35	 1	 42	 26	 236	 8	 81	 22	 14	 55	 11	 48	 441	 1	 329	 7	 443	 12	 2669	 1	 1301	 6	 608	 1	 7	 674	 253	 78	 60	 3	 3	 3	 3	 3	 593	 27	 3	 3	 3	 1603	 7	 14	 2024	 532	 35	
72	 13	 120	 6	 9	 13	 51	 43	 8	 3	 3	 3	 3	 3	 3	 3	 1180	 3	 1180	 3	 1180	 1	 75	 347	 10	 46	 5	 3	 103	 289	 5	 3	 364	 35	 5	 3	 3	 3	 3	 3	 3	 3	 3	 3	 3	 2263	 5	 3	 3	 3	
933	 481	 350	 1146	 338	 393	 531	 1320	 26	 191	 24	 6	 498	 24	 6	 2198	 55	 8	 58	 401	 24	 565	 10	 130	 9	 33	 863	 154	 303	 94	 5	 3	 3	 49	 142	 5	 3	 3	 33	 5	 3	 3	 5	 3	 3	 5	 3	 3	 3	 142	
2386	 1	 597	 1	 11	 757	 773	 15	 62	 205	 11	 778	 92	 7	 35	 116	 82	 30	 50	 53	 5	 3	 3	 3	 3	 3	 3	 3	 3	 3	 3	 3	 3	 3	 3	 3	 3	 3	 1034	 357	 5	 3	 3	 3	 3	 3	 3	 3	 1137	 5	
61	 1	 15	 6	 1766	 330	 10	 1	 17	 123	 15	 70	 330	 18	 17	 150	 11	 1159	 16	 180	 12	 126	 172	 7	 12	 31	 9	 316	 765	 32	 425	 26	 228	 20	 45	 66	 19	 21	 15	 23	 296	 5	 3	 5	 3	 3	 3300	 5	 3	 3	
13	 483	 718	 7	 4	 47	 17	 495	 947	 10	 9	 22	 6	 90	 88	 9	 119	 926	 43	 8	 18	 13	 16	 32	 267	 4	 305	 14	 535	 38	 258	 5	 3	 234	 43	 74	 717	 5	 3	 535	 103	 5	 3	 3	 3	 3	 82	 1302	 123	 165	
262	 4	 6	 41	 3	 28	 25	 17	 340	 80	 11	 2619	 2758	 1403	 6	 2251	 10	 6	 2977	 40	 64	 462	 11	 4	 698	 6	 3	 15	 34	 357	 18	 42	 1	 16	 143	 4	 1062	 2197	 525	 11	 65	 59	 5	 3	 3	 5	 3	 33	 5	 3	
62	 46	 58	 32	 439	 412	 20	 12	 114	 11	 129	 5	 3	 122	 29	 71	 184	 1	 69	 27	 1	 6	 568	 238	 238	 1	 11	 703	 12	 2888	 475	 266	 5	 3	 129	 3236	 7	 231	 52	 86	 15	 6	 91	 18	 8	 21	 27	 5	 3	 5	
13	 57	 25	 609	 51	 11	 212	 38	 1360	 43	 190	 56	 190	 121	 21	 17	 228	 114	 5	 3	 106	 1027	 1	 7	 14	 625	 207	 7	 1	 276	 13	 37	 158	 24	 115	 5	 3	 3	 3	 5	 3	 3	 874	 8	 86	 4	 852	 23	 9	 5	
758	 20	 974	 5	 3	 3	 3	 1066	 3	 3	 3	 3	 1294	 1294	 683	 1	 22	 12	 209	 10	 380	 380	 1257	 43	 381	 241	 1	 381	 241	 1	 406	 126	 5	 3	 123	 2374	 5	 3	 3	 126	 99	 5	 3	 3	 41	 5	 3	 3	 3	 3	
13	 16	 504	 678	 1	 97	 1	 11	 30	 347	 10	 87	 22	 6	 570	 2902	 212	 38	 220	 6	 41	 1	 75	 26	 1265	 63	 3	 3	 3	 3	 3	 3	 3	 50	 41	 3	 3	 3	 3	 3	 3	 50	 53	 5	 3	 3	 3	 5	 3	 3	
13	 61	 21	 353	 536	 9	 15	 2702	 20	 30	 45	 66	 754	 282	 995	 7	 4	 2690	 93	 258	 260	 82	 14	 78	 11	 30	 212	 4	 134	 78	 1	 84	 157	 18	 885	 14	 576	 369	 5	 3	 3	 5	 3	 3	 369	 3	 5	 3	 3	 0	
8	 16	 25	 877	 11	 4265	 972	 1	 1713	 22	 2284	 33	 151	 1	 471	 260	 11	 25	 8	 339	 4	 210	 170	 554	 5	 3	 3	 612	 5	 3	 3	 5	 3	 3	 3	 3	 691	 544	 5	 3	 3	 3	 520	 5	 3	 3	 5	 3	 3	 5	
738	 4	 811	 223	 3	 33	 44	 3	 3	 3	 3	 3	 3	 3	 3	 3	 3	 3	 3	 3	 3	 3	 3	 3	 3	 4253	 947	 1708	 3	 25	 566	 24	 11	 100	 6	 583	 5	 3	 3	 1472	 3	 3	 5	 3	 3	 3	 5	 3	 3	 3	
597	 80	 87	 1	 389	 70	 84	 747	 18	 1805	 11	 47	 1	 3	 3	 1	 3	 123	 165	 60	 3	 3	 126	 486	 60	 3	 3	 3	 3	 3	 3	 3	 3	 3	 3	 3	 3	 3	 3	 2143	 3	 3	 3	 3	 3	 3	 3	 3	 3	 3	
240	 20	 3540	 82	 111	 50	 53	 8	 16	 21	 14	 150	 394	 1314	 4	 389	 6	 254	 1397	 656	 349	 306	 22	 17	 801	 41	 5	 3	 3	 3	 3	 3	 52	 135	 5	 3	 3	 1123	 3	 3	 346	 1137	 346	 807	 5	 3	 3	 3	 135	 1373	
9	 43	 14	 21	 10	 14	 94	 1654	 28	 61	 1027	 11	 54	 13	 287	 64	 38	 14	 55	 5	 3	 3	 1012	 3	 5	 3	 33	 44	 5	 3	 3	 3	 3	 3	 3	 5	 3	 3	 3	 452	 452	 259	 398	 23	 33	 44	 5	 3	 3	 3	
4348	 842	 6	 209	 4	 180	 23	 33	 223	 11	 34	 167	 38	 6	 173	 73	 34	 74	 24	 1001	 376	 6	 41	 42	 26	 1974	 1	 582	 1203	 7	 9	 73	 1886	 66	 5	 3	 3	 41	 3	 5	 3	 3	 3	 3	 3	 2636	 19	 93	 77	 5	
47	 801	 126	 172	 3	 3	 3	 3	 3	 3	 60	 3	 3	 3	 3	 3	 3	 3	 3	 3	 3	 3	 1541	 3	 3	 691	 29	 1554	 69	 69	 1	 2309	 27	 1	 7	 1554	 69	 1499	 69	 39	 5	 3	 3	 3	 135	 3	 135	 3	 3	 3	
39	 782	 355	 424	 347	 10	 157	 26	 313	 26	 30	 9	 8	 343	 19	 39	 1	 82	 14	 203	 11	 100	 141	 35	 73	 6	 74	 10	 277	 11	 985	 15	 6	 2177	 1420	 600	 156	 29	 7	 75	 17	 248	 1392	 27	 5	 3	 3	 3	 3	 3	
3977	 16	 108	 80	 9	 1	 26	 313	 26	 20	 460	 1527	 28	 1172	 31	 9	 7	 1172	 26	 158	 5	 3	 3	 1	 71	 2132	 69	 29	 27	 5	 3	 3320	 52	 5	 3	 3	 3	 3	 3	 5	 3	 3	 5	 3	 5	 3	 5	 3	 3	 5	
64	 28	 505	 18	 8	 521	 143	 6	 383	 419	 791	 15	 23	 152	 1	 7	 73	 34	 74	 93	 5	 3	 3	 3	 28	 993	 611	 683	 7	 803	 4	 32	 2999	 138	 5	 3	 3	 683	 5	 3	 5	 3	 3	 5	 3	 5	 3	 5	 3	 5	
13	 36	 326	 8	 43	 416	 137	 359	 22	 6	 35	 11	 24	 497	 8	 70	 65	 82	 6	 35	 11	 73	 6	 74	 6	 180	 12	 31	 9	 36	 32	 731	 26	 191	 650	 73	 14	 77	 145	 33	 44	 5	 3	 3	 33	 44	 5	 3	 3	 452	
62	 37	 116	 26	 17	 1202	 1137	 7	 112	 25	 1465	 17	 1777	 1785	 5	 3	 3	 1785	 5	 3	 3	 3	 3	 5	 3	 10	 1869	 5	 3	 3	 84	 3	 5	 3	 3	 1349	 1869	 5	 3	 3	 3	 1349	 10	 6	 33	 44	 5	 3	 3	 3	
2272	 1025	 58	 25	 32	 1057	 221	 19	 6	 1887	 10	 67	 8	 703	 134	 78	 375	 2484	 22	 6	 91	 5	 3	 3	 33	 44	 3	 3	 3	 3	 3	 3	 3	 3	 3	 3	 5	 3	 3	 3	 3	 3	 3	 3	 3	 3	 3	 357	 5	 3	
40	 8	 57	 1275	 12	 9	 73	 95	 904	 10	 6	 55	 1	 8	 58	 180	 12	 172	 43	 134	 214	 1094	 1	 875	 22	 6	 246	 10	 87	 67	 8	 1006	 585	 4	 39	 1	 4	 285	 12	 189	 5	 3	 3	 452	 5	 3	 3	 5	 3	 3	
72	 13	 21	 46	 3	 3	 3	 3	 3	 11	 3	 78	 3	 3	 3	 3	 3	 3	 3	 3	 1380	 3	 71	 71	 122	 69	 29	 71	 69	 27	 5	 3	 3	 35	 691	 5	 3	 5	 3	 3	 1034	 1034	 268	 5	 3	 3	 3	 3	 691	 29	
6	 135	 3476	 6	 52	 8	 48	 1412	 20	 6	 41	 58	 401	 1	 140	 1305	 4	 194	 134	 182	 15	 12	 189	 9	 5	 3	 3	 1388	 476	 7	 274	 296	 5	 3	 3	 3	 476	 3	 242	 5	 3	 3	 3	 279	 860	 878	 15	 67	 8	 1006	
13	 21	 23	 9	 4	 597	 174	 1	 757	 761	 1	 4	 47	 8	 70	 2655	 3864	 635	 1542	 897	 11	 4	 133	 8	 491	 20	 8	 29	 9	 11	 608	 4	 39	 27	 5	 3	 3	 3	 41	 5	 3	 3	 3	 3	 3617	 41	 27	 5	 3	 3	
19	 125	 1246	 9	 22	 6	 9	 1051	 86	 24	 100	 6	 55	 1	 79	 283	 62	 293	 5	 3	 33	 227	 3	 283	 6	 71	 444	 654	 56	 71	 33	 44	 69	 3	 5	 3	 55	 52	 3	 5	 3	 3	 33	 5	 3	 71	 44	 217	 71	 293	
13	 21	 90	 88	 9	 8	 47	 28	 235	 5	 3	 3	 466	 12	 101	 5	 3	 3	 3	 135	 5	 3	 3	 611	 173	 56	 263	 29	 399	 27	 5	 3	 3	 102	 10	 135	 180	 5	 3	 0	 0	 0	 0	 0	 0	 0	 0	 0	 0	 0	
804	 28	 6	 715	 1160	 10	 6	 9	 106	 6	 44	 10	 111	 11	 111	 123	 165	 5	 3	 6	 1034	 776	 10	 34	 5	 3	 3	 3	 954	 5	 3	 3	 1180	 56	 1	 7	 218	 115	 5	 3	 3	 669	 33	 408	 5	 3	 3	 289	 289	 169	
6	 9	 36	 32	 425	 4	 1	 11	 25	 248	 10	 111	 123	 1	 260	 11	 25	 228	 24	 17	 45	 76	 5	 3	 3	 41	 5	 3	 3	 3	 3	 3	 3	 3	 173	 5	 3	 3	 3	 173	 3	 3	 50	 41	 5	 3	 3	 3	 3	 3	
187	 4	 30	 78	 3	 33	 44	 3	 3	 3	 3	 3	 3	 3538	 3	 41	 3	 52	 3	 5	 3	 2227	 151	 7	 645	 5	 3	 3	 3	 3	 3	 135	 28	 459	 24	 14	 1302	 55	 41	 5	 3	 0	 0	 0	 0	 0	 0	 0	 0	 0	
13	 16	 61	 47	 9	 38	 45	 66	 67	 2490	 42	 9	 38	 141	 561	 5	 3	 3	 103	 5	 3	 1515	 954	 15	 534	 20	 6	 9	 94	 15	 229	 20	 62	 203	 5	 3	 3	 33	 863	 3	 831	 3	 224	 106	 95	 448	 146	 7	 2234	 4	
2364	 1824	 3183	 110	 10	 6	 149	 10	 97	 4	 14	 78	 4	 273	 864	 54	 654	 14	 78	 7	 1391	 1	 42	 26	 155	 500	 1	 501	 769	 1	 1	 7	 1176	 729	 1	 1391	 1	 203	 1	 1391	 1	 1391	 11	 1391	 1	 11	 22	 30	 78	 30	
23	 28	 1512	 105	 110	 343	 1893	 364	 369	 1521	 22	 12	 114	 4	 206	 12	 91	 26	 17	 638	 10	 296	 5	 3	 3	 169	 242	 377	 5	 3	 0	 0	 0	 0	 0	 0	 0	 0	 0	 0	 0	 0	 0	 0	 0	 0	 0	 0	 0	 0	
944	 15	 30	 205	 134	 205	 1	 92	 7	 35	 1	 75	 63	 674	 476	 7	 445	 60	 3	 3	 7	 126	 543	 60	 3	 864	 1	 97	 681	 7	 3	 433	 97	 60	 3	 850	 7	 547	 2974	 476	 60	 3	 205	 952	 1	 50	 397	 7	 476	 1580	
15	 245	 4	 6	 1291	 1009	 1289	 1	 258	 1	 782	 187	 4	 974	 2319	 1	 7	 6	 2466	 1211	 658	 5	 3	 486	 11	 658	 4	 67	 6	 50	 55	 37	 477	 5	 3	 3	 3	 5	 3	 3	 3	 3	 50	 3	 3	 3	 50	 41	 28	 1477	
18	 28	 1	 237	 74	 8	 216	 11	 34	 14	 21	 10	 46	 7	 1114	 1	 8	 913	 252	 4	 14	 21	 10	 6	 9	 18	 8	 48	 191	 4	 2054	 4	 12	 114	 5	 3	 3	 3	 1016	 33	 657	 5	 3	 3	 71	 33	 5	 69	 3	 71	
62	 1456	 10	 31	 9	 2542	 4	 130	 9	 103	 103	 22	 12	 1031	 18	 48	 303	 231	 22	 14	 1031	 26	 191	 650	 197	 5	 3	 3	 3	 1388	 33	 142	 11	 95	 428	 9	 5	 3	 3	 122	 49	 5	 3	 3	 3	 3	 3	 3	 3	 3	
14	 1778	 28	 4	 762	 39	 497	 8	 167	 38	 39	 24	 6	 97	 8	 57	 481	 269	 64	 4	 3233	 43	 64	 5	 3	 3	 5	 3	 3	 5	 3	 3	 1496	 3	 5	 3	 3	 192	 3	 3	 3	 5	 3	 3	 5	 3	 3	 896	 5	 3	
9	 43	 6	 671	 2821	 8	 48	 1292	 4	 186	 2193	 4	 679	 12	 1133	 145	 81	 20	 241	 871	 4	 12	 922	 20	 6	 55	 128	 14	 35	 5	 3	 3	 3	 3	 383	 135	 7	 41	 619	 5	 3	 3	 3	 2636	 3	 3	 3	 3	 3	 3	
8	 36	 32	 1197	 10	 17	 423	 22	 6	 41	 10	 17	 962	 10	 34	 218	 115	 1	 1005	 1	 11	 199	 10	 31	 9	 26	 191	 138	 15	 23	 33	 175	 5	 3	 3	 33	 3	 346	 3	 115	 3	 863	 10	 6	 199	 10	 12	 9	 5	 3	
3	 2212	 63	 8	 58	 918	 12	 632	 775	 7	 47	 150	 52	 1	 73	 6	 432	 74	 1	 152	 34	 49	 22	 6	 218	 362	 1408	 555	 73	 6	 2354	 1666	 106	 12	 81	 5	 3	 3	 3	 3591	 1066	 5	 3	 3	 3	 3	 173	 5	 3	 3	
23	 9	 16	 32	 231	 11	 703	 82	 6	 52	 5	 3	 29	 17	 27	 10	 12	 129	 7	 49	 5	 3	 3	 102	 10	 12	 107	 4	 14	 1031	 60	 12	 21	 10	 14	 35	 3	 922	 5	 3	 192	 3	 3	 3	 3	 3	 5	 3	 3	 3	
