13	 61	 852	 6	 1695	 10	 84	 1844	 84	 4	 560	 5	 70	 11	 5	 5	 2075	 2810	 5	 0	 0	 0	 0	 0	 0	 0	 0	 0	 0	 0	 0	 0	 0	 0	 0	 0	 0	 0	 0	 0	 0	 0	 0	 0	 0	 0	 0	 0	 0	 0	
15	 101	 4	 63	 0	 0	 0	 0	 0	 0	 0	 0	 0	 0	 0	 0	 0	 0	 0	 0	 0	 0	 0	 0	 0	 0	 0	 0	 0	 0	 0	 0	 0	 0	 0	 0	 0	 0	 0	 0	 0	 0	 0	 0	 0	 0	 0	 0	 0	 0	
451	 16	 61	 237	 65	 249	 1	 7	 7	 1	 1	 5	 3898	 1	 1	 7	 1	 5	 510	 5	 7	 5	 5	 5	 5	 5	 0	 0	 0	 0	 0	 0	 0	 0	 0	 0	 0	 0	 0	 0	 0	 0	 0	 0	 0	 0	 0	 0	 0	 0	
19	 147	 1038	 1	 1	 1	 1	 1	 1	 1	 1	 1	 7	 1	 5	 1	 1	 5	 1	 1	 5	 5	 1	 1	 1	 5	 1	 5	 5	 1	 29	 5	 27	 5	 5	 0	 0	 0	 0	 0	 0	 0	 0	 0	 0	 0	 0	 0	 0	 0	
19	 288	 1	 1	 1	 7	 2611	 1	 1	 1	 1	 1	 1	 1	 7	 5	 5	 448	 1	 5	 5	 5	 5	 5	 0	 0	 0	 0	 0	 0	 0	 0	 0	 0	 0	 0	 0	 0	 0	 0	 0	 0	 0	 0	 0	 0	 0	 0	 0	 0	
79	 225	 12	 33	 3796	 7	 19	 360	 33	 895	 5	 153	 1098	 5	 33	 5	 1012	 5	 7	 5	 0	 0	 0	 0	 0	 0	 0	 0	 0	 0	 0	 0	 0	 0	 0	 0	 0	 0	 0	 0	 0	 0	 0	 0	 0	 0	 0	 0	 0	 0	
40	 8	 1120	 25	 4	 131	 11	 63	 0	 0	 0	 0	 0	 0	 0	 0	 0	 0	 0	 0	 0	 0	 0	 0	 0	 0	 0	 0	 0	 0	 0	 0	 0	 0	 0	 0	 0	 0	 0	 0	 0	 0	 0	 0	 0	 0	 0	 0	 0	 0	
13	 819	 18	 172	 222	 5	 64	 57	 213	 7	 5	 5	 0	 0	 0	 0	 0	 0	 0	 0	 0	 0	 0	 0	 0	 0	 0	 0	 0	 0	 0	 0	 0	 0	 0	 0	 0	 0	 0	 0	 0	 0	 0	 0	 0	 0	 0	 0	 0	 0	
23	 28	 152	 57	 2199	 7	 1	 4	 567	 7	 145	 5	 1459	 4	 1808	 5	 5	 5	 0	 0	 0	 0	 0	 0	 0	 0	 0	 0	 0	 0	 0	 0	 0	 0	 0	 0	 0	 0	 0	 0	 0	 0	 0	 0	 0	 0	 0	 0	 0	 0	
19	 127	 24	 1	 1	 2822	 1	 1	 1	 1	 1	 1	 1	 1	 5	 5	 5	 5	 1	 1	 5	 5	 7	 5	 1	 5	 5	 3037	 1	 7	 5	 5	 5	 7	 5	 5	 5	 0	 0	 0	 0	 0	 0	 0	 0	 0	 0	 0	 0	 0	
