24	 100	 6	 55	 1	 8	 252	 4	 23	 33	 223	 5	 3	 3	 33	 44	 5	 3	 3	 33	 44	 3	 3	 33	 142	 1104	 5	 3	 72	 8	 327	 5	 3	 3	 3	 3	 1	 7	 29	 806	 27	 171	 23	 28	 94	 1	 1071	 7	 566	 24	
6	 103	 10	 12	 9	 28	 505	 4	 39	 5	 3	 3	 10	 33	 3	 1951	 39	 5	 3	 3	 3124	 5	 3	 3	 3	 989	 400	 569	 720	 2273	 5	 3	 3	 3	 3	 123	 3	 452	 540	 19	 23	 346	 5	 3	 3	 3	 989	 39	 5	 3	
13	 690	 3985	 15	 14	 733	 4	 47	 6	 187	 119	 4	 32	 555	 5	 3	 7	 188	 5	 3	 3	 2132	 1378	 2952	 541	 1	 717	 5	 3	 3	 534	 5	 3	 3	 135	 1378	 5	 3	 3	 3	 3	 3	 3	 41	 3	 3	 3	 691	 33	 3	
540	 8	 48	 1706	 306	 19	 17	 261	 469	 4	 1127	 14	 65	 656	 656	 29	 19	 127	 1	 17	 1088	 58	 21	 27	 8	 58	 32	 687	 19	 89	 9	 5	 3	 3	 910	 278	 1	 7	 16	 32	 228	 20	 95	 30	 45	 76	 173	 431	 5	 3	
72	 4	 89	 39	 3	 3	 150	 52	 3	 3	 5	 3	 3	 33	 223	 3	 3	 3	 3	 3	 3	 3	 3	 3	 856	 24	 400	 5	 3	 3	 3	 3	 3	 3	 3	 3	 369	 146	 15	 6	 178	 63	 3	 3	 63	 443	 3	 3	 3	 33	
40	 8	 57	 25	 269	 6	 45	 76	 9	 94	 337	 46	 8	 410	 217	 22	 4	 6	 242	 333	 8	 193	 19	 6	 242	 520	 36	 32	 807	 97	 18	 9	 28	 485	 15	 6	 280	 179	 192	 41	 7	 410	 410	 21	 6	 193	 1765	 220	 6	 141	
9	 38	 30	 561	 3	 5	 3	 3	 4116	 187	 350	 5	 3	 3492	 1066	 173	 55	 60	 135	 1012	 3	 3	 241	 3	 847	 60	 3	 234	 29	 145	 27	 250	 7	 50	 53	 171	 77	 58	 32	 910	 63	 3	 50	 173	 5	 3	 3	 3	 3	 3	
79	 226	 18	 54	 8	 193	 10	 380	 34	 11	 108	 510	 38	 39	 1	 584	 6	 764	 492	 4	 7	 113	 8	 131	 510	 29	 71	 551	 39	 69	 27	 5	 3	 135	 1	 65	 7	 30	 137	 5	 3	 3	 3	 3	 3	 3	 3	 911	 911	 5	
13	 16	 180	 23	 44	 4	 1426	 17	 248	 10	 6	 41	 5	 3	 3	 3	 3	 660	 650	 15	 1721	 11	 15	 248	 10	 6	 346	 146	 73	 14	 5	 3	 3	 3	 3	 5	 3	 5	 3	 3	 5	 3	 3	 192	 5	 3	 3	 3	 3	 3	
176	 1	 1595	 16	 113	 8	 95	 622	 312	 19	 299	 599	 5	 3	 3	 860	 15	 245	 4	 17	 634	 65	 11	 110	 30	 3397	 10	 6	 358	 10	 21	 5	 3	 1012	 3	 5	 3	 3	 3	 268	 5	 3	 3	 3	 2240	 5	 3	 3	 812	 198	
758	 6	 71	 65	 446	 69	 3	 71	 212	 3	 69	 152	 29	 446	 71	 65	 217	 69	 27	 5	 3	 1	 3	 1	 1	 717	 5	 3	 3	 3	 7	 1812	 5	 3	 3	 3	 3	 3	 5	 3	 3	 472	 3488	 656	 392	 5	 3	 3	 3	 3	
110	 242	 99	 21	 46	 4	 51	 490	 88	 9	 38	 77	 82	 14	 575	 53	 238	 1	 7	 2131	 64	 4	 727	 7	 591	 6	 97	 87	 5	 3	 3	 87	 3	 87	 1378	 900	 27	 5	 3	 3	 3	 3	 3	 2433	 242	 5	 3	 3	 71	 50	
8	 164	 338	 508	 1067	 38	 23	 33	 175	 5	 3	 3	 36	 521	 21	 160	 23	 508	 175	 5	 3	 3	 3	 1180	 56	 742	 81	 5	 3	 3	 2363	 5	 3	 3	 3	 3	 5	 3	 3	 3	 5	 3	 3	 5	 3	 3	 3	 3	 5	 3	
46	 58	 25	 32	 86	 4	 504	 90	 88	 9	 11	 1452	 49	 4	 156	 5	 3	 3	 1016	 2214	 5	 3	 29	 17	 27	 2329	 22	 70	 308	 1	 26	 70	 308	 80	 5	 3	 3	 3	 1624	 192	 5	 3	 3	 52	 3	 1280	 5	 3	 3	 5	
40	 17	 588	 335	 15	 6	 498	 11	 271	 298	 8	 58	 1	 15	 1119	 20	 355	 424	 960	 1	 6	 9	 13	 47	 7	 72	 8	 396	 32	 365	 10	 130	 9	 28	 94	 7	 72	 12	 9	 36	 32	 94	 5	 3	 69	 26	 502	 11	 158	 106	
285	 12	 81	 7	 918	 9	 1	 234	 10	 673	 1	 7	 230	 135	 4	 339	 4	 314	 12	 81	 11	 536	 9	 60	 341	 49	 7	 343	 172	 19	 249	 103	 1	 7	 7	 19	 34	 30	 207	 75	 81	 9	 5	 3	 3	 3	 59	 60	 3	 3091	
23	 33	 44	 465	 4	 6	 78	 1	 92	 7	 78	 948	 24	 8	 1	 29	 71	 3240	 1	 69	 71	 39	 1	 69	 39	 27	 7	 72	 13	 58	 65	 23	 18	 319	 5	 3	 3	 3	 3	 3	 3	 3	 3	 173	 29	 647	 1	 6	 71	 39	
237	 74	 8	 21	 6	 52	 1	 8	 16	 1071	 38	 23	 41	 1	 16	 61	 32	 477	 38	 12	 114	 18	 16	 924	 15	 30	 517	 5	 3	 1	 1137	 845	 71	 539	 628	 5	 3	 3	 3	 515	 5	 3	 3	 3	 3	 3	 5	 3	 3	 3	
38	 74	 4	 74	 58	 8	 32	 365	 10	 130	 9	 13	 51	 100	 46	 7	 30	 87	 1	 87	 16	 32	 528	 1	 160	 1498	 452	 466	 6	 1211	 10	 6	 55	 5	 3	 3	 135	 3	 5	 3	 3	 3	 135	 3	 135	 5	 3	 3	 3	 3	
20	 110	 661	 97	 289	 1	 136	 97	 173	 1	 46	 7	 30	 177	 1	 140	 119	 186	 39	 4	 191	 7	 68	 95	 31	 9	 8	 194	 22	 18	 129	 5	 3	 3	 495	 122	 29	 11	 1218	 27	 16	 32	 125	 280	 4	 12	 2159	 1102	 295	 5	
4	 201	 6	 857	 10	 6	 53	 8	 780	 4	 48	 125	 280	 97	 1	 13	 61	 57	 481	 48	 68	 4	 64	 7	 72	 37	 281	 10	 122	 1	 7	 19	 2590	 130	 46	 158	 4	 51	 23	 9	 5	 3	 145	 122	 49	 5	 3	 3	 3	 103	
16	 180	 1	 285	 1	 11	 1551	 5	 3	 3	 3	 3	 915	 44	 5	 3	 3	 452	 234	 3	 3	 3	 452	 234	 3	 3	 3	 3	 2457	 3	 28	 2049	 1	 140	 40	 15	 110	 448	 36	 21	 46	 5	 3	 495	 122	 27	 5	 3	 74	 699	
58	 372	 71	 46	 69	 5	 3	 205	 227	 217	 222	 5	 3	 122	 172	 3	 316	 3110	 283	 43	 8	 4	 1301	 5	 3	 575	 2674	 5	 3	 3	 955	 3	 5	 3	 3	 3	 3	 1624	 3	 346	 5	 3	 3	 3	 3	 3	 3	 3	 3	 1066	
110	 46	 37	 1947	 1	 228	 20	 110	 331	 9	 19	 118	 126	 96	 5	 3	 3	 2329	 5	 3	 3	 3	 3	 611	 5	 3	 3	 84	 33	 26	 17	 754	 695	 331	 1935	 1	 67	 58	 32	 1085	 4	 95	 386	 9	 5	 3	 3	 452	 3300	 5	
130	 43	 118	 46	 3	 3	 227	 3	 3	 3	 3	 3	 3	 3	 3	 3	 3	 3	 3	 3	 3	 3	 3	 50	 3	 3	 3	 3	 3	 3	 3	 3	 3	 3	 3	 3	 3	 3	 3	 3	 3	 3	 1046	 1302	 346	 227	 71	 2644	 69	 3	
112	 355	 329	 46	 227	 3	 610	 5	 3	 583	 50	 513	 37	 24	 95	 513	 1	 834	 133	 119	 1217	 157	 871	 4	 12	 295	 82	 6	 50	 53	 1	 507	 83	 605	 166	 6	 21	 10	 46	 5	 3	 3	 3	 3	 3	 3	 3	 5	 3	 3	
13	 37	 158	 19	 190	 1162	 7	 1795	 570	 225	 9	 22	 14	 84	 202	 41	 7	 57	 105	 73	 103	 5	 3	 290	 540	 11	 171	 64	 28	 158	 24	 115	 5	 3	 3	 3	 5	 3	 3	 3	 5	 3	 3	 5	 3	 3	 3	 5	 3	 3	
279	 1298	 2769	 24	 1	 11	 600	 14	 55	 3	 952	 1	 422	 629	 1	 7	 187	 4	 6	 50	 41	 29	 19	 21	 10	 3	 27	 49	 28	 349	 24	 39	 1	 231	 15	 17	 268	 81	 5	 3	 3	 24	 407	 2600	 5	 3	 0	 0	 0	 0	
110	 50	 513	 238	 385	 46	 1	 140	 8	 16	 25	 193	 4	 104	 95	 353	 182	 38	 23	 55	 5	 3	 669	 50	 135	 5	 3	 234	 22	 107	 5	 3	 234	 5	 3	 135	 1012	 3	 198	 905	 780	 5	 3	 3	 495	 495	 5	 3	 3	 3	
15	 42	 461	 13	 580	 6	 209	 4	 2795	 11	 2627	 34	 170	 3618	 11	 209	 146	 4	 39	 5	 3	 3	 5	 3	 3	 2132	 4224	 1	 4806	 1	 5	 3	 3	 5	 3	 3	 5	 3	 3	 3	 5	 3	 3	 5	 3	 3	 5	 3	 0	 0	
372	 27	 9	 43	 12	 3922	 11	 826	 20	 39	 16	 32	 821	 4	 141	 553	 45	 76	 52	 144	 121	 51	 434	 21	 1	 9	 7	 87	 128	 2800	 22	 6	 35	 5	 3	 3	 3	 3	 3	 3	 3	 3	 3	 3	 3	 3	 3	 2636	 3	 5	
79	 338	 15	 1258	 18	 110	 90	 88	 9	 18	 16	 32	 94	 82	 62	 141	 78	 7	 369	 5	 3	 58	 350	 865	 279	 328	 125	 280	 632	 35	 4	 67	 83	 65	 28	 146	 5	 3	 5	 3	 3	 103	 543	 5	 3	 3	 1609	 1692	 5	 3	
23	 33	 44	 465	 109	 4	 9	 22	 6	 53	 29	 292	 27	 18	 112	 25	 90	 206	 8	 29	 276	 13	 48	 849	 4	 26	 6	 50	 41	 27	 5	 3	 3	 1496	 19	 97	 5	 3	 234	 10	 74	 7	 65	 59	 5	 3	 0	 0	 0	 0	
23	 9	 398	 1	 140	 28	 25	 268	 4	 12	 98	 1	 131	 59	 1	 234	 10	 796	 1	 4199	 1	 147	 293	 1	 3327	 163	 293	 29	 399	 27	 1	 293	 10	 12	 761	 1	 49	 1	 161	 59	 1	 7	 162	 26	 93	 5	 3	 3	 5	 3	
71	 1	 69	 63	 1607	 4491	 33	 44	 135	 29	 118	 27	 5	 27	 3	 5	 3	 55	 3	 1708	 5	 3	 3	 3	 173	 3	 294	 5	 3	 3	 1012	 3	 148	 2674	 10	 77	 11	 3096	 10	 77	 5	 3	 1026	 192	 3	 5	 3	 3	 5	 3	
12	 494	 7	 383	 98	 3	 59	 1	 667	 98	 1	 383	 98	 1	 673	 1	 2388	 1	 3729	 1	 790	 379	 7	 102	 10	 653	 11	 1872	 70	 101	 334	 4	 152	 6	 108	 5	 3	 3	 3	 3	 150	 3	 803	 4	 51	 9	 19	 405	 68	 42	
6	 1253	 397	 834	 402	 95	 110	 347	 10	 9	 82	 6	 159	 10	 490	 88	 9	 166	 42	 193	 198	 5	 3	 3	 289	 462	 910	 197	 5	 3	 3	 1692	 3	 3	 3	 173	 7	 6	 768	 2263	 10	 5	 3	 3	 5	 3	 3	 55	 3	 3	
29	 1346	 27	 95	 87	 18	 8	 1062	 4	 6	 41	 3	 3	 523	 3	 3	 1204	 1	 16	 32	 876	 15	 2501	 46	 26	 313	 5	 3	 331	 1307	 29	 27	 5	 3	 234	 7	 302	 102	 27	 4	 124	 723	 1105	 4	 47	 350	 871	 157	 4	 8	
256	 16	 1171	 12	 129	 936	 11	 31	 9	 8	 47	 4	 39	 54	 8	 458	 700	 11	 180	 6	 432	 81	 22	 259	 1129	 570	 116	 3	 23	 5	 3	 3	 3	 3	 3	 5	 3	 3	 3	 818	 3	 3	 28	 3	 1033	 10	 3604	 5	 3	 3	
40	 8	 57	 25	 252	 4	 134	 45	 66	 4	 1389	 34	 90	 88	 9	 1	 79	 89	 39	 5	 3	 3	 33	 346	 5	 3	 3	 1185	 5	 3	 3	 3300	 56	 1185	 5	 3	 3	 33	 44	 5	 3	 3	 33	 44	 5	 3	 3	 452	 534	 5	
2412	 4443	 28	 25	 2472	 4	 11	 16	 32	 63	 3	 29	 71	 229	 69	 27	 1	 42	 26	 6	 1504	 1	 475	 266	 1	 6	 55	 1504	 29	 27	 253	 1981	 52	 49	 1	 579	 1	 873	 29	 1446	 35	 29	 69	 27	 364	 1	 311	 1	 1542	 173	
174	 4	 14	 2315	 53	 37	 687	 4	 415	 17	 794	 7	 244	 105	 18	 8	 57	 481	 194	 17	 125	 1956	 15	 6	 368	 10	 30	 35	 18	 37	 745	 73	 6	 366	 41	 5	 3	 3	 173	 102	 5	 3	 3	 790	 379	 259	 27	 5	 3	 3	
254	 1272	 900	 4	 188	 111	 205	 58	 32	 1731	 5	 3	 3	 151	 5	 3	 3	 470	 5	 3	 3	 543	 19	 84	 97	 5	 3	 3	 5	 3	 3	 5	 3	 3	 3	 5	 3	 3	 5	 3	 3	 3	 3	 3	 3	 3	 3	 3	 3	 3	
196	 18	 57	 779	 21	 46	 4	 305	 156	 38	 1	 6	 46	 86	 24	 6	 50	 77	 5	 3	 3	 59	 10	 83	 80	 678	 5	 3	 50	 53	 1450	 7	 6	 21	 10	 23	 50	 41	 5	 3	 3	 3	 50	 41	 1450	 5	 3	 3	 3	 3	
227	 187	 38	 58	 25	 391	 34	 451	 2046	 24	 2058	 809	 600	 6	 10	 12	 216	 11	 1305	 875	 22	 67	 8	 48	 17	 81	 1	 11	 852	 743	 9	 5	 3	 3	 1012	 68	 5	 3	 775	 3	 5	 3	 3	 3	 5	 3	 3	 3	 5	 3	
24	 100	 6	 35	 1	 8	 252	 4	 23	 251	 7	 318	 5	 3	 379	 191	 138	 3	 62	 183	 112	 25	 319	 4	 8	 73	 6	 432	 947	 10	 52	 56	 33	 44	 5	 3	 3	 5	 3	 3	 3	 35	 5	 3	 3	 3	 3	 568	 5	 3	
15	 341	 390	 598	 22	 12	 114	 26	 313	 26	 93	 46	 905	 349	 38	 39	 1	 8	 36	 32	 1197	 333	 6	 9	 367	 24	 8	 11	 4	 808	 1816	 2362	 10	 12	 49	 5	 3	 3	 3061	 17	 114	 367	 26	 26	 1868	 278	 5	 3	 6	 71	
2007	 1	 2486	 1239	 374	 614	 4	 314	 18	 12	 90	 88	 9	 28	 1438	 523	 1	 361	 15	 260	 23	 946	 398	 2422	 1	 7	 38	 74	 5	 3	 3	 407	 851	 1	 645	 1	 7	 146	 35	 75	 1912	 5	 3	 2360	 5	 3	 3	 5	 3	 5	
63	 3632	 10	 750	 3	 1875	 63	 6	 102	 16	 61	 247	 19	 17	 334	 260	 82	 70	 65	 656	 29	 26	 381	 38	 6	 720	 10	 945	 1133	 27	 5	 3	 3	 3	 3	 29	 792	 27	 1561	 4	 240	 70	 81	 5	 3	 5	 3	 3	 3	 3	
36	 372	 247	 4	 47	 769	 43	 134	 99	 20	 83	 55	 250	 5	 3	 3	 295	 3	 5	 3	 3632	 10	 750	 21	 6	 55	 92	 7	 35	 4	 557	 111	 77	 145	 133	 5	 3	 35	 200	 67	 8	 212	 5	 3	 3	 3	 3	 3	 3	 3	
2479	 695	 16	 951	 113	 8	 30	 570	 146	 87	 29	 75	 3168	 570	 146	 27	 82	 2391	 5	 3	 10	 3	 7	 111	 270	 5	 3	 3	 3	 3	 3	 3	 123	 165	 27	 5	 3	 3	 3	 3	 3	 3617	 5	 3	 253	 253	 270	 1	 7	 16	
6	 3890	 205	 10	 6	 1068	 28	 221	 19	 299	 9	 24	 17	 1672	 10	 83	 59	 4	 6	 777	 10	 59	 54	 8	 240	 5	 3	 1763	 92	 1	 11	 17	 123	 5	 3	 3	 3	 3	 3	 3	 3	 5	 3	 3	 3	 3	 3	 3	 3	 3	
2758	 925	 447	 29	 70	 1040	 212	 11	 168	 175	 10	 14	 41	 27	 3	 9	 43	 6	 41	 11	 6	 21	 10	 46	 5	 3	 3	 3	 3	 3	 3	 3	 50	 41	 5	 3	 3	 1012	 3	 3	 50	 41	 3	 2249	 173	 5	 3	 3	 3	 3	
13	 36	 57	 14	 828	 4	 389	 35	 304	 22	 12	 31	 89	 9	 1	 67	 37	 12	 749	 220	 42	 30	 53	 11	 35	 42	 26	 850	 510	 7	 1337	 5	 3	 3	 198	 90	 910	 293	 15	 341	 390	 5	 3	 3	 35	 3	 3	 3	 1302	 1930	
21	 10	 110	 10	 62	 559	 37	 1219	 169	 16	 239	 1	 110	 11	 110	 10	 6	 35	 363	 439	 240	 4	 463	 83	 35	 5	 3	 3	 3	 3	 3	 3	 3	 60	 7	 3	 1034	 652	 97	 5	 3	 3	 5	 3	 3	 3	 5	 3	 3	 3	
72	 13	 21	 9	 19	 8	 3	 3	 3	 3	 3	 3	 3	 3	 3	 3	 3	 3	 3	 3	 3	 3	 3	 3	 3	 3	 3	 3	 3	 3	 3	 3	 3	 227	 670	 3	 3	 3	 3	 3	 146	 3	 55	 3	 3	 279	 1769	 63	 17	 2263	
13	 16	 85	 12	 65	 59	 20	 30	 45	 66	 1	 89	 39	 11	 150	 52	 1	 497	 529	 1255	 7	 236	 622	 612	 4	 8	 18	 1239	 300	 9	 181	 4	 2149	 9	 1	 7	 47	 622	 612	 18	 363	 8	 6	 544	 4	 193	 10	 93	 42	 434	
525	 9	 412	 20	 6	 589	 53	 5	 3	 3	 3	 234	 191	 17	 3	 234	 3	 3	 253	 33	 223	 28	 61	 696	 26	 71	 49	 69	 4101	 2400	 154	 303	 86	 5	 3	 69	 3	 98	 278	 5	 3	 3	 3	 1012	 3	 28	 25	 221	 19	 5	
8	 16	 180	 12	 172	 22	 95	 84	 369	 18	 8	 36	 309	 47	 4	 39	 73	 34	 74	 5	 3	 3	 33	 135	 26	 20	 6	 558	 4	 918	 444	 189	 7	 444	 189	 73	 6	 52	 5	 3	 133	 152	 2363	 1715	 666	 7	 6	 558	 5	 3	
1066	 1	 279	 1	 5	 3	 5	 3	 279	 13	 912	 587	 4	 1885	 7	 1329	 6	 653	 10	 1610	 22	 14	 55	 5	 3	 1012	 3	 5	 3	 3	 33	 1094	 5	 3	 3	 5	 3	 1012	 3	 5	 3	 3	 5	 3	 3	 41	 5	 3	 3	 3	
38	 74	 4	 74	 13	 16	 113	 8	 241	 7	 167	 38	 8	 5	 3	 3	 3	 35	 1	 40	 8	 48	 1587	 138	 10	 95	 42	 943	 1	 95	 632	 128	 126	 172	 38	 17	 141	 52	 5	 3	 3	 3	 52	 52	 5	 3	 3	 3	 52	 113	
13	 16	 273	 255	 1	 386	 46	 1	 50	 135	 1	 7	 455	 91	 626	 7	 30	 246	 10	 91	 875	 22	 6	 55	 1	 91	 246	 1	 118	 52	 332	 29	 161	 27	 59	 171	 23	 52	 332	 11	 17	 455	 198	 5	 3	 3	 3	 3	 3	 28	
63	 3	 33	 44	 3	 3	 346	 3	 55	 3	 1523	 52	 2311	 54	 6	 1046	 52	 402	 6	 721	 154	 2266	 10	 21	 477	 38	 6	 173	 5	 3	 3	 3	 3	 3	 3	 1180	 5	 3	 3	 173	 3	 192	 5	 3	 3	 3	 5	 3	 3	 3	
12	 1073	 21	 10	 6	 41	 1659	 12	 975	 10	 6	 117	 7	 358	 243	 4	 34	 366	 261	 11	 261	 8	 437	 5	 3	 3	 5	 3	 3	 52	 5	 3	 3	 3	 223	 5	 3	 3	 5	 3	 3	 3	 3	 33	 44	 5	 3	 3	 135	 3	
64	 16	 210	 300	 427	 4	 283	 125	 10	 6	 41	 56	 21	 10	 301	 56	 9	 5	 3	 234	 1	 1648	 1	 7	 167	 5	 3	 645	 26	 313	 26	 6	 9	 714	 24	 8	 337	 100	 14	 41	 5	 3	 3	 3	 3	 3	 3	 3	 5	 3	
297	 9	 20	 30	 99	 3	 7	 14	 772	 5	 3	 3	 49	 3	 3	 1976	 694	 145	 50	 53	 11	 35	 27	 3	 1485	 10	 9	 37	 4	 289	 390	 412	 20	 12	 31	 11	 608	 58	 21	 5	 3	 3	 3	 3	 685	 103	 1023	 5	 3	 3	
2811	 56	 33	 84	 3	 28	 70	 505	 248	 10	 6	 857	 1	 1945	 1	 7	 381	 241	 19	 1558	 346	 7	 284	 1024	 505	 602	 4	 136	 1203	 5	 3	 3	 1794	 3	 5	 3	 5	 3	 3	 28	 25	 4229	 5	 3	 3	 5	 3	 3	 5	 3	
179	 192	 149	 7	 1391	 37	 439	 992	 24	 17	 45	 76	 11	 992	 309	 22	 14	 41	 5	 3	 135	 3	 3	 2249	 41	 5	 3	 2249	 3	 55	 5	 3	 3	 3	 3	 3	 3	 3	 3	 3	 3	 3	 3	 5	 3	 3	 3	 3	 3	 1643	
532	 16	 191	 306	 17	 495	 122	 22	 12	 114	 56	 499	 541	 19	 6	 207	 19	 6	 234	 10	 71	 554	 1085	 5	 3	 3	 5	 3	 3	 34	 3	 55	 1293	 26	 6	 71	 1199	 26	 191	 650	 5	 3	 3	 3391	 5	 3	 2575	 3	 5	 3	
2284	 36	 482	 12	 296	 22	 6	 55	 276	 8	 143	 4	 437	 6	 2809	 22	 1	 1168	 20	 87	 1373	 67	 16	 191	 7	 68	 12	 189	 5	 3	 3	 3300	 1012	 5	 3	 0	 0	 0	 0	 0	 0	 0	 0	 0	 0	 0	 0	 0	 0	 0	
68	 4	 6	 556	 28	 1619	 38	 6	 173	 11	 95	 92	 11	 35	 16	 247	 8	 4	 327	 39	 31	 9	 5	 3	 3	 5	 3	 3	 5	 3	 3	 3300	 250	 5	 3	 3	 49	 103	 5	 3	 234	 7	 74	 5	 3	 3	 3	 3	 268	 3	
13	 16	 21	 42	 31	 9	 4	 206	 8	 1	 42	 26	 12	 98	 1	 65	 59	 7	 1204	 850	 1	 26	 218	 1	 6	 117	 10	 52	 56	 149	 7	 117	 10	 52	 7	 137	 5	 3	 3	 3	 3	 3	 3	 3	 3	 3	 3	 3	 3	 3	
72	 36	 13	 344	 72	 705	 8	 47	 9	 13	 47	 4	 11	 13	 507	 17	 3	 3	 3	 3	 357	 13	 36	 25	 32	 267	 4	 8	 560	 64	 5	 3	 3	 52	 5	 3	 3	 3	 3	 3	 3	 3	 3	 3	 105	 845	 71	 46	 5	 69	
13	 57	 25	 48	 68	 4	 23	 9	 11	 4	 34	 750	 106	 6	 213	 10	 1027	 11	 21	 6	 35	 22	 6	 55	 5	 3	 3	 3	 5	 3	 3	 1472	 370	 5	 3	 3	 3	 5	 3	 3	 5	 3	 5	 3	 3	 5	 3	 3	 2396	 5	
110	 904	 10	 6	 41	 16	 21	 3307	 231	 1269	 11	 1958	 23	 4	 47	 70	 2645	 1623	 5	 3	 3	 3	 5	 3	 5	 3	 3	 28	 70	 823	 7	 1072	 58	 512	 1406	 5	 3	 5	 3	 234	 5	 3	 3	 33	 44	 543	 106	 42	 448	 5	
