110	 10	 62	 35	 16	 883	 8	 344	 125	 9	 43	 83	 97	 1	 7	 12	 320	 43	 320	 8	 58	 124	 43	 23	 357	 5	 3	 33	 5	 3	 3	 122	 289	 5	 3	 3	 103	 102	 5	 3	 3	 3	 3	 5	 3	 691	 3	 50	 135	 5	
8	 58	 61	 193	 10	 62	 182	 54	 8	 37	 22	 6	 759	 10	 135	 510	 5	 3	 135	 172	 5	 3	 135	 919	 10	 12	 129	 5	 3	 3	 660	 10	 6	 91	 7	 50	 135	 5	 3	 3	 3	 3	 3	 5	 3	 3	 5	 3	 5	 3	
13	 61	 21	 495	 46	 4	 273	 95	 255	 784	 10	 6	 77	 10	 14	 41	 5	 3	 1097	 784	 19	 96	 26	 313	 26	 4	 133	 201	 14	 80	 635	 211	 19	 95	 448	 5	 3	 3	 172	 5	 3	 3	 3	 41	 27	 5	 3	 3	 41	 3	
8	 16	 560	 12	 89	 9	 24	 701	 39	 82	 95	 10	 6	 89	 39	 212	 22	 6	 55	 7	 1494	 769	 621	 4	 39	 195	 6	 212	 1439	 73	 12	 65	 5	 3	 3	 3	 568	 5	 3	 3	 3	 721	 5	 3	 3	 3	 3	 721	 5	 3	
10	 651	 1	 13	 852	 110	 11	 93	 10	 6	 670	 37	 86	 15	 6	 257	 10	 6	 114	 1	 7	 6	 554	 16	 32	 1366	 24	 6	 981	 71	 1425	 10	 6	 1035	 10	 68	 4	 95	 149	 10	 6	 35	 5	 3	 3	 5	 3	 3	 5	 3	
110	 4534	 1820	 10	 123	 1133	 721	 19	 96	 16	 32	 1908	 19	 817	 4	 1630	 72	 355	 258	 83	 35	 16	 32	 621	 5	 3	 3	 5	 3	 3	 5	 3	 3	 5	 3	 1219	 35	 5	 3	 3	 3	 3	 3	 3	 44	 5	 3	 3	 3	 5	
34	 10	 6	 9	 13	 132	 22	 62	 35	 28	 243	 4	 134	 1482	 1578	 7	 2058	 243	 4	 6	 117	 7	 358	 10	 6	 366	 52	 5	 3	 33	 44	 5	 3	 3	 3	 3	 5	 3	 3	 3	 3	 3	 3	 3	 5	 3	 3	 3	 5	 3	
79	 32	 365	 18	 95	 241	 10	 14	 41	 28	 6	 388	 10	 14	 826	 20	 17	 45	 76	 50	 41	 5	 3	 3	 2016	 10	 111	 50	 294	 5	 3	 3	 1148	 0	 0	 0	 0	 0	 0	 0	 0	 0	 0	 0	 0	 0	 0	 0	 0	 0	
79	 32	 365	 18	 71	 435	 69	 38	 237	 7	 3186	 36	 926	 8	 130	 9	 8	 262	 4	 156	 1	 75	 130	 149	 8	 2757	 5	 3	 69	 87	 7	 6	 596	 5	 3	 71	 33	 44	 69	 27	 5	 3	 3	 1349	 5	 3	 3	 3	 55	 33	
29	 1499	 27	 1337	 37	 15	 390	 18	 37	 1478	 24	 99	 5	 3	 5	 3	 4592	 1012	 525	 99	 7	 960	 67	 989	 83	 216	 33	 1	 123	 1	 7	 205	 67	 1013	 124	 6	 80	 5	 3	 74	 5	 3	 3	 1007	 1865	 1012	 3	 28	 243	 4	
24	 4334	 70	 81	 1478	 24	 17	 45	 76	 20	 12	 889	 81	 1	 889	 29	 889	 27	 1	 889	 36	 61	 1183	 18	 8	 48	 148	 785	 11	 798	 19	 62	 126	 35	 38	 67	 8	 48	 116	 12	 31	 9	 5	 3	 3	 33	 44	 38	 42	 45	
8	 16	 32	 687	 38	 185	 2198	 41	 19	 336	 564	 346	 324	 74	 24	 1455	 15	 5	 3	 532	 3	 486	 60	 113	 8	 126	 167	 5	 3	 3	 3	 3	 126	 3	 659	 3	 3	 3	 3	 3	 3	 5	 3	 3	 3	 3	 3	 3	 52	 5	
13	 16	 1275	 23	 33	 44	 73	 34	 74	 5	 3	 3	 1503	 135	 15	 6	 175	 5	 3	 2240	 1294	 105	 13	 58	 57	 105	 24	 701	 39	 5	 3	 3	 5	 3	 3	 5	 3	 3	 1012	 3	 3	 3	 721	 5	 3	 2722	 197	 5	 3	 135	
254	 1272	 36	 32	 38	 70	 1620	 759	 19	 1693	 5	 3	 3	 19	 73	 6	 452	 234	 10	 34	 1250	 5	 3	 3	 3	 3	 911	 5	 3	 3	 3	 3	 3	 3	 135	 135	 5	 3	 71	 910	 207	 69	 71	 55	 69	 71	 449	 69	 5	 3	
6	 254	 1374	 511	 10	 62	 149	 36	 32	 965	 20	 23	 33	 44	 7	 1575	 320	 10	 6	 295	 5	 3	 3	 2329	 5	 3	 3	 2329	 3	 296	 10	 1821	 1632	 50	 294	 26	 313	 26	 2315	 53	 69	 22	 6	 50	 41	 5	 3	 3	 3	 3	
217	 22	 4	 264	 138	 38	 185	 656	 4	 1807	 6	 7	 35	 5	 3	 3	 1472	 3	 1066	 3	 3	 1	 194	 197	 60	 3	 28	 86	 1161	 374	 622	 7	 476	 4	 6	 1230	 221	 19	 93	 678	 5	 3	 1472	 1012	 5	 3	 3	 3	 126	 5	
12	 209	 4	 21	 6	 1901	 1218	 20	 12	 98	 36	 32	 731	 376	 1913	 575	 5	 3	 3	 3	 3	 3	 3	 3	 3	 3	 927	 10	 1759	 7	 30	 2728	 5	 3	 3	 3	 3	 3	 3	 3	 3	 3	 3	 5	 3	 3	 5	 3	 3	 3	
212	 19	 1330	 10	 6	 183	 11	 31	 183	 10	 835	 897	 5	 3	 3	 192	 3	 2636	 1	 86	 15	 34	 30	 357	 18	 28	 25	 17	 760	 865	 3053	 15	 6	 487	 10	 6	 768	 835	 1424	 934	 77	 5	 3	 3	 126	 1187	 54	 1494	 6	 179	
32	 829	 4	 47	 12	 1284	 98	 20	 6	 280	 1211	 412	 105	 8	 58	 21	 12	 65	 59	 15	 101	 4	 389	 6	 453	 4	 3	 8	 5	 3	 3	 49	 8	 240	 19	 6	 263	 5	 3	 3	 3	 3	 3	 3	 3	 152	 5	 3	 3	 379	
50	 215	 16	 32	 2601	 4	 8	 15	 312	 8	 104	 38	 6	 45	 66	 29	 75	 54	 8	 1062	 917	 11	 37	 25	 82	 17	 661	 4040	 17	 261	 11	 52	 27	 11	 37	 17	 331	 896	 5	 3	 3	 3	 5	 3	 3	 3	 3	 3	 3	 3	
8	 164	 1268	 6	 1095	 33	 151	 10	 14	 53	 4	 314	 18	 8	 275	 6	 21	 10	 83	 31	 9	 7	 14	 1509	 49	 43	 8	 1	 7	 18	 13	 47	 156	 20	 95	 9	 5	 3	 290	 185	 1651	 197	 5	 3	 3	 1012	 3	 775	 5	 3	
13	 36	 951	 113	 8	 312	 15	 12	 50	 41	 40	 745	 82	 6	 35	 5	 3	 3	 3	 1318	 979	 33	 44	 1477	 15	 6	 87	 10	 6	 50	 135	 38	 6	 656	 29	 276	 6	 554	 28	 359	 452	 27	 5	 3	 0	 0	 0	 0	 0	 0	
13	 124	 315	 4	 206	 7	 879	 1039	 1959	 5	 3	 5	 3	 3	 3	 1535	 5	 3	 5	 3	 3	 3	 3	 452	 5	 3	 3	 691	 721	 73	 526	 5	 3	 3	 3	 5	 3	 826	 5	 3	 3	 5	 3	 3	 3	 3	 3	 691	 5	 3	
72	 13	 36	 23	 223	 11	 210	 248	 10	 716	 11	 3	 1278	 43	 6	 21	 10	 6	 9	 94	 22	 6	 53	 5	 3	 3	 3	 3	 3	 3	 3	 3	 3	 3	 3	 863	 10	 307	 29	 75	 15	 6	 102	 10	 27	 7	 28	 94	 22	 6	
17	 392	 10	 3341	 28	 125	 340	 7	 16	 32	 528	 24	 30	 99	 1	 42	 26	 6	 157	 18	 16	 32	 10	 232	 4	 8	 38	 74	 4	 74	 5	 3	 192	 3	 192	 133	 350	 865	 182	 11	 87	 5	 3	 3	 618	 10	 14	 123	 5	 3	
13	 36	 238	 113	 12	 533	 29	 399	 27	 17	 1534	 131	 1759	 4	 264	 3	 1152	 22	 14	 55	 5	 3	 3	 3	 3	 3	 310	 6	 911	 10	 12	 81	 5	 3	 3	 3	 537	 5	 3	 3	 5	 3	 3	 5	 3	 3	 5	 3	 3	 5	
13	 921	 93	 2453	 49	 18	 154	 303	 116	 20	 42	 1	 19	 34	 207	 30	 290	 318	 15	 317	 20	 218	 115	 5	 3	 3	 150	 60	 7	 3	 218	 52	 60	 7	 3	 10	 1369	 5	 3	 0	 0	 0	 0	 0	 0	 0	 0	 0	 0	 0	
62	 46	 16	 32	 598	 22	 12	 114	 24	 39	 11	 24	 110	 149	 10	 6	 52	 5	 3	 3	 3	 3	 1527	 5	 3	 3	 568	 5	 3	 3	 39	 3	 5	 3	 3	 191	 650	 278	 5	 3	 3	 5	 3	 5	 3	 3	 3300	 10	 5	 3	
13	 210	 374	 614	 4	 314	 18	 1975	 103	 427	 28	 1270	 300	 7	 93	 2334	 4	 1460	 68	 4	 31	 9	 1	 75	 31	 9	 1	 7	 316	 186	 8	 4	 1191	 138	 84	 1796	 39	 18	 58	 885	 7	 21	 34	 30	 9	 8	 132	 15	 14	 423	
1232	 5	 63	 33	 44	 279	 33	 169	 279	 103	 3	 3	 1998	 1293	 3	 3	 279	 289	 4	 113	 1885	 7	 13	 21	 6	 9	 94	 84	 4	 12	 136	 52	 5	 3	 3	 2028	 128	 136	 5	 3	 3	 3	 3	 3450	 5	 3	 3	 383	 1012	 3	
8	 58	 61	 1088	 700	 6	 78	 145	 182	 38	 64	 5	 3	 3	 141	 29	 279	 72	 57	 372	 264	 24	 242	 38	 994	 15	 6	 97	 35	 106	 6	 33	 44	 27	 18	 1810	 5	 3	 3	 151	 5	 3	 3	 3	 3	 33	 44	 5	 3	 3	
46	 58	 32	 495	 46	 5	 3	 577	 515	 3	 36	 32	 86	 26	 1609	 10	 14	 55	 255	 109	 5	 3	 530	 1	 67	 4098	 495	 95	 495	 46	 723	 58	 32	 191	 95	 91	 9	 5	 3	 3	 103	 364	 5	 3	 0	 0	 0	 0	 0	 0	
62	 1047	 78	 37	 61	 845	 71	 539	 628	 69	 5	 3	 3	 135	 3	 3	 3	 3	 3	 3	 3	 3	 3	 3	 3	 5	 3	 3	 3	 3	 3	 3	 3	 5	 3	 3	 135	 5	 3	 135	 3	 3	 3	 3	 135	 5	 3	 3	 135	 5	
54	 8	 124	 17	 277	 11	 890	 11	 162	 985	 15	 6	 899	 56	 441	 1168	 20	 185	 10	 14	 569	 1256	 236	 35	 1	 13	 61	 252	 4	 1348	 1	 26	 10	 62	 362	 163	 1408	 37	 831	 7	 410	 12	 31	 49	 5	 3	 3	 3	 3	 2683	
8	 36	 32	 687	 19	 249	 244	 29	 42	 26	 12	 3327	 163	 293	 7	 1350	 27	 5	 3	 234	 7	 74	 5	 3	 3	 775	 9	 5	 3	 3	 1573	 5	 3	 3	 412	 20	 12	 4033	 5	 3	 3	 3	 3	 3	 3	 3	 3	 52	 52	 332	
40	 8	 316	 200	 125	 9	 43	 23	 1060	 7	 4	 344	 12	 320	 43	 23	 297	 7	 79	 89	 62	 1094	 63	 79	 57	 222	 5	 3	 3	 227	 40	 64	 28	 25	 181	 4	 124	 6	 1211	 56	 406	 126	 3	 5	 3	 3	 3	 3	 2182	 86	
1199	 391	 161	 250	 1	 509	 5	 63	 3	 1	 1614	 3148	 10	 6	 52	 5	 3	 3	 864	 22	 6	 55	 7	 6	 155	 10	 6	 55	 500	 371	 6	 55	 1006	 703	 5	 3	 3	 5	 3	 3	 3	 55	 5	 3	 3	 135	 3	 3	 3	 3	
13	 58	 25	 584	 23	 33	 44	 106	 6	 71	 33	 44	 69	 1013	 290	 6	 71	 2322	 22	 12	 107	 5	 3	 69	 28	 5	 3	 3	 452	 1027	 534	 543	 5	 3	 3	 2240	 3	 5	 3	 3	 3	 3	 3	 24	 39	 5	 3	 3	 5	 3	
1156	 182	 7	 157	 1	 801	 50	 41	 26	 313	 1	 1316	 50	 488	 1	 757	 1221	 7	 68	 347	 10	 157	 22	 2888	 1	 11	 22	 30	 78	 5	 3	 3	 3	 3	 3	 1137	 3	 27	 5	 3	 3	 3	 3	 192	 253	 5	 3	 3	 654	 5	
13	 504	 64	 19	 14	 123	 96	 1	 75	 9	 22	 6	 1230	 7	 30	 9	 67	 13	 47	 22	 6	 173	 11	 52	 144	 11	 15	 6	 271	 298	 1	 4	 2141	 535	 2141	 7	 382	 31	 9	 5	 3	 3	 5	 3	 3	 3	 5	 3	 3	 3	
12	 244	 28	 70	 1998	 1998	 67	 8	 164	 32	 365	 18	 24	 39	 29	 6	 71	 8	 1114	 18	 133	 124	 64	 393	 27	 723	 2677	 5	 3	 3	 7	 81	 5	 3	 3	 5	 3	 3	 5	 3	 5	 3	 3	 803	 4	 47	 39	 20	 12	 31	
13	 36	 21	 23	 31	 9	 4	 325	 20	 218	 115	 11	 1658	 1084	 322	 1	 42	 26	 701	 150	 52	 5	 3	 3	 170	 175	 5	 3	 3	 286	 409	 567	 933	 5	 3	 3	 1185	 5	 3	 3	 5	 69	 3	 186	 406	 68	 4	 34	 595	 2258	
46	 61	 133	 39	 3646	 14	 896	 1945	 7	 6	 618	 10	 14	 41	 56	 157	 5	 3	 3	 33	 44	 26	 313	 26	 6	 50	 41	 56	 21	 19	 30	 78	 5	 3	 3	 1302	 151	 15	 14	 292	 7	 41	 255	 784	 5	 3	 3	 3	 3	 3	
6	 459	 33	 1399	 1399	 1399	 439	 15	 6	 71	 57	 25	 1016	 34	 9	 94	 24	 11	 6	 234	 64	 731	 371	 6	 1454	 286	 81	 5	 1007	 1012	 3	 1702	 1	 1472	 1	 1472	 1	 1	 3836	 73	 93	 514	 5	 3	 0	 0	 0	 0	 0	 0	
23	 154	 292	 64	 462	 1752	 15	 254	 448	 20	 6	 300	 31	 9	 26	 705	 26	 181	 4	 47	 6	 35	 5	 3	 3	 1535	 5	 3	 3	 611	 5	 3	 3	 198	 5	 3	 0	 0	 0	 0	 0	 0	 0	 0	 0	 0	 0	 0	 0	 0	
13	 338	 23	 33	 44	 105	 13	 344	 18	 6	 55	 7	 35	 13	 212	 4	 93	 10	 14	 123	 28	 73	 1312	 249	 543	 5	 3	 3	 28	 24	 6	 1211	 10	 18	 55	 5	 3	 3	 1399	 566	 24	 14	 1064	 5	 3	 3	 3	 3	 3	 3	
9	 43	 12	 1002	 20	 50	 395	 4	 6	 53	 3	 3	 50	 53	 3	 518	 4	 50	 7	 97	 922	 279	 825	 196	 4160	 292	 9	 43	 72	 157	 37	 1010	 22	 5	 3	 3	 0	 0	 0	 0	 0	 0	 0	 0	 0	 0	 0	 0	 0	 0	
48	 17	 1986	 1916	 15	 72	 8	 58	 264	 138	 38	 380	 126	 312	 38	 14	 165	 1	 7	 264	 15	 60	 3	 46	 58	 1486	 8	 110	 49	 4	 12	 114	 11	 17	 1986	 4458	 5	 3	 3	 102	 181	 5	 3	 3	 3	 3	 3	 3	 5	 3	
102	 10	 46	 37	 86	 19	 74	 4	 133	 206	 80	 80	 1	 42	 26	 17	 246	 10	 87	 18	 16	 32	 528	 82	 6	 35	 5	 3	 3	 35	 5	 3	 3	 2329	 5	 3	 95	 1473	 255	 49	 5	 3	 3	 50	 135	 5	 3	 1012	 2329	 5	
13	 16	 712	 9	 20	 30	 736	 11	 496	 4	 152	 11	 597	 12	 108	 5	 3	 3	 3	 1649	 19	 778	 92	 7	 35	 5	 3	 241	 5	 3	 3	 241	 7	 92	 69	 27	 5	 3	 3	 3	 3	 3	 691	 253	 35	 16	 32	 228	 20	 14	
31	 49	 18	 13	 51	 38	 8	 28	 1422	 243	 4	 14	 33	 379	 106	 130	 49	 8	 132	 4	 14	 78	 1	 7	 12	 31	 49	 36	 32	 2101	 24	 357	 7	 72	 8	 36	 560	 34	 180	 12	 49	 5	 3	 3	 1016	 3	 5	 3	 3	 33	
13	 58	 25	 620	 6	 33	 10	 14	 281	 11	 983	 30	 99	 1	 11	 26	 10	 1884	 121	 47	 42	 9	 5	 3	 3	 3	 1180	 5	 3	 3	 3	 1180	 5	 3	 3	 3	 1180	 5	 3	 3	 3	 3	 1180	 5	 3	 3	 1180	 5	 3	 3	
3026	 7	 392	 10	 6	 721	 1	 691	 3	 192	 52	 2865	 5	 3	 3	 1	 527	 645	 7	 150	 725	 1123	 135	 5	 3	 3	 3	 3	 5	 3	 3	 3	 3	 173	 3	 3	 3	 5	 3	 3	 3	 1185	 3	 3	 3	 3	 3087	 5	 3	 286	
400	 16	 85	 563	 11	 428	 9	 94	 82	 62	 203	 4	 1582	 7	 690	 62	 2335	 1	 140	 396	 253	 50	 155	 16	 2140	 4	 77	 5	 3	 575	 112	 25	 206	 34	 150	 10	 6	 1873	 22	 14	 55	 5	 3	 3	 33	 5	 3	 3	 2636	 5	
31	 9	 16	 32	 228	 20	 45	 66	 19	 6	 181	 35	 7	 42	 289	 16	 32	 613	 24	 6	 33	 151	 485	 4	 8	 24	 34	 1064	 590	 6	 33	 1	 1291	 56	 53	 11	 159	 10	 9	 38	 17	 114	 52	 332	 5	 3	 3	 3	 114	 3	
17	 122	 28	 17	 426	 451	 537	 18	 28	 349	 4	 12	 91	 38	 17	 50	 41	 17	 41	 109	 4	 12	 114	 246	 5	 3	 3	 59	 60	 11	 28	 86	 4	 206	 111	 50	 377	 5	 3	 3	 122	 5	 3	 3	 379	 3	 5	 3	 3	 3	
136	 41	 21	 46	 4	 604	 18	 331	 9	 22	 134	 155	 391	 407	 9	 42	 26	 72	 355	 514	 6	 9	 28	 1091	 22	 78	 11	 203	 174	 21	 227	 3	 29	 423	 775	 27	 60	 7	 80	 296	 60	 234	 10	 242	 172	 7	 255	 775	 27	 5	
13	 16	 51	 23	 246	 7	 31	 9	 15	 6	 292	 7	 25	 684	 236	 34	 42	 9	 4	 45	 66	 5	 3	 3	 33	 44	 11	 26	 218	 5	 3	 3	 3	 3	 197	 5	 3	 3	 3	 3	 3	 3	 3	 5	 3	 3	 3	 3	 3	 3	
95	 9	 16	 25	 32	 6	 1837	 351	 555	 15	 6	 2009	 2009	 211	 2837	 403	 34	 84	 2009	 678	 29	 42	 26	 6	 218	 2139	 678	 396	 2438	 584	 38	 185	 10	 6	 721	 5	 3	 3	 27	 3	 3	 5	 3	 3	 5	 3	 3	 5	 3	 3	
3	 2354	 455	 81	 572	 37	 1344	 15	 14	 390	 7	 15	 101	 4	 2073	 851	 20	 14	 52	 5	 3	 3	 3	 3	 125	 1717	 778	 35	 5	 3	 3	 3	 3	 3	 3	 3	 3	 3	 1541	 53	 3	 3	 3	 3	 5	 3	 3	 3	 3	 3	
615	 795	 522	 795	 7	 47	 39	 63	 563	 605	 18	 37	 477	 4	 31	 9	 536	 9	 18	 112	 25	 90	 206	 8	 5	 3	 3	 840	 102	 60	 3	 3	 3	 1148	 3	 102	 38	 74	 5	 3	 3	 3	 234	 3	 74	 7	 5	 3	 3	 480	
106	 14	 216	 103	 427	 1	 355	 50	 907	 37	 231	 15	 17	 123	 535	 19	 114	 522	 11	 535	 1	 26	 313	 26	 34	 10	 111	 253	 9	 1181	 19	 6	 9	 5	 3	 3	 0	 0	 0	 0	 0	 0	 0	 0	 0	 0	 0	 0	 0	 0	
23	 33	 44	 112	 25	 1016	 78	 10	 6	 107	 24	 39	 7	 13	 37	 25	 221	 19	 6	 1955	 203	 7	 212	 4	 6	 55	 10	 23	 41	 5	 3	 193	 41	 5	 3	 3	 33	 142	 204	 197	 5	 3	 234	 3	 3	 1	 452	 234	 7	 74	
321	 4	 12	 971	 8	 16	 48	 43	 12	 1686	 4	 11	 47	 8	 20	 150	 394	 60	 3	 3	 170	 1318	 1	 282	 38	 11	 450	 39	 60	 3	 3	 3	 3	 1841	 3	 3	 3	 3	 3	 3	 3	 3	 3	 3	 3	 3	 3	 3	 3	 3	
84	 33	 7	 297	 9	 20	 1302	 196	 3	 346	 3	 3	 3	 3	 3	 3538	 242	 346	 97	 9	 3	 297	 3	 1928	 4	 123	 165	 4	 328	 518	 157	 5	 3	 3	 3	 3	 1839	 10	 177	 27	 5	 3	 241	 3	 5	 3	 3	 1	 7	 1	
214	 886	 1	 2067	 3	 3	 3	 33	 44	 3	 1617	 20	 6	 280	 1536	 10	 6	 271	 298	 5	 3	 3	 665	 19	 9	 166	 159	 7	 21	 10	 18	 670	 5	 3	 3	 135	 3	 3	 173	 3	 6	 212	 5	 3	 719	 3	 10	 10	 1513	 4	
8	 61	 143	 25	 4	 104	 42	 167	 1	 276	 8	 277	 17	 52	 100	 6	 52	 5	 3	 3	 3	 3	 3	 3	 3	 2698	 5	 3	 3	 3	 3	 3	 3	 3	 3	 3	 3	 3	 3	 3	 3	 5	 3	 3	 3	 5	 3	 3	 3	 5	
137	 4	 23	 33	 44	 3	 3	 33	 44	 3	 452	 63	 1858	 2611	 3	 60	 3271	 3	 3	 3	 5	 3	 3	 1497	 3	 241	 3	 645	 5	 3	 3	 3	 3	 3	 3	 3	 3	 3	 3	 3	 3	 5	 3	 3	 3	 3	 1497	 5	 3	 3	
452	 234	 63	 2164	 3	 734	 3	 3	 3	 3	 3	 3	 3	 3	 3	 3	 3	 3	 3	 3	 3450	 531	 3	 3	 1378	 1602	 28	 5	 3	 1216	 3	 1378	 33	 44	 5	 3	 3	 33	 29	 2132	 27	 3	 3	 3	 721	 7	 29	 17	 27	 286	
8	 16	 61	 329	 17	 2192	 1768	 5	 3	 2132	 3	 1216	 10	 84	 880	 1097	 5	 3	 2132	 322	 24	 573	 222	 5	 3	 234	 3	 234	 5	 3	 568	 154	 303	 191	 4	 1071	 14	 55	 5	 3	 3	 122	 5	 3	 3	 1185	 5	 3	 3	 568	
19	 110	 949	 24	 1650	 23	 9	 1	 8	 16	 415	 17	 244	 105	 18	 13	 58	 52	 8	 58	 4	 437	 376	 185	 10	 17	 123	 3517	 20	 52	 8	 37	 100	 279	 407	 7	 1590	 1581	 7	 1446	 3575	 1	 668	 102	 1	 11	 3	 695	 5	 3	
42	 17	 44	 36	 32	 3615	 24	 11	 602	 4	 6	 84	 11	 10	 4136	 16	 32	 17	 1220	 19	 1233	 42	 239	 6	 524	 1231	 5	 3	 3	 842	 6	 139	 10	 14	 1189	 783	 4	 6	 80	 19	 6	 457	 158	 346	 5	 3	 2869	 56	 1015	 29	
110	 331	 619	 16	 1863	 8	 875	 22	 6	 315	 10	 49	 12	 3141	 2458	 5	 3	 3	 3	 3983	 1528	 81	 29	 71	 244	 69	 27	 5	 3	 3	 954	 5	 3	 3	 3	 3	 3	 152	 5	 3	 3	 3	 3	 989	 8	 7	 380	 299	 87	 5	
1519	 1	 3736	 3	 3	 5	 3	 3	 3	 721	 480	 1185	 33	 1480	 3	 721	 3	 1896	 3	 3	 3	 691	 3	 3	 173	 227	 3	 3	 3	 197	 3	 863	 29	 372	 27	 3	 63	 3	 29	 27	 3	 1	 3	 1	 1	 1	 1	 1	 3	 1	
19	 127	 1	 8	 396	 319	 4	 95	 92	 11	 35	 18	 13	 239	 82	 2867	 4	 152	 12	 31	 9	 19	 17	 800	 10	 96	 42	 26	 12	 147	 163	 318	 362	 318	 1	 9	 1	 364	 35	 11	 92	 5	 3	 3	 3	 392	 5	 3	 3	 3	
