434	 16	 1	 12	 31	 9	 16	 808	 22	 12	 114	 1	 7	 6	 254	 2592	 1532	 28	 739	 26	 204	 1572	 73	 6	 74	 119	 808	 220	 14	 80	 5	 3	 3	 3639	 4757	 303	 231	 7	 1344	 15	 12	 386	 73	 12	 80	 56	 1409	 54	 8	 1283	
13	 16	 338	 93	 9	 10	 340	 49	 20	 3469	 7	 256	 907	 19	 1	 7	 1129	 4	 740	 8	 43	 110	 92	 38	 39	 1	 67	 16	 153	 8	 7	 12	 654	 211	 20	 6	 35	 5	 3	 3	 3	 3	 3	 1046	 52	 3	 947	 5	 3	 3	
6	 400	 480	 1141	 65	 52	 934	 71	 386	 69	 46	 29	 145	 71	 69	 453	 71	 2628	 69	 27	 18	 373	 8	 4	 7	 95	 635	 155	 528	 82	 6	 1694	 53	 5	 3	 3	 3	 3	 135	 5	 3	 3	 135	 1016	 220	 17	 95	 10	 346	 5	
8	 252	 4	 21	 70	 553	 263	 18	 464	 39	 4	 877	 6	 1629	 1175	 22	 34	 87	 8	 48	 714	 38	 6	 263	 5	 3	 3	 3	 5	 3	 5	 3	 5	 3	 3	 5	 3	 3	 3	 3	 5	 3	 3	 5	 3	 3	 3	 3	 1692	 5	
13	 16	 4029	 12	 31	 9	 40	 8	 887	 4	 385	 14	 1257	 5	 3	 3	 33	 346	 1	 189	 1	 7	 162	 59	 8	 48	 303	 1074	 22	 12	 136	 5	 3	 3	 3	 3	 230	 1066	 3	 3	 5	 3	 3	 3	 3	 3	 3	 3	 3	 1998	
13	 16	 51	 274	 669	 84	 97	 49	 24	 50	 397	 35	 5	 3	 3	 33	 379	 3	 133	 8	 401	 54	 8	 107	 6	 118	 5	 3	 1012	 3	 3	 452	 719	 5	 3	 3	 41	 3	 5	 3	 3	 102	 10	 173	 5	 3	 3	 3	 3	 173	
109	 14	 636	 6	 103	 681	 7	 49	 714	 567	 10	 16	 325	 20	 83	 280	 809	 7	 1084	 935	 5	 3	 3	 10	 576	 947	 5	 3	 3	 3	 3	 3	 658	 82	 14	 569	 486	 5	 3	 3	 3	 3	 3	 3	 3	 691	 41	 5	 3	 3	
62	 312	 2979	 6	 184	 2979	 25	 723	 152	 5	 3	 150	 52	 1	 836	 947	 7	 3481	 64	 58	 845	 71	 57	 25	 206	 18	 59	 5	 3	 3	 5	 3	 3	 5	 3	 3	 5	 3	 5	 3	 3	 3	 5	 3	 3	 3	 3	 3	 3	 3	
40	 8	 58	 264	 138	 10	 380	 9	 253	 4	 12	 395	 4	 14	 84	 97	 7	 6	 652	 97	 1930	 56	 890	 334	 1	 8	 58	 410	 1070	 4	 143	 4	 998	 64	 4	 12	 4521	 50	 135	 29	 194	 259	 197	 27	 5	 3	 3	 253	 5	 3	
3	 733	 9	 13	 433	 38	 8	 1678	 276	 13	 711	 4	 111	 165	 26	 248	 10	 17	 1101	 4	 14	 133	 8	 5	 3	 3	 28	 25	 2518	 19	 5	 3	 3	 2020	 1152	 33	 44	 5	 3	 3	 3300	 27	 5	 3	 3	 1012	 3	 3	 5	 3	
13	 238	 51	 95	 428	 198	 49	 26	 17	 800	 10	 513	 18	 47	 369	 200	 922	 20	 6	 55	 11	 6	 487	 279	 87	 8	 626	 5	 3	 3	 0	 0	 0	 0	 0	 0	 0	 0	 0	 0	 0	 0	 0	 0	 0	 0	 0	 0	 0	 0	
1382	 446	 1376	 16	 51	 95	 353	 9	 43	 8	 1	 75	 140	 25	 268	 4	 1	 12	 129	 56	 482	 101	 5	 3	 172	 10	 8	 5	 3	 3	 295	 10	 8	 5	 3	 295	 22	 6	 1029	 1611	 8	 16	 124	 125	 280	 84	 5	 3	 3	 207	
40	 6	 1201	 7	 914	 16	 133	 39	 47	 11	 2199	 1201	 60	 3	 29	 1535	 27	 11	 14	 50	 729	 15	 67	 8	 16	 1127	 1230	 654	 775	 279	 3	 3	 1094	 3	 2998	 53	 11	 30	 35	 5	 3	 3	 3	 3	 3	 691	 5	 3	 3	 3	
38	 74	 4	 74	 1	 13	 348	 15	 6	 472	 476	 3	 22	 472	 4187	 1	 13	 36	 21	 669	 369	 1	 42	 26	 54	 100	 14	 35	 5	 3	 3	 3	 3	 50	 593	 5	 3	 3	 3	 515	 5	 3	 3	 364	 146	 5	 3	 3	 3	 3	
6	 9	 94	 24	 62	 177	 58	 32	 90	 206	 8	 140	 28	 86	 24	 42	 242	 169	 144	 19	 2071	 5	 3	 3	 122	 289	 27	 7	 942	 5	 3	 35	 1012	 5	 3	 3	 3	 289	 3	 652	 97	 5	 3	 3	 652	 289	 27	 5	 3	 3	
30	 80	 753	 412	 20	 616	 1165	 11	 582	 1098	 37	 731	 4	 6	 168	 29	 6	 899	 27	 770	 54	 119	 458	 138	 22	 83	 92	 5	 3	 71	 169	 53	 69	 5	 3	 3	 3	 3	 3	 3	 3	 3	 564	 5	 3	 3	 3	 3	 3	 3	
23	 33	 44	 751	 6	 21	 10	 46	 24	 3993	 7	 112	 25	 1016	 6	 21	 10	 46	 24	 34	 196	 5	 3	 3	 3	 135	 1373	 5	 3	 3	 33	 223	 5	 3	 3	 1012	 3	 3	 3	 5	 3	 3	 3	 691	 5	 3	 3	 24	 1016	 289	
6	 278	 797	 37	 655	 412	 20	 6	 10	 12	 90	 88	 9	 5	 3	 3	 1349	 1	 72	 13	 58	 1	 1	 560	 2001	 11	 108	 560	 11	 918	 430	 5	 3	 3	 3	 3	 1497	 3	 306	 918	 87	 5	 3	 234	 5	 3	 3	 234	 5	 3	
46	 37	 426	 49	 451	 390	 18	 37	 598	 22	 12	 114	 7	 425	 4	 17	 50	 377	 15	 17	 302	 52	 5	 3	 3	 3	 3	 3	 511	 192	 5	 3	 3	 3	 55	 3	 1167	 1293	 5	 3	 3	 5	 3	 3	 515	 515	 515	 515	 515	 515	
110	 2906	 78	 7	 35	 16	 25	 664	 939	 40	 17	 777	 173	 16	 51	 110	 11	 93	 10	 12	 31	 49	 16	 32	 168	 15	 424	 1234	 5	 3	 3	 3	 3	 5	 3	 3	 3	 721	 145	 33	 44	 5	 3	 3	 1246	 5	 3	 3	 3	 5	
4401	 154	 17	 1545	 71	 449	 69	 1549	 1	 140	 8	 58	 521	 193	 38	 380	 7	 104	 167	 38	 39	 24	 573	 22	 6	 212	 116	 4	 150	 394	 312	 5	 3	 3	 3	 3839	 5	 3	 3	 55	 24	 178	 6	 1889	 492	 5	 3	 3	 3	 3	
13	 16	 143	 4	 47	 8	 20	 17	 3322	 320	 166	 2391	 1	 14	 1472	 469	 55	 11	 185	 10	 14	 78	 11	 136	 203	 1	 67	 16	 32	 528	 22	 14	 78	 7	 22	 1568	 128	 30	 55	 5	 3	 3	 3	 1046	 3400	 5	 3	 3	 3	 3	
130	 517	 1247	 2741	 8	 107	 22	 6	 41	 5	 3	 3	 3	 3	 3	 3	 3	 3	 197	 27	 3	 7	 9	 3	 3	 3	 3	 2263	 3	 3	 3	 3	 3	 3	 3	 3	 3	 3	 3	 3	 3	 50	 135	 3	 3	 3	 33	 175	 5	 3	
12	 1073	 21	 10	 6	 52	 371	 137	 11	 2088	 36	 1465	 12	 975	 10	 42	 137	 5	 3	 3	 183	 5	 3	 775	 5	 3	 3	 3192	 10	 93	 303	 452	 26	 10	 6	 178	 645	 5	 3	 3	 5	 3	 3	 3	 3	 5	 3	 3	 3	 3	
13	 1855	 483	 8	 4	 283	 6	 33	 151	 10	 62	 30	 45	 76	 78	 333	 2751	 5	 3	 33	 44	 1147	 5	 3	 532	 297	 5	 3	 284	 117	 18	 16	 25	 21	 5	 3	 3	 3	 3	 3	 5	 3	 3	 3	 3	 3	 5	 3	 3	 3	
8	 16	 2072	 4	 6	 21	 10	 95	 46	 7	 95	 1401	 49	 159	 16	 406	 369	 109	 15	 6	 21	 10	 46	 24	 855	 6	 230	 10	 12	 91	 5	 3	 3	 2651	 103	 230	 5	 3	 1234	 17	 55	 955	 114	 5	 3	 29	 1388	 27	 46	 18	
8	 16	 61	 443	 122	 172	 15	 12	 91	 5	 3	 3	 593	 73	 6	 178	 63	 3	 1	 102	 63	 63	 1450	 289	 850	 60	 3	 495	 46	 1	 67	 58	 8	 48	 86	 4	 443	 6	 53	 56	 720	 7	 864	 7	 186	 8	 4	 341	 376	 15	
1513	 3067	 34	 785	 19	 6	 599	 1	 75	 141	 78	 86	 24	 34	 11	 2918	 11	 1251	 4	 11	 1645	 1	 75	 1	 1645	 1321	 10	 34	 1250	 1	 1321	 1	 776	 11	 1645	 1321	 10	 34	 1250	 3	 10	 111	 798	 5	 3	 3	 3	 5	 3	 3	
13	 57	 25	 51	 90	 88	 9	 38	 190	 106	 233	 5	 3	 3	 3	 3	 1	 361	 540	 6	 9	 28	 739	 38	 14	 556	 5	 3	 3	 3	 5	 3	 3	 412	 20	 8	 5	 3	 29	 611	 27	 17	 357	 15	 67	 552	 64	 28	 686	 24	
125	 9	 32	 146	 73	 6	 721	 10	 640	 29	 27	 3	 72	 4	 47	 6	 9	 181	 4	 93	 92	 10	 92	 11	 35	 8	 37	 73	 27	 5	 3	 3	 3	 3	 207	 19	 67	 8	 116	 7	 58	 32	 5	 3	 3	 1472	 29	 194	 2680	 19	
72	 4	 264	 138	 11	 549	 46	 3	 3	 3	 60	 3	 3	 486	 60	 12	 205	 20	 865	 182	 38	 1538	 3	 53	 82	 23	 133	 39	 443	 14	 50	 155	 5	 3	 0	 0	 0	 0	 0	 0	 0	 0	 0	 0	 0	 0	 0	 0	 0	 0	
190	 279	 18	 1544	 31	 9	 37	 94	 38	 190	 16	 32	 820	 109	 4	 636	 121	 48	 1049	 4	 104	 38	 17	 366	 1519	 1	 7	 119	 36	 25	 32	 267	 4	 338	 6	 9	 5	 3	 3	 290	 164	 3	 875	 22	 23	 33	 230	 5	 3	 3	
20	 30	 661	 53	 7	 35	 18	 186	 8	 4	 186	 1044	 1	 30	 99	 11	 45	 66	 4	 2352	 11	 51	 42	 9	 5	 3	 3	 495	 3	 840	 173	 29	 19	 127	 1	 8	 58	 68	 12	 81	 5	 3	 3	 27	 58	 124	 49	 253	 4	 12	
13	 1798	 355	 10	 14	 235	 294	 100	 676	 5	 3	 3	 162	 24	 100	 103	 954	 5	 3	 1434	 56	 5	 3	 678	 5	 3	 84	 80	 56	 755	 7	 1235	 92	 5	 3	 755	 65	 369	 5	 3	 234	 5	 3	 3	 3	 3	 102	 5	 3	 234	
14	 78	 7	 559	 37	 3910	 1284	 2980	 203	 184	 220	 14	 35	 413	 16	 32	 304	 9	 94	 38	 39	 5	 3	 3	 593	 7	 35	 5	 3	 3	 192	 5	 3	 3	 5	 3	 3	 3	 5	 3	 3	 3	 5	 3	 3	 5	 3	 3	 3	 3	
54	 8	 437	 743	 9	 82	 6	 35	 1	 13	 16	 415	 17	 482	 10	 12	 136	 129	 38	 12	 395	 4	 14	 55	 5	 3	 3	 2329	 5	 3	 3	 3	 3	 3	 3	 3	 3	 3	 3	 3	 3	 3	 3	 3	 3	 3	 3	 3	 3	 3	
19	 127	 1	 355	 10	 14	 35	 48	 703	 23	 212	 82	 46	 7	 539	 628	 37	 25	 1521	 4	 47	 6	 80	 87	 119	 401	 22	 17	 286	 5	 3	 3	 3185	 1023	 3	 2034	 446	 3	 5	 3	 3	 5	 3	 1012	 5	 3	 234	 5	 3	 3	
212	 4	 1811	 7	 2061	 294	 3	 3	 3	 3	 3	 41	 3	 28	 1018	 38	 14	 55	 38	 74	 4	 180	 38	 83	 532	 35	 26	 434	 1868	 5	 3	 3	 2020	 3	 55	 3	 754	 2723	 5	 3	 3	 3	 1012	 5	 3	 3	 2132	 2374	 5	 3	
8	 36	 32	 1197	 54	 62	 65	 219	 36	 32	 146	 4	 459	 24	 573	 222	 5	 3	 234	 29	 399	 27	 527	 59	 29	 40	 218	 27	 5	 3	 234	 3	 135	 145	 3	 234	 28	 1439	 70	 65	 5	 3	 683	 5	 3	 3	 50	 41	 5	 3	
1222	 42	 17	 1011	 1	 6	 571	 101	 1	 11	 30	 170	 2064	 11	 260	 40	 13	 354	 23	 28	 158	 11	 4	 1712	 935	 60	 3	 3	 828	 103	 935	 7	 6	 627	 1100	 16	 638	 15	 11	 158	 276	 162	 986	 105	 5	 3	 3	 3	 1481	 27	
14	 103	 28	 521	 1	 7	 13	 983	 2957	 1023	 4	 120	 31	 525	 9	 8	 48	 621	 4	 32	 116	 26	 64	 315	 4	 3739	 5	 3	 3	 3174	 103	 512	 1	 933	 5	 3	 5	 3	 3	 5	 3	 3	 1815	 1	 120	 7	 941	 14	 170	 183	
4	 727	 12	 33	 54	 13	 329	 17	 212	 1	 79	 32	 365	 18	 942	 834	 198	 46	 16	 32	 353	 1	 386	 46	 1	 67	 62	 2806	 893	 8	 18	 37	 254	 1272	 12	 308	 5	 3	 893	 511	 511	 55	 26	 6	 280	 52	 58	 32	 125	 280	
33	 44	 279	 187	 4	 6	 3	 55	 3	 35	 3	 3	 3	 3639	 2263	 29	 27	 28	 566	 24	 62	 894	 10	 658	 5	 3	 669	 5	 3	 3	 5	 3	 1815	 1	 33	 44	 7	 915	 5	 3	 3	 3	 3	 3	 5	 3	 4125	 5	 3	 1848	
404	 202	 1	 8	 36	 32	 158	 4	 47	 12	 494	 98	 1	 59	 1	 131	 59	 1	 7	 31	 9	 8	 47	 5	 3	 3	 28	 268	 4	 98	 7	 673	 26	 313	 26	 17	 1405	 98	 7	 6	 1678	 1405	 56	 2159	 413	 5	 3	 3	 5	 3	
40	 8	 143	 4	 21	 84	 447	 1	 13	 16	 338	 168	 9	 42	 26	 12	 608	 172	 7	 64	 464	 8	 4	 240	 5	 3	 1	 43	 8	 5	 3	 3	 5	 3	 5	 3	 3	 3	 5	 3	 3	 5	 3	 3	 3	 123	 165	 5	 3	 3	
176	 1	 13	 58	 25	 620	 18	 6	 9	 8	 186	 39	 4	 152	 34	 90	 88	 9	 4	 62	 66	 1	 276	 8	 143	 4	 57	 105	 5	 3	 3	 3	 989	 39	 4	 275	 17	 777	 10	 6	 255	 7	 23	 7	 989	 39	 4	 206	 8	 90	
3	 565	 63	 185	 10	 6	 27	 3	 5	 3	 3	 480	 3	 3	 28	 70	 719	 10	 1399	 106	 457	 213	 10	 1678	 5	 3	 940	 29	 38	 17	 27	 982	 683	 16	 32	 876	 15	 17	 1342	 759	 5	 3	 3	 3	 5	 3	 3	 5	 3	 3	
720	 7	 1117	 9	 3	 3	 3	 3	 3	 289	 3	 1040	 3	 3	 2638	 455	 29	 2236	 1108	 1	 71	 52	 69	 1406	 10	 2487	 27	 1	 4	 350	 1406	 156	 97	 4	 6	 77	 60	 690	 7	 273	 60	 3	 1097	 518	 4	 77	 145	 295	 5	 3	
13	 57	 25	 620	 18	 62	 1332	 37	 11	 2326	 24	 6	 52	 1	 19	 6	 96	 10	 6	 33	 408	 3272	 18	 64	 154	 303	 22	 11	 609	 24	 45	 66	 4	 1191	 138	 302	 205	 11	 152	 312	 15	 14	 517	 5	 3	 3	 0	 0	 0	 0	
492	 86	 24	 2125	 1528	 16	 21	 11	 2045	 6	 263	 20	 6	 1808	 263	 4	 51	 95	 49	 43	 8	 24	 1886	 76	 263	 5	 3	 3	 3	 3	 5	 3	 3	 3	 103	 5	 3	 3	 33	 44	 5	 3	 3	 50	 5	 3	 3	 2396	 3	 3	
575	 1	 77	 58	 113	 39	 9	 43	 14	 55	 77	 42	 26	 83	 406	 11	 2179	 1290	 1	 7	 95	 241	 5	 3	 35	 29	 647	 1	 12	 71	 52	 149	 69	 27	 5	 3	 3	 3	 3	 452	 5	 3	 3	 346	 619	 5	 3	 3	 3	 3	
809	 3530	 717	 5	 3	 1920	 1	 3	 3	 1182	 1	 29	 27	 1	 1	 70	 71	 564	 69	 1	 71	 69	 3	 1	 160	 17	 39	 10	 34	 10	 6	 1652	 5	 3	 69	 10	 6	 1981	 2020	 3356	 197	 6	 1981	 352	 6	 564	 56	 804	 56	 21	
875	 22	 6	 1	 12	 296	 7	 6	 149	 16	 25	 32	 511	 5	 3	 3	 860	 5	 3	 3	 515	 515	 515	 515	 515	 3	 408	 515	 515	 515	 515	 791	 5	 3	 3	 1450	 154	 303	 1732	 5	 3	 5	 3	 3	 5	 3	 3	 1869	 1869	 5	
480	 725	 37	 745	 82	 21	 10	 6	 35	 24	 34	 2758	 1	 75	 3912	 29	 2686	 84	 52	 27	 1	 17	 80	 417	 1015	 1	 11	 458	 306	 19	 83	 87	 5	 3	 3	 3	 3	 3	 3	 4399	 2802	 4399	 27	 1168	 20	 111	 31	 9	 1	 75	
40	 8	 11	 434	 269	 4	 104	 131	 73	 63	 79	 113	 39	 12	 971	 5	 3	 3	 931	 3	 1	 13	 933	 4	 89	 8	 43	 14	 131	 44	 137	 29	 23	 259	 1	 11	 222	 5	 27	 5	 3	 5	 3	 331	 3	 850	 167	 5	 3	 59	
6	 234	 7	 74	 8	 68	 14	 41	 60	 3	 3	 3	 102	 3	 3	 3	 3	 50	 135	 5	 3	 71	 50	 177	 69	 3	 3	 3	 3	 3446	 3	 3	 135	 5	 3	 3	 3	 55	 3	 3	 3	 55	 3	 1012	 3	 28	 6	 811	 2240	 5	
19	 237	 55	 8	 58	 48	 68	 4	 78	 7	 960	 5	 3	 3	 3	 5	 3	 7	 1388	 3	 3	 5	 3	 3	 33	 44	 5	 3	 3	 55	 3	 5	 3	 3	 3	 3	 5	 3	 3	 3	 3	 5	 3	 3	 3	 3	 5	 3	 3	 3	
110	 149	 10	 6	 52	 16	 363	 8	 4	 262	 2082	 10	 34	 87	 11	 87	 1	 42	 26	 430	 1	 4164	 306	 11	 3664	 15	 134	 599	 5	 3	 3	 4174	 5	 3	 3	 24	 39	 5	 3	 3	 3	 5	 3	 3	 1870	 659	 10	 124	 146	 5	
30	 596	 593	 5	 3	 3	 33	 44	 3	 3488	 33	 44	 465	 4	 498	 627	 78	 4	 866	 7	 2042	 776	 558	 4	 224	 1	 128	 4	 728	 292	 9	 77	 20	 11	 162	 47	 4	 6	 41	 5	 3	 3	 910	 1248	 10	 30	 77	 27	 26	 6	
40	 8	 339	 4	 224	 1	 285	 1	 560	 11	 287	 12	 31	 9	 1	 8	 58	 867	 12	 81	 24	 701	 39	 5	 3	 150	 394	 24	 701	 39	 73	 17	 366	 271	 863	 1	 111	 1072	 1	 1009	 1536	 140	 197	 5	 3	 3	 1314	 3	 3	 1503	
8	 58	 61	 4135	 93	 168	 11	 523	 38	 435	 106	 540	 19	 1865	 3102	 24	 2783	 5	 3	 1	 140	 8	 58	 793	 4	 14	 84	 35	 60	 38	 6	 286	 10	 360	 5	 3	 3	 3	 5	 3	 5	 3	 3	 5	 3	 3	 331	 896	 5	 3	
875	 22	 171	 8	 1328	 1	 8	 16	 439	 315	 110	 4	 110	 183	 4	 1132	 42	 149	 5	 3	 3	 5	 3	 412	 2329	 5	 3	 3	 5	 3	 268	 3	 268	 60	 3	 331	 279	 2034	 10	 14	 1786	 5	 3	 3	 3	 3	 3	 5	 3	 3	
404	 6	 2598	 152	 1	 13	 36	 549	 42	 420	 46	 38	 184	 1	 364	 1672	 11	 91	 2361	 584	 7	 6	 568	 876	 15	 1479	 95	 87	 5	 3	 414	 205	 11	 893	 6	 87	 5	 3	 3	 3	 3	 1692	 719	 5	 3	 3	 5	 3	 3	 5	
6	 658	 16	 983	 110	 2829	 772	 4	 489	 20	 11	 616	 45	 66	 5	 3	 3	 3	 1	 171	 218	 1	 19	 6	 207	 10	 968	 8	 15	 6	 754	 35	 60	 7	 3	 666	 99	 19	 21	 10	 46	 5	 3	 3	 3	 3	 3	 3	 3	 27	
19	 127	 1	 110	 258	 16	 1412	 4	 30	 435	 1056	 48	 340	 25	 4	 104	 156	 5	 3	 532	 33	 346	 5	 3	 234	 181	 7	 452	 234	 10	 74	 5	 3	 3	 3	 2020	 543	 19	 5	 3	 3	 1319	 5	 3	 1012	 3	 5	 3	 493	 19	
103	 10	 68	 4	 9	 349	 4	 39	 1	 75	 3151	 12	 1620	 692	 7	 236	 68	 4	 110	 35	 1	 9	 16	 32	 1705	 626	 11	 86	 24	 961	 121	 48	 116	 6	 9	 11	 181	 248	 5	 3	 3	 3	 3	 3	 543	 5	 3	 3	 3	 3	
9	 24	 311	 11	 30	 3	 3	 3	 3	 3	 3	 263	 3	 3	 3	 41	 3	 3	 3	 3	 228	 3	 3	 3	 3	 3	 80	 3	 3	 3	 135	 1333	 5	 3	 3	 3	 3	 764	 15	 6	 1342	 33	 44	 5	 3	 3	 3	 3	 135	 3	
22	 136	 1	 91	 1	 2365	 1	 1704	 1	 7	 30	 169	 53	 29	 1131	 15	 6	 970	 364	 11	 136	 129	 27	 4	 32	 1163	 19	 3	 661	 81	 5	 3	 3	 3	 3	 3	 264	 2037	 346	 27	 5	 3	 3	 3	 289	 165	 5	 3	 3	 1839	
1257	 8	 113	 4	 39	 3	 825	 4	 378	 6	 769	 8	 108	 38	 8	 5	 3	 3	 3	 3	 3	 1	 19	 6	 207	 10	 380	 284	 9	 60	 3	 3	 525	 81	 5	 3	 3	 3	 3	 813	 268	 5	 3	 3	 3	 3	 3	 3	 3	 3	
54	 8	 107	 14	 55	 1	 13	 51	 161	 250	 38	 669	 50	 377	 38	 67	 8	 341	 376	 14	 41	 5	 3	 3	 3	 5	 3	 102	 845	 17	 50	 41	 5	 3	 3	 3	 3	 3	 3	 3	 173	 3	 3	 3	 3	 50	 173	 5	 3	 173	
72	 13	 21	 12	 9	 3	 3	 3	 3	 3	 3	 3	 3	 3	 3	 3	 3	 3	 3	 3	 3	 3	 3	 3	 3	 3	 3	 3	 3	 3	 3	 3	 3	 3	 3	 3	 3	 3	 3	 3	 3	 3	 3	 3	 3	 3	 50	 53	 3	 3	
6	 118	 667	 29	 161	 59	 1	 475	 266	 7	 1740	 8	 217	 4	 458	 306	 27	 1	 26	 313	 26	 4	 341	 390	 200	 7	 2126	 2570	 1818	 5	 3	 3	 135	 87	 5	 3	 3	 652	 169	 5	 3	 3	 135	 5	 3	 3	 5	 3	 3	 135	
13	 61	 47	 39	 6	 519	 15	 67	 13	 921	 31	 9	 7	 8	 999	 64	 26	 13	 37	 158	 4	 57	 105	 24	 115	 1	 7	 8	 37	 1008	 5	 3	 5	 3	 577	 290	 6	 5	 3	 3	 863	 1124	 4	 6	 1318	 10	 6	 393	 531	 1320	
40	 336	 173	 3035	 39	 11	 93	 10	 111	 467	 1	 13	 36	 47	 8	 20	 6	 508	 175	 7	 139	 195	 14	 286	 7	 831	 223	 10	 6	 35	 144	 4	 711	 8	 939	 5	 3	 3	 5	 3	 3	 2852	 10	 33	 44	 5	 3	 346	 1692	 785	
57	 13	 59	 9	 13	 51	 309	 38	 99	 227	 3	 3	 7	 669	 55	 241	 8	 186	 39	 29	 46	 27	 464	 39	 4	 21	 1400	 14	 55	 8	 107	 5	 3	 3	 0	 0	 0	 0	 0	 0	 0	 0	 0	 0	 0	 0	 0	 0	 0	 0	
