2.60573	2.0
2.08198	2.6
2.75826	4.0
2.31835	2.8
2.3824	2.4
2.71354	3.2
2.89387	3.6
2.66926	3.8
2.55585	2.8
2.36663	3.0
2.72073	3.8
2.251	1.5
2.51278	2.6
2.40102	2.4
2.48661	2.6
2.54617	2.6
2.88152	2.6
2.4121	2.6
2.74663	2.6
2.43469	3.2
2.01199	2.4
2.48945	1.75
2.51831	1.4
2.48125	2.8
2.44292	2.6
2.356	1.8
2.55965	2.8
2.62723	2.8
2.67957	2.4
2.49379	3.0
2.51701	3.6
2.76606	2.4
1.97513	4.2
2.56695	1.8
2.42633	2.6
2.47951	3.2
2.89105	3.4
2.57043	3.25
2.66809	2.8
2.78258	1.8
2.48755	2.2
2.67438	3.6
2.52055	2.6
2.62674	1.6
2.69249	2.4
2.50135	1.4
2.36223	1.6
2.82828	3.2
2.61429	2.4
2.51644	3.0
2.57986	3.2
2.30387	3.4
2.6134	2.2
2.54578	2.8
2.46889	2.4
2.20034	3.2
2.58562	2.8
2.57334	2.0
2.80268	2.0
2.40943	2.4
2.59868	3.2
2.81639	3.0
2.42925	3.0
2.70801	2.0
2.65387	3.8
2.5484	3.6
2.38642	3.4
2.63918	1.6
2.29636	1.4
2.46279	1.0
2.50869	3.4
2.56416	1.6
2.33424	2.6
2.26429	2.2
2.61757	2.2
2.75984	3.8
2.56893	1.6
2.51005	2.8
2.12421	1.2
2.70801	2.4
2.42815	2.8
2.64587	2.2
2.80811	2.4
2.39895	2.6
2.40445	1.2
2.59188	3.2
2.67364	3.2
2.68643	2.4
2.42851	3.0
2.50741	1.0
2.71901	3.0
2.80405	3.0
2.71708	3.0
2.49625	2.8
2.7776	1.6
2.52408	1.8
2.47068	2.0
2.53273	2.4
2.48028	1.8
2.69359	1.4
2.44182	2.8
2.53235	1.8
2.73024	2.0
2.67909	2.2
2.57798	2.0
2.51514	3.4
2.62815	3.0
2.51747	2.6
2.47884	2.0
2.45497	1.6
2.36594	1.6
2.37391	2.8
2.35812	2.4
2.39226	1.4
2.73736	2.2
2.48704	2.4
2.62282	2.8
2.82371	2.8
2.63621	3.4
2.4755	1.2
2.60676	2.6
2.22465	3.0
2.94943	3.2
2.54335	1.6
2.34575	1.2
2.41263	2.0
2.53409	2.2
2.71839	2.0
2.83336	2.4
2.77092	2.4
2.36537	3.0
2.71286	3.0
2.68766	2.4
2.45198	2.2
2.68818	3.4
2.64916	2.8
2.5992	2.0
2.67889	3.4
2.42654	2.2
2.585	2.2
2.84019	3.2
2.54733	3.6
2.4669	2.0
2.70368	2.6
2.55488	2.6
2.49167	1.8
2.53316	2.4
2.34603	1.6
2.40102	2.8
3.13483	2.4
2.67591	3.6
2.49939	1.0
2.47136	2.6
2.45705	2.0
2.55746	2.8
2.51534	1.8
2.8107	3.0
2.58122	2.2
2.31151	3.2
2.2181	3.0
2.36481	2.4
2.58894	2.6
2.47721	2.2
2.68549	2.4
2.55695	2.0
2.23925	3.0
2.68681	3.4
2.52277	3.2
2.73071	2.0
2.88263	3.0
2.53152	3.2
2.71296	2.4
2.70288	3.8
2.49648	2.2
2.59425	3.0
2.57527	2.0
2.59026	3.0
2.49813	1.6
2.25635	1.8
2.57145	3.0
2.64866	2.0
2.65617	3.2
2.29998	3.0
2.65939	3.6
2.74102	1.6
2.47986	2.6
2.59887	3.2
2.69244	2.8
2.54903	2.4
2.68766	2.8
2.63805	2.0
2.63309	2.2
3.03372	3.4
2.58877	2.2
2.56331	2.0
2.66041	2.6
2.47923	2.8
2.38781	3.0
2.59765	2.2
2.55762	1.8
2.59167	3.4
2.53649	2.4
2.50811	1.4
2.51206	1.8
2.74274	2.4
2.356	1.2
2.39366	1.6
2.64359	3.2
2.40548	2.2
2.5919	1.6
2.67775	3.0
2.48526	1.6
2.60243	2.2
2.47297	3.2
2.78871	2.6
2.31306	1.4
2.64706	1.8
2.75501	3.0
2.56182	2.4
2.52923	2.0
3.13495	2.8
2.46489	2.4
2.78058	2.6
2.76716	1.6
2.5438	1.8
2.55855	2.4
2.79554	3.6
2.32394	2.4
2.34716	2.6
2.58558	3.0
2.1855	1.4
2.63882	2.2
2.64887	2.6
2.45397	1.6
2.45538	3.2
2.45939	3.4
2.30323	2.2
2.77331	2.0
2.3347	2.6
2.68956	3.4
2.40115	2.0
2.54347	2.4
2.78065	3.0
2.73962	2.8
2.37892	2.2
2.39424	2.8
2.40339	3.4
2.84181	3.2
2.65217	3.0
2.40081	1.8
2.62021	2.4
2.62511	1.8
2.76697	3.0
2.6889	2.4
2.62836	1.6
2.53745	1.6
2.96314	3.4
2.58724	2.6
2.87811	2.4
2.51022	1.25
2.50824	3.2
2.50749	1.4
2.80211	2.0
2.65254	2.6
2.55602	2.6
2.47173	2.2
2.56119	1.6
2.4657	3.8
2.30022	1.8
2.7243	3.2
2.65988	2.6
2.28101	2.0
2.26287	1.8
2.55095	1.8
2.24776	2.2
2.52154	3.0
2.61836	2.8
2.49691	3.0
2.5642	2.4
2.68383	2.0
2.64085	2.2
2.13633	2.0
2.52389	3.4
2.63385	3.8
2.47096	1.8
2.49505	2.6
2.59703	2.0
2.58455	2.8
2.54655	1.8
2.58612	3.2
2.30375	2.0
2.50985	2.6
2.48389	3.2
2.66366	2.4
2.36179	1.8
2.42767	2.4
2.33715	1.6
2.5825	2.8
2.48584	2.4
2.41319	3.0
2.45596	1.8
2.6386	2.4
2.80933	2.8
2.61655	2.4
2.57334	1.4
2.73373	3.0
2.73602	2.4
2.55005	3.2
2.74275	1.6
2.69418	2.75
2.42532	2.4
2.28414	1.4
2.40676	2.4
2.46542	2.5
2.56795	1.4
2.51245	2.2
2.54996	2.6
2.57218	2.2
2.57466	1.6
2.54857	2.2
2.57142	2.8
2.36645	1.8
2.80181	1.6
2.55715	1.2
2.42468	2.8
2.45945	2.6
2.34898	3.0
2.81665	2.2
2.63752	3.0
2.83338	2.6
2.65368	2.4
2.55705	3.4
2.47601	2.8
2.52377	2.2
2.7186	2.8
2.49177	3.2
2.37939	2.6
2.62696	2.6
2.47426	1.6
2.61427	2.6
2.53654	2.2
2.45587	2.6
2.65754	2.8
2.78605	1.8
2.68322	2.2
2.54097	1.6
2.68628	2.6
2.45198	2.4
2.47124	3.4
2.26785	3.4
2.15459	2.0
2.89904	2.75
2.46739	2.8
2.6572	2.6
