542	 542	 542	 542	 542	 542	 1560	 1560	 1560	 1560	 1560	 1560	 1560	 1560	 1560	 1560	 1560	 1560	 1560	 1560	 1560	 1560	 1560	 1560	 1560	 1560	 1560	 1560	 1560	 1560	 1560	 1560	 1560	 1560	 1560	 1560	 1560	 1560	 1560	 1560	 1560	 1560	 1560	 1560	 1560	 1560	 1560	 1560	 1560	 1560	
124	 124	 124	 801	 86	 86	 86	 86	 86	 86	 86	 86	 86	 86	 86	 86	 86	 86	 86	 86	 86	 86	 86	 86	 86	 86	 86	 86	 86	 86	 86	 86	 86	 86	 86	 86	 86	 86	 86	 86	 86	 86	 86	 86	 86	 86	 86	 86	 86	 86	
5	 5	 1566	 1566	 3174	 1560	 1560	 1560	 1560	 1560	 1560	 1560	 1560	 1560	 1560	 1560	 1560	 1560	 1560	 1560	 1560	 1560	 1560	 1560	 1560	 1560	 1560	 1560	 1560	 1560	 1560	 1560	 1560	 1560	 1560	 1560	 1560	 1560	 1560	 1560	 1560	 1560	 1560	 1560	 1560	 1560	 1560	 1560	 1560	 1560	
532	 532	 2821	 2821	 2821	 3207	 3207	 86	 86	 86	 86	 86	 86	 86	 86	 86	 86	 86	 86	 86	 86	 86	 86	 86	 86	 86	 86	 86	 86	 86	 86	 86	 86	 86	 86	 86	 86	 86	 86	 86	 86	 86	 86	 86	 86	 86	 86	 86	 86	 86	
113	 3359	 3005	 669	 669	 669	 189	 86	 86	 86	 86	 86	 86	 86	 86	 86	 86	 86	 86	 86	 86	 86	 86	 86	 86	 86	 86	 86	 86	 86	 86	 86	 86	 86	 86	 86	 86	 86	 86	 86	 86	 86	 86	 86	 86	 86	 86	 86	 86	 86	
951	 3255	 1744	 1744	 757	 757	 757	 3207	 86	 86	 86	 86	 86	 86	 86	 86	 86	 86	 86	 86	 86	 86	 86	 86	 86	 86	 86	 86	 86	 86	 86	 86	 86	 86	 86	 86	 86	 86	 86	 86	 86	 86	 86	 86	 86	 86	 86	 86	 86	 86	
1171	 3556	 3556	 3556	 3556	 3556	 86	 86	 86	 86	 86	 86	 86	 86	 86	 86	 86	 86	 86	 86	 86	 86	 86	 86	 86	 86	 86	 86	 86	 86	 86	 86	 86	 86	 86	 86	 86	 86	 86	 86	 86	 86	 86	 86	 86	 86	 86	 86	 86	 86	
1438	 2829	 2829	 2829	 2829	 2829	 2829	 86	 86	 86	 86	 86	 86	 86	 86	 86	 86	 86	 86	 86	 86	 86	 86	 86	 86	 86	 86	 86	 86	 86	 86	 86	 86	 86	 86	 86	 86	 86	 86	 86	 86	 86	 86	 86	 86	 86	 86	 86	 86	 86	
1975	 1975	 1975	 86	 86	 86	 86	 86	 86	 86	 86	 86	 86	 86	 86	 86	 86	 86	 86	 86	 86	 86	 86	 86	 86	 86	 86	 86	 86	 86	 86	 86	 86	 86	 86	 86	 86	 86	 86	 86	 86	 86	 86	 86	 86	 86	 86	 86	 86	 86	
1200	 1200	 1200	 2182	 2182	 2182	 2182	 3095	 1591	 1591	 1591	 1560	 1560	 1560	 1560	 1560	 1560	 1560	 1560	 1560	 1560	 1560	 1560	 1560	 1560	 1560	 1560	 1560	 1560	 1560	 1560	 1560	 1560	 1560	 1560	 1560	 1560	 1560	 1560	 1560	 1560	 1560	 1560	 1560	 1560	 1560	 1560	 1560	 1560	 1560	
2776	 2776	 117	 117	 86	 86	 86	 86	 86	 86	 86	 86	 86	 86	 86	 86	 86	 86	 86	 86	 86	 86	 86	 86	 86	 86	 86	 86	 86	 86	 86	 86	 86	 86	 86	 86	 86	 86	 86	 86	 86	 86	 86	 86	 86	 86	 86	 86	 86	 86	
2895	 3105	 3105	 1602	 1602	 1602	 1602	 1602	 1602	 1602	 89	 1560	 1560	 1560	 1560	 1560	 1560	 1560	 1560	 1560	 1560	 1560	 1560	 1560	 1560	 1560	 1560	 1560	 1560	 1560	 1560	 1560	 1560	 1560	 1560	 1560	 1560	 1560	 1560	 1560	 1560	 1560	 1560	 1560	 1560	 1560	 1560	 1560	 1560	 1560	
2684	 2684	 88	 88	 88	 88	 189	 189	 189	 189	 86	 86	 86	 86	 86	 86	 86	 86	 86	 86	 86	 86	 86	 86	 86	 86	 86	 86	 86	 86	 86	 86	 86	 86	 86	 86	 86	 86	 86	 86	 86	 86	 86	 86	 86	 86	 86	 86	 86	 86	
2120	 3431	 3431	 2403	 2403	 2403	 86	 86	 86	 86	 86	 86	 86	 86	 86	 86	 86	 86	 86	 86	 86	 86	 86	 86	 86	 86	 86	 86	 86	 86	 86	 86	 86	 86	 86	 86	 86	 86	 86	 86	 86	 86	 86	 86	 86	 86	 86	 86	 86	 86	
370	 1901	 1901	 1901	 1901	 2502	 1560	 1560	 1560	 1560	 1560	 1560	 1560	 1560	 1560	 1560	 1560	 1560	 1560	 1560	 1560	 1560	 1560	 1560	 1560	 1560	 1560	 1560	 1560	 1560	 1560	 1560	 1560	 1560	 1560	 1560	 1560	 1560	 1560	 1560	 1560	 1560	 1560	 1560	 1560	 1560	 1560	 1560	 1560	 1560	
1599	 1599	 1906	 689	 86	 86	 86	 86	 86	 86	 86	 86	 86	 86	 86	 86	 86	 86	 86	 86	 86	 86	 86	 86	 86	 86	 86	 86	 86	 86	 86	 86	 86	 86	 86	 86	 86	 86	 86	 86	 86	 86	 86	 86	 86	 86	 86	 86	 86	 86	
1445	 1445	 1445	 2769	 2769	 2769	 2769	 3539	 86	 86	 86	 86	 86	 86	 86	 86	 86	 86	 86	 86	 86	 86	 86	 86	 86	 86	 86	 86	 86	 86	 86	 86	 86	 86	 86	 86	 86	 86	 86	 86	 86	 86	 86	 86	 86	 86	 86	 86	 86	 86	
2529	 1778	 1778	 1778	 1560	 1560	 1560	 1560	 1560	 1560	 1560	 1560	 1560	 1560	 1560	 1560	 1560	 1560	 1560	 1560	 1560	 1560	 1560	 1560	 1560	 1560	 1560	 1560	 1560	 1560	 1560	 1560	 1560	 1560	 1560	 1560	 1560	 1560	 1560	 1560	 1560	 1560	 1560	 1560	 1560	 1560	 1560	 1560	 1560	 1560	
2341	 2341	 2341	 509	 509	 509	 509	 2377	 2377	 2377	 1560	 1560	 1560	 1560	 1560	 1560	 1560	 1560	 1560	 1560	 1560	 1560	 1560	 1560	 1560	 1560	 1560	 1560	 1560	 1560	 1560	 1560	 1560	 1560	 1560	 1560	 1560	 1560	 1560	 1560	 1560	 1560	 1560	 1560	 1560	 1560	 1560	 1560	 1560	 1560	
603	 603	 603	 603	 603	 603	 603	 603	 497	 1560	 1560	 1560	 1560	 1560	 1560	 1560	 1560	 1560	 1560	 1560	 1560	 1560	 1560	 1560	 1560	 1560	 1560	 1560	 1560	 1560	 1560	 1560	 1560	 1560	 1560	 1560	 1560	 1560	 1560	 1560	 1560	 1560	 1560	 1560	 1560	 1560	 1560	 1560	 1560	 1560	
1532	 1532	 1532	 1532	 2689	 2445	 1334	 1334	 986	 986	 86	 86	 86	 86	 86	 86	 86	 86	 86	 86	 86	 86	 86	 86	 86	 86	 86	 86	 86	 86	 86	 86	 86	 86	 86	 86	 86	 86	 86	 86	 86	 86	 86	 86	 86	 86	 86	 86	 86	 86	
356	 878	 878	 293	 293	 1560	 1560	 1560	 1560	 1560	 1560	 1560	 1560	 1560	 1560	 1560	 1560	 1560	 1560	 1560	 1560	 1560	 1560	 1560	 1560	 1560	 1560	 1560	 1560	 1560	 1560	 1560	 1560	 1560	 1560	 1560	 1560	 1560	 1560	 1560	 1560	 1560	 1560	 1560	 1560	 1560	 1560	 1560	 1560	 1560	
1656	 3150	 3150	 3150	 3150	 3150	 3150	 3150	 3150	 3150	 3150	 3150	 86	 86	 86	 86	 86	 86	 86	 86	 86	 86	 86	 86	 86	 86	 86	 86	 86	 86	 86	 86	 86	 86	 86	 86	 86	 86	 86	 86	 86	 86	 86	 86	 86	 86	 86	 86	 86	 86	
1774	 1774	 1774	 3259	 3259	 1939	 1939	 1939	 1939	 1560	 1560	 1560	 1560	 1560	 1560	 1560	 1560	 1560	 1560	 1560	 1560	 1560	 1560	 1560	 1560	 1560	 1560	 1560	 1560	 1560	 1560	 1560	 1560	 1560	 1560	 1560	 1560	 1560	 1560	 1560	 1560	 1560	 1560	 1560	 1560	 1560	 1560	 1560	 1560	 1560	
1174	 1174	 2222	 2222	 2222	 1946	 1946	 189	 86	 86	 86	 86	 86	 86	 86	 86	 86	 86	 86	 86	 86	 86	 86	 86	 86	 86	 86	 86	 86	 86	 86	 86	 86	 86	 86	 86	 86	 86	 86	 86	 86	 86	 86	 86	 86	 86	 86	 86	 86	 86	
68	 178	 178	 178	 178	 86	 86	 86	 86	 86	 86	 86	 86	 86	 86	 86	 86	 86	 86	 86	 86	 86	 86	 86	 86	 86	 86	 86	 86	 86	 86	 86	 86	 86	 86	 86	 86	 86	 86	 86	 86	 86	 86	 86	 86	 86	 86	 86	 86	 86	
2036	 2036	 2036	 2036	 86	 86	 86	 86	 86	 86	 86	 86	 86	 86	 86	 86	 86	 86	 86	 86	 86	 86	 86	 86	 86	 86	 86	 86	 86	 86	 86	 86	 86	 86	 86	 86	 86	 86	 86	 86	 86	 86	 86	 86	 86	 86	 86	 86	 86	 86	
292	 292	 292	 292	 570	 86	 86	 86	 86	 86	 86	 86	 86	 86	 86	 86	 86	 86	 86	 86	 86	 86	 86	 86	 86	 86	 86	 86	 86	 86	 86	 86	 86	 86	 86	 86	 86	 86	 86	 86	 86	 86	 86	 86	 86	 86	 86	 86	 86	 86	
18	 18	 1030	 1030	 1030	 1030	 1560	 1560	 1560	 1560	 1560	 1560	 1560	 1560	 1560	 1560	 1560	 1560	 1560	 1560	 1560	 1560	 1560	 1560	 1560	 1560	 1560	 1560	 1560	 1560	 1560	 1560	 1560	 1560	 1560	 1560	 1560	 1560	 1560	 1560	 1560	 1560	 1560	 1560	 1560	 1560	 1560	 1560	 1560	 1560	
1746	 1031	 1031	 42	 42	 42	 2916	 2916	 86	 86	 86	 86	 86	 86	 86	 86	 86	 86	 86	 86	 86	 86	 86	 86	 86	 86	 86	 86	 86	 86	 86	 86	 86	 86	 86	 86	 86	 86	 86	 86	 86	 86	 86	 86	 86	 86	 86	 86	 86	 86	
3450	 1653	 1063	 1063	 1063	 1063	 1063	 1936	 1560	 1560	 1560	 1560	 1560	 1560	 1560	 1560	 1560	 1560	 1560	 1560	 1560	 1560	 1560	 1560	 1560	 1560	 1560	 1560	 1560	 1560	 1560	 1560	 1560	 1560	 1560	 1560	 1560	 1560	 1560	 1560	 1560	 1560	 1560	 1560	 1560	 1560	 1560	 1560	 1560	 1560	
1233	 1233	 1233	 1939	 1939	 1939	 1939	 1939	 1939	 1560	 1560	 1560	 1560	 1560	 1560	 1560	 1560	 1560	 1560	 1560	 1560	 1560	 1560	 1560	 1560	 1560	 1560	 1560	 1560	 1560	 1560	 1560	 1560	 1560	 1560	 1560	 1560	 1560	 1560	 1560	 1560	 1560	 1560	 1560	 1560	 1560	 1560	 1560	 1560	 1560	
651	 651	 651	 651	 651	 3359	 3359	 3359	 1560	 1560	 1560	 1560	 1560	 1560	 1560	 1560	 1560	 1560	 1560	 1560	 1560	 1560	 1560	 1560	 1560	 1560	 1560	 1560	 1560	 1560	 1560	 1560	 1560	 1560	 1560	 1560	 1560	 1560	 1560	 1560	 1560	 1560	 1560	 1560	 1560	 1560	 1560	 1560	 1560	 1560	
1064	 872	 872	 2432	 2432	 2432	 2432	 2432	 2432	 189	 189	 189	 86	 86	 86	 86	 86	 86	 86	 86	 86	 86	 86	 86	 86	 86	 86	 86	 86	 86	 86	 86	 86	 86	 86	 86	 86	 86	 86	 86	 86	 86	 86	 86	 86	 86	 86	 86	 86	 86	
837	 1156	 1156	 1156	 1156	 726	 86	 86	 86	 86	 86	 86	 86	 86	 86	 86	 86	 86	 86	 86	 86	 86	 86	 86	 86	 86	 86	 86	 86	 86	 86	 86	 86	 86	 86	 86	 86	 86	 86	 86	 86	 86	 86	 86	 86	 86	 86	 86	 86	 86	
1978	 2402	 2402	 2402	 2402	 3659	 3659	 3659	 3659	 3659	 3659	 3659	 3659	 3659	 3659	 3659	 836	 836	 836	 836	 189	 189	 189	 86	 86	 86	 86	 86	 86	 86	 86	 86	 86	 86	 86	 86	 86	 86	 86	 86	 86	 86	 86	 86	 86	 86	 86	 86	 86	 86	
2686	 2686	 2686	 1972	 3222	 86	 86	 86	 86	 86	 86	 86	 86	 86	 86	 86	 86	 86	 86	 86	 86	 86	 86	 86	 86	 86	 86	 86	 86	 86	 86	 86	 86	 86	 86	 86	 86	 86	 86	 86	 86	 86	 86	 86	 86	 86	 86	 86	 86	 86	
738	 394	 394	 394	 86	 86	 86	 86	 86	 86	 86	 86	 86	 86	 86	 86	 86	 86	 86	 86	 86	 86	 86	 86	 86	 86	 86	 86	 86	 86	 86	 86	 86	 86	 86	 86	 86	 86	 86	 86	 86	 86	 86	 86	 86	 86	 86	 86	 86	 86	
2517	 2517	 3377	 3377	 3377	 86	 86	 86	 86	 86	 86	 86	 86	 86	 86	 86	 86	 86	 86	 86	 86	 86	 86	 86	 86	 86	 86	 86	 86	 86	 86	 86	 86	 86	 86	 86	 86	 86	 86	 86	 86	 86	 86	 86	 86	 86	 86	 86	 86	 86	
1518	 2066	 2066	 2066	 2066	 86	 86	 86	 86	 86	 86	 86	 86	 86	 86	 86	 86	 86	 86	 86	 86	 86	 86	 86	 86	 86	 86	 86	 86	 86	 86	 86	 86	 86	 86	 86	 86	 86	 86	 86	 86	 86	 86	 86	 86	 86	 86	 86	 86	 86	
2952	 2506	 2506	 2506	 2506	 2127	 2127	 2127	 2127	 2127	 2221	 2221	 86	 86	 86	 86	 86	 86	 86	 86	 86	 86	 86	 86	 86	 86	 86	 86	 86	 86	 86	 86	 86	 86	 86	 86	 86	 86	 86	 86	 86	 86	 86	 86	 86	 86	 86	 86	 86	 86	
2437	 2437	 2437	 2437	 2437	 2437	 2437	 2437	 2437	 1560	 1560	 1560	 1560	 1560	 1560	 1560	 1560	 1560	 1560	 1560	 1560	 1560	 1560	 1560	 1560	 1560	 1560	 1560	 1560	 1560	 1560	 1560	 1560	 1560	 1560	 1560	 1560	 1560	 1560	 1560	 1560	 1560	 1560	 1560	 1560	 1560	 1560	 1560	 1560	 1560	
1766	 1766	 1766	 1766	 2743	 2743	 1161	 86	 86	 86	 86	 86	 86	 86	 86	 86	 86	 86	 86	 86	 86	 86	 86	 86	 86	 86	 86	 86	 86	 86	 86	 86	 86	 86	 86	 86	 86	 86	 86	 86	 86	 86	 86	 86	 86	 86	 86	 86	 86	 86	
149	 2694	 852	 852	 852	 852	 852	 86	 86	 86	 86	 86	 86	 86	 86	 86	 86	 86	 86	 86	 86	 86	 86	 86	 86	 86	 86	 86	 86	 86	 86	 86	 86	 86	 86	 86	 86	 86	 86	 86	 86	 86	 86	 86	 86	 86	 86	 86	 86	 86	
1671	 1038	 1038	 1038	 86	 86	 86	 86	 86	 86	 86	 86	 86	 86	 86	 86	 86	 86	 86	 86	 86	 86	 86	 86	 86	 86	 86	 86	 86	 86	 86	 86	 86	 86	 86	 86	 86	 86	 86	 86	 86	 86	 86	 86	 86	 86	 86	 86	 86	 86	
2312	 1531	 448	 448	 1946	 1946	 1163	 86	 86	 86	 86	 86	 86	 86	 86	 86	 86	 86	 86	 86	 86	 86	 86	 86	 86	 86	 86	 86	 86	 86	 86	 86	 86	 86	 86	 86	 86	 86	 86	 86	 86	 86	 86	 86	 86	 86	 86	 86	 86	 86	
2379	 2379	 3537	 236	 236	 2260	 2260	 2260	 2260	 2260	 2260	 1560	 1560	 1560	 1560	 1560	 1560	 1560	 1560	 1560	 1560	 1560	 1560	 1560	 1560	 1560	 1560	 1560	 1560	 1560	 1560	 1560	 1560	 1560	 1560	 1560	 1560	 1560	 1560	 1560	 1560	 1560	 1560	 1560	 1560	 1560	 1560	 1560	 1560	 1560	
3486	 3486	 3486	 3486	 907	 907	 907	 3404	 1560	 1560	 1560	 1560	 1560	 1560	 1560	 1560	 1560	 1560	 1560	 1560	 1560	 1560	 1560	 1560	 1560	 1560	 1560	 1560	 1560	 1560	 1560	 1560	 1560	 1560	 1560	 1560	 1560	 1560	 1560	 1560	 1560	 1560	 1560	 1560	 1560	 1560	 1560	 1560	 1560	 1560	
2082	 2082	 1381	 862	 1370	 1370	 1825	 1591	 1591	 1591	 1591	 1591	 1591	 1591	 1591	 1560	 1560	 1560	 1560	 1560	 1560	 1560	 1560	 1560	 1560	 1560	 1560	 1560	 1560	 1560	 1560	 1560	 1560	 1560	 1560	 1560	 1560	 1560	 1560	 1560	 1560	 1560	 1560	 1560	 1560	 1560	 1560	 1560	 1560	 1560	
2933	 120	 120	 120	 2849	 975	 975	 201	 86	 86	 86	 86	 86	 86	 86	 86	 86	 86	 86	 86	 86	 86	 86	 86	 86	 86	 86	 86	 86	 86	 86	 86	 86	 86	 86	 86	 86	 86	 86	 86	 86	 86	 86	 86	 86	 86	 86	 86	 86	 86	
2430	 2430	 2430	 2430	 2989	 2989	 2989	 1560	 1560	 1560	 1560	 1560	 1560	 1560	 1560	 1560	 1560	 1560	 1560	 1560	 1560	 1560	 1560	 1560	 1560	 1560	 1560	 1560	 1560	 1560	 1560	 1560	 1560	 1560	 1560	 1560	 1560	 1560	 1560	 1560	 1560	 1560	 1560	 1560	 1560	 1560	 1560	 1560	 1560	 1560	
155	 155	 155	 1294	 1294	 1294	 1156	 1156	 86	 86	 86	 86	 86	 86	 86	 86	 86	 86	 86	 86	 86	 86	 86	 86	 86	 86	 86	 86	 86	 86	 86	 86	 86	 86	 86	 86	 86	 86	 86	 86	 86	 86	 86	 86	 86	 86	 86	 86	 86	 86	
2173	 2173	 2766	 2766	 2766	 3116	 3116	 3116	 3116	 86	 86	 86	 86	 86	 86	 86	 86	 86	 86	 86	 86	 86	 86	 86	 86	 86	 86	 86	 86	 86	 86	 86	 86	 86	 86	 86	 86	 86	 86	 86	 86	 86	 86	 86	 86	 86	 86	 86	 86	 86	
171	 171	 97	 97	 97	 2182	 2073	 2073	 86	 86	 86	 86	 86	 86	 86	 86	 86	 86	 86	 86	 86	 86	 86	 86	 86	 86	 86	 86	 86	 86	 86	 86	 86	 86	 86	 86	 86	 86	 86	 86	 86	 86	 86	 86	 86	 86	 86	 86	 86	 86	
3307	 3307	 3307	 86	 86	 86	 86	 86	 86	 86	 86	 86	 86	 86	 86	 86	 86	 86	 86	 86	 86	 86	 86	 86	 86	 86	 86	 86	 86	 86	 86	 86	 86	 86	 86	 86	 86	 86	 86	 86	 86	 86	 86	 86	 86	 86	 86	 86	 86	 86	
1565	 2203	 2203	 2203	 3555	 3555	 3555	 2771	 86	 86	 86	 86	 86	 86	 86	 86	 86	 86	 86	 86	 86	 86	 86	 86	 86	 86	 86	 86	 86	 86	 86	 86	 86	 86	 86	 86	 86	 86	 86	 86	 86	 86	 86	 86	 86	 86	 86	 86	 86	 86	
3215	 3215	 1481	 1481	 1481	 189	 189	 189	 189	 189	 86	 86	 86	 86	 86	 86	 86	 86	 86	 86	 86	 86	 86	 86	 86	 86	 86	 86	 86	 86	 86	 86	 86	 86	 86	 86	 86	 86	 86	 86	 86	 86	 86	 86	 86	 86	 86	 86	 86	 86	
2418	 2418	 2418	 2418	 2418	 2418	 2418	 2418	 2418	 86	 86	 86	 86	 86	 86	 86	 86	 86	 86	 86	 86	 86	 86	 86	 86	 86	 86	 86	 86	 86	 86	 86	 86	 86	 86	 86	 86	 86	 86	 86	 86	 86	 86	 86	 86	 86	 86	 86	 86	 86	
3192	 3192	 3192	 3578	 179	 86	 86	 86	 86	 86	 86	 86	 86	 86	 86	 86	 86	 86	 86	 86	 86	 86	 86	 86	 86	 86	 86	 86	 86	 86	 86	 86	 86	 86	 86	 86	 86	 86	 86	 86	 86	 86	 86	 86	 86	 86	 86	 86	 86	 86	
2890	 3028	 2683	 2683	 2683	 2683	 86	 86	 86	 86	 86	 86	 86	 86	 86	 86	 86	 86	 86	 86	 86	 86	 86	 86	 86	 86	 86	 86	 86	 86	 86	 86	 86	 86	 86	 86	 86	 86	 86	 86	 86	 86	 86	 86	 86	 86	 86	 86	 86	 86	
3557	 3557	 3557	 3557	 3557	 3248	 86	 86	 86	 86	 86	 86	 86	 86	 86	 86	 86	 86	 86	 86	 86	 86	 86	 86	 86	 86	 86	 86	 86	 86	 86	 86	 86	 86	 86	 86	 86	 86	 86	 86	 86	 86	 86	 86	 86	 86	 86	 86	 86	 86	
728	 728	 2208	 2208	 2208	 2208	 88	 88	 189	 189	 189	 86	 86	 86	 86	 86	 86	 86	 86	 86	 86	 86	 86	 86	 86	 86	 86	 86	 86	 86	 86	 86	 86	 86	 86	 86	 86	 86	 86	 86	 86	 86	 86	 86	 86	 86	 86	 86	 86	 86	
735	 735	 735	 544	 544	 544	 1939	 1939	 1939	 1939	 1560	 1560	 1560	 1560	 1560	 1560	 1560	 1560	 1560	 1560	 1560	 1560	 1560	 1560	 1560	 1560	 1560	 1560	 1560	 1560	 1560	 1560	 1560	 1560	 1560	 1560	 1560	 1560	 1560	 1560	 1560	 1560	 1560	 1560	 1560	 1560	 1560	 1560	 1560	 1560	
3210	 56	 56	 3150	 3150	 3150	 3150	 86	 86	 86	 86	 86	 86	 86	 86	 86	 86	 86	 86	 86	 86	 86	 86	 86	 86	 86	 86	 86	 86	 86	 86	 86	 86	 86	 86	 86	 86	 86	 86	 86	 86	 86	 86	 86	 86	 86	 86	 86	 86	 86	
370	 370	 370	 370	 3504	 726	 86	 86	 86	 86	 86	 86	 86	 86	 86	 86	 86	 86	 86	 86	 86	 86	 86	 86	 86	 86	 86	 86	 86	 86	 86	 86	 86	 86	 86	 86	 86	 86	 86	 86	 86	 86	 86	 86	 86	 86	 86	 86	 86	 86	
589	 874	 874	 874	 874	 874	 874	 2981	 2981	 2981	 2981	 986	 986	 986	 86	 86	 86	 86	 86	 86	 86	 86	 86	 86	 86	 86	 86	 86	 86	 86	 86	 86	 86	 86	 86	 86	 86	 86	 86	 86	 86	 86	 86	 86	 86	 86	 86	 86	 86	 86	
2630	 2630	 2023	 2023	 2023	 2023	 1611	 1611	 1611	 1611	 557	 557	 2221	 86	 86	 86	 86	 86	 86	 86	 86	 86	 86	 86	 86	 86	 86	 86	 86	 86	 86	 86	 86	 86	 86	 86	 86	 86	 86	 86	 86	 86	 86	 86	 86	 86	 86	 86	 86	 86	
2362	 2362	 2362	 2362	 2413	 86	 86	 86	 86	 86	 86	 86	 86	 86	 86	 86	 86	 86	 86	 86	 86	 86	 86	 86	 86	 86	 86	 86	 86	 86	 86	 86	 86	 86	 86	 86	 86	 86	 86	 86	 86	 86	 86	 86	 86	 86	 86	 86	 86	 86	
2479	 2479	 2479	 2479	 2479	 2479	 2479	 86	 86	 86	 86	 86	 86	 86	 86	 86	 86	 86	 86	 86	 86	 86	 86	 86	 86	 86	 86	 86	 86	 86	 86	 86	 86	 86	 86	 86	 86	 86	 86	 86	 86	 86	 86	 86	 86	 86	 86	 86	 86	 86	
1968	 1968	 1968	 1968	 110	 110	 86	 86	 86	 86	 86	 86	 86	 86	 86	 86	 86	 86	 86	 86	 86	 86	 86	 86	 86	 86	 86	 86	 86	 86	 86	 86	 86	 86	 86	 86	 86	 86	 86	 86	 86	 86	 86	 86	 86	 86	 86	 86	 86	 86	
2990	 2021	 2021	 2021	 2589	 86	 86	 86	 86	 86	 86	 86	 86	 86	 86	 86	 86	 86	 86	 86	 86	 86	 86	 86	 86	 86	 86	 86	 86	 86	 86	 86	 86	 86	 86	 86	 86	 86	 86	 86	 86	 86	 86	 86	 86	 86	 86	 86	 86	 86	
2025	 2131	 2131	 2131	 1793	 1793	 1793	 1793	 86	 86	 86	 86	 86	 86	 86	 86	 86	 86	 86	 86	 86	 86	 86	 86	 86	 86	 86	 86	 86	 86	 86	 86	 86	 86	 86	 86	 86	 86	 86	 86	 86	 86	 86	 86	 86	 86	 86	 86	 86	 86	
3639	 3639	 3639	 3639	 3639	 3639	 3639	 3639	 86	 86	 86	 86	 86	 86	 86	 86	 86	 86	 86	 86	 86	 86	 86	 86	 86	 86	 86	 86	 86	 86	 86	 86	 86	 86	 86	 86	 86	 86	 86	 86	 86	 86	 86	 86	 86	 86	 86	 86	 86	 86	
2247	 2247	 2247	 2247	 2247	 86	 86	 86	 86	 86	 86	 86	 86	 86	 86	 86	 86	 86	 86	 86	 86	 86	 86	 86	 86	 86	 86	 86	 86	 86	 86	 86	 86	 86	 86	 86	 86	 86	 86	 86	 86	 86	 86	 86	 86	 86	 86	 86	 86	 86	
865	 674	 674	 674	 1156	 86	 86	 86	 86	 86	 86	 86	 86	 86	 86	 86	 86	 86	 86	 86	 86	 86	 86	 86	 86	 86	 86	 86	 86	 86	 86	 86	 86	 86	 86	 86	 86	 86	 86	 86	 86	 86	 86	 86	 86	 86	 86	 86	 86	 86	
2843	 1096	 1096	 1096	 1096	 1096	 2843	 2843	 86	 86	 86	 86	 86	 86	 86	 86	 86	 86	 86	 86	 86	 86	 86	 86	 86	 86	 86	 86	 86	 86	 86	 86	 86	 86	 86	 86	 86	 86	 86	 86	 86	 86	 86	 86	 86	 86	 86	 86	 86	 86	
1134	 1134	 1134	 3024	 3024	 3073	 3073	 3073	 1591	 1591	 1591	 1591	 1591	 1591	 1591	 1591	 1560	 1560	 1560	 1560	 1560	 1560	 1560	 1560	 1560	 1560	 1560	 1560	 1560	 1560	 1560	 1560	 1560	 1560	 1560	 1560	 1560	 1560	 1560	 1560	 1560	 1560	 1560	 1560	 1560	 1560	 1560	 1560	 1560	 1560	
1928	 3520	 3520	 3520	 3520	 3520	 1560	 1560	 1560	 1560	 1560	 1560	 1560	 1560	 1560	 1560	 1560	 1560	 1560	 1560	 1560	 1560	 1560	 1560	 1560	 1560	 1560	 1560	 1560	 1560	 1560	 1560	 1560	 1560	 1560	 1560	 1560	 1560	 1560	 1560	 1560	 1560	 1560	 1560	 1560	 1560	 1560	 1560	 1560	 1560	
3079	 3079	 3079	 189	 86	 86	 86	 86	 86	 86	 86	 86	 86	 86	 86	 86	 86	 86	 86	 86	 86	 86	 86	 86	 86	 86	 86	 86	 86	 86	 86	 86	 86	 86	 86	 86	 86	 86	 86	 86	 86	 86	 86	 86	 86	 86	 86	 86	 86	 86	
3141	 983	 983	 983	 983	 983	 983	 983	 983	 476	 476	 1560	 1560	 1560	 1560	 1560	 1560	 1560	 1560	 1560	 1560	 1560	 1560	 1560	 1560	 1560	 1560	 1560	 1560	 1560	 1560	 1560	 1560	 1560	 1560	 1560	 1560	 1560	 1560	 1560	 1560	 1560	 1560	 1560	 1560	 1560	 1560	 1560	 1560	 1560	
731	 731	 731	 731	 1560	 1560	 1560	 1560	 1560	 1560	 1560	 1560	 1560	 1560	 1560	 1560	 1560	 1560	 1560	 1560	 1560	 1560	 1560	 1560	 1560	 1560	 1560	 1560	 1560	 1560	 1560	 1560	 1560	 1560	 1560	 1560	 1560	 1560	 1560	 1560	 1560	 1560	 1560	 1560	 1560	 1560	 1560	 1560	 1560	 1560	
2752	 3385	 3385	 3385	 227	 227	 227	 227	 227	 227	 227	 1560	 1560	 1560	 1560	 1560	 1560	 1560	 1560	 1560	 1560	 1560	 1560	 1560	 1560	 1560	 1560	 1560	 1560	 1560	 1560	 1560	 1560	 1560	 1560	 1560	 1560	 1560	 1560	 1560	 1560	 1560	 1560	 1560	 1560	 1560	 1560	 1560	 1560	 1560	
2956	 1459	 1459	 1459	 1459	 1073	 1073	 1073	 1073	 1073	 1073	 1073	 1073	 1560	 1560	 1560	 1560	 1560	 1560	 1560	 1560	 1560	 1560	 1560	 1560	 1560	 1560	 1560	 1560	 1560	 1560	 1560	 1560	 1560	 1560	 1560	 1560	 1560	 1560	 1560	 1560	 1560	 1560	 1560	 1560	 1560	 1560	 1560	 1560	 1560	
233	 233	 986	 986	 986	 986	 86	 86	 86	 86	 86	 86	 86	 86	 86	 86	 86	 86	 86	 86	 86	 86	 86	 86	 86	 86	 86	 86	 86	 86	 86	 86	 86	 86	 86	 86	 86	 86	 86	 86	 86	 86	 86	 86	 86	 86	 86	 86	 86	 86	
2172	 2172	 2172	 2172	 2172	 2172	 2172	 3174	 3174	 1560	 1560	 1560	 1560	 1560	 1560	 1560	 1560	 1560	 1560	 1560	 1560	 1560	 1560	 1560	 1560	 1560	 1560	 1560	 1560	 1560	 1560	 1560	 1560	 1560	 1560	 1560	 1560	 1560	 1560	 1560	 1560	 1560	 1560	 1560	 1560	 1560	 1560	 1560	 1560	 1560	
3259	 2416	 2416	 2416	 3523	 3523	 3523	 86	 86	 86	 86	 86	 86	 86	 86	 86	 86	 86	 86	 86	 86	 86	 86	 86	 86	 86	 86	 86	 86	 86	 86	 86	 86	 86	 86	 86	 86	 86	 86	 86	 86	 86	 86	 86	 86	 86	 86	 86	 86	 86	
177	 2061	 2968	 2968	 2968	 2968	 86	 86	 86	 86	 86	 86	 86	 86	 86	 86	 86	 86	 86	 86	 86	 86	 86	 86	 86	 86	 86	 86	 86	 86	 86	 86	 86	 86	 86	 86	 86	 86	 86	 86	 86	 86	 86	 86	 86	 86	 86	 86	 86	 86	
2903	 2903	 2903	 2903	 2903	 871	 871	 1939	 1939	 1939	 1939	 1560	 1560	 1560	 1560	 1560	 1560	 1560	 1560	 1560	 1560	 1560	 1560	 1560	 1560	 1560	 1560	 1560	 1560	 1560	 1560	 1560	 1560	 1560	 1560	 1560	 1560	 1560	 1560	 1560	 1560	 1560	 1560	 1560	 1560	 1560	 1560	 1560	 1560	 1560	
2125	 2125	 2125	 1345	 3027	 3027	 1560	 1560	 1560	 1560	 1560	 1560	 1560	 1560	 1560	 1560	 1560	 1560	 1560	 1560	 1560	 1560	 1560	 1560	 1560	 1560	 1560	 1560	 1560	 1560	 1560	 1560	 1560	 1560	 1560	 1560	 1560	 1560	 1560	 1560	 1560	 1560	 1560	 1560	 1560	 1560	 1560	 1560	 1560	 1560	
725	 725	 1668	 1668	 1668	 1668	 1799	 1799	 2529	 1560	 1560	 1560	 1560	 1560	 1560	 1560	 1560	 1560	 1560	 1560	 1560	 1560	 1560	 1560	 1560	 1560	 1560	 1560	 1560	 1560	 1560	 1560	 1560	 1560	 1560	 1560	 1560	 1560	 1560	 1560	 1560	 1560	 1560	 1560	 1560	 1560	 1560	 1560	 1560	 1560	
3591	 3193	 3193	 35	 1560	 1560	 1560	 1560	 1560	 1560	 1560	 1560	 1560	 1560	 1560	 1560	 1560	 1560	 1560	 1560	 1560	 1560	 1560	 1560	 1560	 1560	 1560	 1560	 1560	 1560	 1560	 1560	 1560	 1560	 1560	 1560	 1560	 1560	 1560	 1560	 1560	 1560	 1560	 1560	 1560	 1560	 1560	 1560	 1560	 1560	
3578	 3578	 2992	 2992	 3530	 3530	 3530	 3530	 3530	 3530	 3530	 86	 86	 86	 86	 86	 86	 86	 86	 86	 86	 86	 86	 86	 86	 86	 86	 86	 86	 86	 86	 86	 86	 86	 86	 86	 86	 86	 86	 86	 86	 86	 86	 86	 86	 86	 86	 86	 86	 86	
3339	 3339	 3035	 3035	 3035	 3035	 86	 86	 86	 86	 86	 86	 86	 86	 86	 86	 86	 86	 86	 86	 86	 86	 86	 86	 86	 86	 86	 86	 86	 86	 86	 86	 86	 86	 86	 86	 86	 86	 86	 86	 86	 86	 86	 86	 86	 86	 86	 86	 86	 86	
2404	 2404	 2404	 659	 659	 659	 659	 659	 189	 189	 189	 86	 86	 86	 86	 86	 86	 86	 86	 86	 86	 86	 86	 86	 86	 86	 86	 86	 86	 86	 86	 86	 86	 86	 86	 86	 86	 86	 86	 86	 86	 86	 86	 86	 86	 86	 86	 86	 86	 86	
2459	 1520	 576	 576	 86	 86	 86	 86	 86	 86	 86	 86	 86	 86	 86	 86	 86	 86	 86	 86	 86	 86	 86	 86	 86	 86	 86	 86	 86	 86	 86	 86	 86	 86	 86	 86	 86	 86	 86	 86	 86	 86	 86	 86	 86	 86	 86	 86	 86	 86	
37	 1498	 1498	 1498	 2734	 1560	 1560	 1560	 1560	 1560	 1560	 1560	 1560	 1560	 1560	 1560	 1560	 1560	 1560	 1560	 1560	 1560	 1560	 1560	 1560	 1560	 1560	 1560	 1560	 1560	 1560	 1560	 1560	 1560	 1560	 1560	 1560	 1560	 1560	 1560	 1560	 1560	 1560	 1560	 1560	 1560	 1560	 1560	 1560	 1560	
3587	 3587	 3587	 3587	 3587	 1744	 162	 1560	 1560	 1560	 1560	 1560	 1560	 1560	 1560	 1560	 1560	 1560	 1560	 1560	 1560	 1560	 1560	 1560	 1560	 1560	 1560	 1560	 1560	 1560	 1560	 1560	 1560	 1560	 1560	 1560	 1560	 1560	 1560	 1560	 1560	 1560	 1560	 1560	 1560	 1560	 1560	 1560	 1560	 1560	
2175	 2175	 2175	 433	 692	 892	 86	 86	 86	 86	 86	 86	 86	 86	 86	 86	 86	 86	 86	 86	 86	 86	 86	 86	 86	 86	 86	 86	 86	 86	 86	 86	 86	 86	 86	 86	 86	 86	 86	 86	 86	 86	 86	 86	 86	 86	 86	 86	 86	 86	
3524	 3524	 998	 998	 3534	 3534	 570	 570	 86	 86	 86	 86	 86	 86	 86	 86	 86	 86	 86	 86	 86	 86	 86	 86	 86	 86	 86	 86	 86	 86	 86	 86	 86	 86	 86	 86	 86	 86	 86	 86	 86	 86	 86	 86	 86	 86	 86	 86	 86	 86	
1766	 1766	 1766	 1766	 1766	 1766	 86	 86	 86	 86	 86	 86	 86	 86	 86	 86	 86	 86	 86	 86	 86	 86	 86	 86	 86	 86	 86	 86	 86	 86	 86	 86	 86	 86	 86	 86	 86	 86	 86	 86	 86	 86	 86	 86	 86	 86	 86	 86	 86	 86	
1088	 844	 2572	 2572	 2572	 189	 86	 86	 86	 86	 86	 86	 86	 86	 86	 86	 86	 86	 86	 86	 86	 86	 86	 86	 86	 86	 86	 86	 86	 86	 86	 86	 86	 86	 86	 86	 86	 86	 86	 86	 86	 86	 86	 86	 86	 86	 86	 86	 86	 86	
3073	 3073	 1747	 1747	 86	 86	 86	 86	 86	 86	 86	 86	 86	 86	 86	 86	 86	 86	 86	 86	 86	 86	 86	 86	 86	 86	 86	 86	 86	 86	 86	 86	 86	 86	 86	 86	 86	 86	 86	 86	 86	 86	 86	 86	 86	 86	 86	 86	 86	 86	
1335	 1335	 1335	 1335	 3639	 86	 86	 86	 86	 86	 86	 86	 86	 86	 86	 86	 86	 86	 86	 86	 86	 86	 86	 86	 86	 86	 86	 86	 86	 86	 86	 86	 86	 86	 86	 86	 86	 86	 86	 86	 86	 86	 86	 86	 86	 86	 86	 86	 86	 86	
2073	 2073	 2073	 86	 86	 86	 86	 86	 86	 86	 86	 86	 86	 86	 86	 86	 86	 86	 86	 86	 86	 86	 86	 86	 86	 86	 86	 86	 86	 86	 86	 86	 86	 86	 86	 86	 86	 86	 86	 86	 86	 86	 86	 86	 86	 86	 86	 86	 86	 86	
3638	 563	 1163	 1163	 86	 86	 86	 86	 86	 86	 86	 86	 86	 86	 86	 86	 86	 86	 86	 86	 86	 86	 86	 86	 86	 86	 86	 86	 86	 86	 86	 86	 86	 86	 86	 86	 86	 86	 86	 86	 86	 86	 86	 86	 86	 86	 86	 86	 86	 86	
160	 160	 160	 3490	 1321	 1321	 1321	 871	 871	 1560	 1560	 1560	 1560	 1560	 1560	 1560	 1560	 1560	 1560	 1560	 1560	 1560	 1560	 1560	 1560	 1560	 1560	 1560	 1560	 1560	 1560	 1560	 1560	 1560	 1560	 1560	 1560	 1560	 1560	 1560	 1560	 1560	 1560	 1560	 1560	 1560	 1560	 1560	 1560	 1560	
3261	 3261	 1698	 2198	 2198	 86	 86	 86	 86	 86	 86	 86	 86	 86	 86	 86	 86	 86	 86	 86	 86	 86	 86	 86	 86	 86	 86	 86	 86	 86	 86	 86	 86	 86	 86	 86	 86	 86	 86	 86	 86	 86	 86	 86	 86	 86	 86	 86	 86	 86	
557	 343	 343	 343	 343	 343	 343	 343	 343	 1560	 1560	 1560	 1560	 1560	 1560	 1560	 1560	 1560	 1560	 1560	 1560	 1560	 1560	 1560	 1560	 1560	 1560	 1560	 1560	 1560	 1560	 1560	 1560	 1560	 1560	 1560	 1560	 1560	 1560	 1560	 1560	 1560	 1560	 1560	 1560	 1560	 1560	 1560	 1560	 1560	
2305	 48	 1520	 1520	 1520	 1520	 726	 86	 86	 86	 86	 86	 86	 86	 86	 86	 86	 86	 86	 86	 86	 86	 86	 86	 86	 86	 86	 86	 86	 86	 86	 86	 86	 86	 86	 86	 86	 86	 86	 86	 86	 86	 86	 86	 86	 86	 86	 86	 86	 86	
465	 465	 465	 465	 86	 86	 86	 86	 86	 86	 86	 86	 86	 86	 86	 86	 86	 86	 86	 86	 86	 86	 86	 86	 86	 86	 86	 86	 86	 86	 86	 86	 86	 86	 86	 86	 86	 86	 86	 86	 86	 86	 86	 86	 86	 86	 86	 86	 86	 86	
73	 73	 73	 73	 73	 73	 73	 73	 2241	 86	 86	 86	 86	 86	 86	 86	 86	 86	 86	 86	 86	 86	 86	 86	 86	 86	 86	 86	 86	 86	 86	 86	 86	 86	 86	 86	 86	 86	 86	 86	 86	 86	 86	 86	 86	 86	 86	 86	 86	 86	
2938	 2938	 1645	 1645	 3518	 265	 265	 265	 265	 265	 1560	 1560	 1560	 1560	 1560	 1560	 1560	 1560	 1560	 1560	 1560	 1560	 1560	 1560	 1560	 1560	 1560	 1560	 1560	 1560	 1560	 1560	 1560	 1560	 1560	 1560	 1560	 1560	 1560	 1560	 1560	 1560	 1560	 1560	 1560	 1560	 1560	 1560	 1560	 1560	
1281	 1281	 2637	 2637	 213	 1560	 1560	 1560	 1560	 1560	 1560	 1560	 1560	 1560	 1560	 1560	 1560	 1560	 1560	 1560	 1560	 1560	 1560	 1560	 1560	 1560	 1560	 1560	 1560	 1560	 1560	 1560	 1560	 1560	 1560	 1560	 1560	 1560	 1560	 1560	 1560	 1560	 1560	 1560	 1560	 1560	 1560	 1560	 1560	 1560	
2172	 3064	 3064	 3064	 1560	 1560	 1560	 1560	 1560	 1560	 1560	 1560	 1560	 1560	 1560	 1560	 1560	 1560	 1560	 1560	 1560	 1560	 1560	 1560	 1560	 1560	 1560	 1560	 1560	 1560	 1560	 1560	 1560	 1560	 1560	 1560	 1560	 1560	 1560	 1560	 1560	 1560	 1560	 1560	 1560	 1560	 1560	 1560	 1560	 1560	
277	 185	 671	 671	 671	 671	 671	 671	 86	 86	 86	 86	 86	 86	 86	 86	 86	 86	 86	 86	 86	 86	 86	 86	 86	 86	 86	 86	 86	 86	 86	 86	 86	 86	 86	 86	 86	 86	 86	 86	 86	 86	 86	 86	 86	 86	 86	 86	 86	 86	
2544	 2411	 2411	 2544	 86	 86	 86	 86	 86	 86	 86	 86	 86	 86	 86	 86	 86	 86	 86	 86	 86	 86	 86	 86	 86	 86	 86	 86	 86	 86	 86	 86	 86	 86	 86	 86	 86	 86	 86	 86	 86	 86	 86	 86	 86	 86	 86	 86	 86	 86	
766	 2478	 2478	 2478	 2478	 2478	 2478	 2478	 3237	 3237	 86	 86	 86	 86	 86	 86	 86	 86	 86	 86	 86	 86	 86	 86	 86	 86	 86	 86	 86	 86	 86	 86	 86	 86	 86	 86	 86	 86	 86	 86	 86	 86	 86	 86	 86	 86	 86	 86	 86	 86	
2954	 16	 485	 911	 911	 911	 911	 911	 911	 911	 911	 911	 911	 911	 911	 911	 1560	 1560	 1560	 1560	 1560	 1560	 1560	 1560	 1560	 1560	 1560	 1560	 1560	 1560	 1560	 1560	 1560	 1560	 1560	 1560	 1560	 1560	 1560	 1560	 1560	 1560	 1560	 1560	 1560	 1560	 1560	 1560	 1560	 1560	
3099	 3099	 3099	 86	 86	 86	 86	 86	 86	 86	 86	 86	 86	 86	 86	 86	 86	 86	 86	 86	 86	 86	 86	 86	 86	 86	 86	 86	 86	 86	 86	 86	 86	 86	 86	 86	 86	 86	 86	 86	 86	 86	 86	 86	 86	 86	 86	 86	 86	 86	
2082	 1081	 1081	 1081	 1081	 1081	 1081	 1501	 1501	 1560	 1560	 1560	 1560	 1560	 1560	 1560	 1560	 1560	 1560	 1560	 1560	 1560	 1560	 1560	 1560	 1560	 1560	 1560	 1560	 1560	 1560	 1560	 1560	 1560	 1560	 1560	 1560	 1560	 1560	 1560	 1560	 1560	 1560	 1560	 1560	 1560	 1560	 1560	 1560	 1560	
1929	 1929	 1929	 1929	 1096	 1096	 3644	 1156	 86	 86	 86	 86	 86	 86	 86	 86	 86	 86	 86	 86	 86	 86	 86	 86	 86	 86	 86	 86	 86	 86	 86	 86	 86	 86	 86	 86	 86	 86	 86	 86	 86	 86	 86	 86	 86	 86	 86	 86	 86	 86	
2609	 1978	 1978	 1978	 1978	 1978	 1978	 1978	 1188	 1188	 86	 86	 86	 86	 86	 86	 86	 86	 86	 86	 86	 86	 86	 86	 86	 86	 86	 86	 86	 86	 86	 86	 86	 86	 86	 86	 86	 86	 86	 86	 86	 86	 86	 86	 86	 86	 86	 86	 86	 86	
415	 2200	 2200	 330	 330	 330	 86	 86	 86	 86	 86	 86	 86	 86	 86	 86	 86	 86	 86	 86	 86	 86	 86	 86	 86	 86	 86	 86	 86	 86	 86	 86	 86	 86	 86	 86	 86	 86	 86	 86	 86	 86	 86	 86	 86	 86	 86	 86	 86	 86	
596	 596	 2797	 2797	 2797	 2797	 2797	 2797	 2797	 1939	 1560	 1560	 1560	 1560	 1560	 1560	 1560	 1560	 1560	 1560	 1560	 1560	 1560	 1560	 1560	 1560	 1560	 1560	 1560	 1560	 1560	 1560	 1560	 1560	 1560	 1560	 1560	 1560	 1560	 1560	 1560	 1560	 1560	 1560	 1560	 1560	 1560	 1560	 1560	 1560	
1856	 1856	 3259	 3259	 2317	 2317	 2317	 3259	 3259	 3259	 3259	 3259	 3259	 3259	 3259	 3259	 3259	 3259	 1560	 1560	 1560	 1560	 1560	 1560	 1560	 1560	 1560	 1560	 1560	 1560	 1560	 1560	 1560	 1560	 1560	 1560	 1560	 1560	 1560	 1560	 1560	 1560	 1560	 1560	 1560	 1560	 1560	 1560	 1560	 1560	
2108	 1177	 1177	 3675	 3660	 3660	 3660	 3660	 1560	 1560	 1560	 1560	 1560	 1560	 1560	 1560	 1560	 1560	 1560	 1560	 1560	 1560	 1560	 1560	 1560	 1560	 1560	 1560	 1560	 1560	 1560	 1560	 1560	 1560	 1560	 1560	 1560	 1560	 1560	 1560	 1560	 1560	 1560	 1560	 1560	 1560	 1560	 1560	 1560	 1560	
967	 1922	 1922	 1922	 1050	 726	 86	 86	 86	 86	 86	 86	 86	 86	 86	 86	 86	 86	 86	 86	 86	 86	 86	 86	 86	 86	 86	 86	 86	 86	 86	 86	 86	 86	 86	 86	 86	 86	 86	 86	 86	 86	 86	 86	 86	 86	 86	 86	 86	 86	
759	 759	 1083	 1083	 1083	 1083	 86	 86	 86	 86	 86	 86	 86	 86	 86	 86	 86	 86	 86	 86	 86	 86	 86	 86	 86	 86	 86	 86	 86	 86	 86	 86	 86	 86	 86	 86	 86	 86	 86	 86	 86	 86	 86	 86	 86	 86	 86	 86	 86	 86	
